Timestamp;DateTime;T Generatorkuehlluft;T Gear Bearing Temperatur HS-ROT;T Wellenlager;Scheinleistung;U ac;I ac;Operation Mode;Turmauslenkung;Grid Production CosPhi (avg);Blindleistung;Spannung L1-N;Spannung L2-N;Spannung L3-N;Strom L1;Strom L2;Strom L3;Pitch Angle 1 (avg);Gondelumdrehung;Generatordrehzahl;DC Modules;Windabweichung 1 sek;Pitch Angle 2 (avg);Pitch Angle 3 (avg);Blattwinkel 1 (Soll);Blattwinkel 2 (Soll);Blattwinkel 3 (Soll);cos phi (Soll);n-Soll 1;n-Soll 2;Drehmoment;Drehmoment (Soll);Max. Operatingstate;Gondelbild;Windabweichung 10 sek;Schnelllaufzahl;Digital 1;Digital 2;Leistungsschalter Zuschaltungen;Triebstr.beschleunigung;Turmbeschleunigung;Anlagenzustand;Gear Bearing High Speed Shaft Generator Temperature (avg);Hydraulikvordruck;T.1(202);T.2(205);T.3(208);T.4(211);T.5(214);T.6(217);T.7(220);T.8(224);T.9(227);T.10(231);T.11(234);Int.Temp.;T.Sub1(202);T.Sub2(205);T.Sub3(208);T.Sub4(211);T.Sub5(214);T.Sub6(217);T.Sub7(220);T.Sub8(224);T.Sub9(227);T.Sub10(231);T.Sub11(234);Intern T.Sub;Windg. 1+2;T. SAMI;A.Ein(236);A.Ein(239);A.Ein(242);A.Ein(245);A.Aus(400);A.Aus(404);Netz Freq.;Grid voltage;Drehstromsteller Soll;Deviation Wind Direction To Nacelle Direction (avg);Leistungsmittelwert 5 Sek;Leistungsmittelwert 30 Sek;zugeschaltete Blindleistung;Leistungsklasse;Zustand Blatt;Anzahl Komp. Stufen;T Stator;Subtotal Energy Generator 1;Subtotal Energy Generator 2;Subtotal Production Time Generator 1;Subtotal Production Time Generator 2;Subtotal Availability Total Hours;Subtotal Availability Total Error;Subtotal Availability;Subtotal Wind Average;Subtotal Wind Maximum;Subtotal Availability Wind OK Hours;Subtotal Availability Braked Hours;Subtotal Availability External Error Hours;Subtotal Availability Grid Error Hours;Total Energy Generator 1;Total Energy Generator 2;Total Production Time Generator 1;Total Production Time Generator 2;Total Availability Total Hours;Total Availability Total Error;Total Availability;Total Wind Average;Total Wind Maximum;Total Availability Wind OK Hours;Total Availability Braked Hours;Total Availability External Error Hours;Total Availability Grid Error Hours;Blattwinkel;T Hydraulic Oil;T Gear Oil;T Generator Cooling Water;T Spin;Generator Slip Ring Top Temperature (avg);FreeForReuse;T Spin Slip Ring;High Voltage Trafo Phase 1 Temperature (avg);High Voltage Trafo Phase 2 Temperature (avg);High Voltage Trafo Phase 3 Temperature (avg);Event;Event Modul;Air Pressure;Niederschlag;Wingeschwindigkeit (Extern);Windrichtungsabweichung Max;Windrichtungsabweichung Min;Windrichtungsabweichung (Extern);Generatordrehzahl Max;Generatordrehzahl Min;Blindleistung Max;Blindleistung Min;Netzspannung Max;Netzspannung Min;Netzstrom;Netzstrom Max;Netzstrom Min;Statorstrom;Blattwinkel Durchschnitt;Blattwinkel Max;Blattwinkel Min;Leistung Bezug;Scheinleistung Bezug;Scheinleistung Bezug Max;Active Power Reference Value;Reactive Power Reference Value;Schwingungssensor 1 X Achse Max;Schwingungssensor 1 Y Achse Max;Schwingungssensor 2 X Achse Max;Schwingungssensor 2 Y Achse Max;Energie Produktion;Energie Bezug;Blindenergie Produktion;Blindenergie Bezug;Gondelposition Sensor;Statortemperatur L1;Statortemperatur L2;Statortemperatur L3;Blatt1 Motortemperatur;Blatt2 Motortemperatur;Blatt3 Motortemperatur;Umrichter (Generator zu Gleich) Temperatur;Umrichter (Gleich zu Netz) Temperatur;Produktionsstunden;Bezugszaehler;Setpoint frequenzy;t (Total);t (Produktionsbetrieb);t (Innerhalb Windgrenzen);Setpoint voltage;Produktion Zaehler-Lebenszeit kWh;Exported active energy;Exported active energy (red. op-mode);Setpoint in percent;Setpoint active power in percent;Internal setpoint max power;Internal setpoint stop WTG;Internal setpoint start WTG;Betriebsstunden Gen. 1;Betriebsstunden Gen. 2;Grid Possible Power (avg);Air Density;Max. Grid Active Power (Setpoint);Min. Grid Active Power (Setpoint);Max. Possible Grid Active Power (Setpoint);Full Power Operation Time;Power Reduced Operation Time;Min. Operatingstate;Wind Speed 2;Wind Speed 3;Wind Direction 2;Relative Humidity;T Generator Bearing DE;T Generator Bearing NDE;Radiation Module [W/m2];Radiation Horizontal [W/m2];Module Temperature;Wind Speed 4;Wind Speed 5;Wind Speed 6;Wind Speed 7;Wind Speed 8;Wind Direction 3;Wind Direction 4;Temperature Outside 2;Availability Wind Sensor 1;Availability Wind Sensor 2;Active Wind Sector In Period LaPM / Boost);Sector Angle Begin In Period (LaPM / Boost);Sector Angle End In Period (LaPM / Boost);Sector Time In Period (LaPM / Boost);Wind Direction Leading To Power Management (LaPM / Boost);Number Of Currently Main Wind Sensor;Active Wind Sensor;Relative Wind Direction (avg);Relative Wind Direction (min);Relative Wind Direction (max);Relative Wind Direction (stddev);Relative Wind Direction Sensor 1 (avg);Relative Wind Direction Sensor 1 (min);Relative Wind Direction Sensor 1 (max);Relative Wind Direction Sensor 1 (stddev);Relative Wind Direction Sensor 2 (avg);Relative Wind Direction Sensor 2 (min);Relative Wind Direction Sensor 2 (max);Relative Wind Direction Sensor 2 (stddev);Estimated Wind Speed (avg);Estimated Wind Speed (min);Estimated Wind Speed (max);Estimated Wind Speed (stddev);Wind Speed (stddev);Wind Speed Sensor 1 (avg);Wind Speed Sensor 1 (min);Wind Speed Sensor 1 (max);Wind Speed Sensor 1 (stddev);Wind Speed Sensor 2 (avg);Wind Speed Sensor 2 (min);Wind Speed Sensor 2 (max);Wind Speed Sensor 2 (stddev);Pitch Angle 1 (min);Pitch Angle 1 (max);Pitch Angle 1 (stddev);Ground Controller Temperature (avg);Ground Controller Temperature (min);Ground Controller Temperature (max);Ground Controller Temperature (std);Hub Controller Temperature (avg);Hub Controller Temperature (min);Hub Controller Temperature (max);Hub Controller Temperature (stddev);Top Controller Temperature (avg);Top Controller Temperature (min);Top Controller Temperature (max);Top Controller Temperature (stddev);VCP Choke Coil Temperature (avg);VCP Choke Coil Temperature (min);VCP Choke Coil Temperature (max);VCP Choke Coil Temperature (stddev);VCP Temperature (avg);VCP Temperature (min);VCP Temperature (max);VCP Temperature (stddev);VCP Wtr Temperatur (avg);VCP Wtr Temperatur (min);VCP Wtr Temperatur (max);VCP Wtr Temperatur (stddev);Gear Bearing Temperature A (avg);Gear Bearing Temperature A (min);Gear Bearing Temperature A (max);Gear Bearing Temperature A (stddev);Gear Bearing Temperature B (avg);Gear Bearing Temperature B (min);Gear Bearing Temperature B (max);Fermenter Niveau;Fermenter Druck;Fermenter ph-Wert;Fermenter Redoxpotential;Fermenter Temperatur 1;Fermenter Gasanalyse CO2;Fermenter Gasanalyse H2S;Fermenter Gasanalyse CH4;Fermenter Gasanalyse O2;Fermenter TS-Gehalt;Fermenter oTS-Gehalt;Fermenter1 Niveau;Fermenter1 Druck;Fermenter1 ph-Wert;Fermenter1 Redoxpotential;Fermenter1 Temperatur 1;Fermenter1 Gasanalyse CO2;Fermenter1 Gasanalyse H2S;Fermenter1 Gasanalyse CH4;Fermenter1 Gasanalyse O2;Fermenter1 TS-Gehalt;Fermenter1 oTS-Gehalt;Fermenter2 Niveau;Fermenter2 Druck;Fermenter2 ph-Wert;Fermenter2 Redoxpotential;Fermenter2 Temperatur 1;Fermenter2 Gasanalyse CO2;Fermenter2 Gasanalyse H2S;Fermenter2 Gasanalyse CH4;Fermenter2 Gasanalyse O2;Fermenter2 TS-Gehalt;Fermenter2 oTS-Gehalt;Fermenter3 Niveau;Fermenter3 Druck;Fermenter3 ph-Wert;Fermenter3 Redoxpotential;Fermenter3 Temperatur 1;Fermenter3 Gasanalyse CO2;Fermenter3 Gasanalyse H2S;Fermenter3 Gasanalyse CH4;Fermenter3 Gasanalyse O2;Fermenter3 TS-Gehalt;Fermenter3 oTS-Gehalt;Fermenter4 Niveau;Fermenter4 Druck;Fermenter4 ph-Wert;Fermenter4 Redoxpotential;Fermenter4 Temperatur 1;Fermenter4 Gasanalyse CO2;Fermenter4 Gasanalyse H2S;Fermenter4 Gasanalyse CH4;Fermenter4 Gasanalyse O2;Fermenter4 TS-Gehalt;Fermenter4 oTS-Gehalt;Fermenter5 Niveau;Fermenter5 Druck;Fermenter5 ph-Wert;Fermenter5 Redoxpotential;Fermenter5 Temperatur 1;Fermenter5 Gasanalyse CO2;Fermenter5 Gasanalyse H2S;Fermenter5 Gasanalyse CH4;Fermenter5 Gasanalyse O2;Fermenter5 TS-Gehalt;Fermenter5 oTS-Gehalt;Nachgaerer Niveau;Nachgaerer Kopfdruckmessung;Nachgaerer Temperatur 1;Nachgaerer TS-Gehalt;Nachgaerer oTS-Gehalt;Nachgaerer1 Niveau;Nachgaerer1 Kopfdruckmessung;Nachgaerer1 Temperatur 1;Nachgaerer1 TS-Gehalt;Nachgaerer1 oTS-Gehalt;Nachgaerer2 Niveau;Nachgaerer2 Kopfdruckmessung;Nachgaerer2 Temperatur 1;Nachgaerer2 TS-Gehalt;Nachgaerer2 oTS-Gehalt;Nachgaerer3 Niveau;Nachgaerer3 Kopfdruckmessung;Nachgaerer3 Temperatur 1;Nachgaerer3 TS-Gehalt;Nachgaerer3 oTS-Gehalt;Nachgaerer4 Niveau;Nachgaerer4 Kopfdruckmessung;Nachgaerer4 Temperatur 1;Nachgaerer4 TS-Gehalt;Nachgaerer4 oTS-Gehalt;Nachgaerer5 Niveau;Nachgaerer5 Kopfdruckmessung;Nachgaerer5 Temperatur 1;Nachgaerer5 TS-Gehalt;Nachgaerer5 oTS-Gehalt;Rohstofflager Fuellstand;Rohstofflager TS-Gehalt;Rohstofflager oTS-Gehalt;Gasspeicher Fuellstand 1;Gasspeicher Gasdruck;Gasspeicher Temperatur;Gasspeicher1 Fuellstand 1;Gasspeicher1 Gasdruck;Gasspeicher1 Temperatur;Gasspeicher2 Fuellstand 1;Gasspeicher2 Gasdruck;Gasspeicher2 Temperatur;Gasspeicher3 Fuellstand 1;Gasspeicher3 Gasdruck;Gasspeicher3 Temperatur;Gasspeicher4 Fuellstand 1;Gasspeicher4 Gasdruck;Gasspeicher4 Temperatur;Gasspeicher5 Fuellstand 1;Gasspeicher5 Gasdruck;Gasspeicher5 Temperatur;BHKW Leistung;BHKW Gasdurchfluss;BHKW Vorlauftemperatur Fermenter;BHKW Ruecklauftemperatur Fermenter;BHKW Gasanalyse CO2;BHKW Gasanalyse H2S;BHKW Gasanalyse O2;BHKW Gasanalyse CH4;BHKW Gasanalyse H2;BHKW1 Leistung;BHKW1 Gasdurchfluss;BHKW1 Vorlauftemperatur Fermenter;BHKW1 Ruecklauftemperatur Fermenter;BHKW1 Gasanalyse CO2;BHKW1 Gasanalyse H2S;BHKW1 Gasanalyse O2;BHKW1 Gasanalyse CH4;BHKW1 Gasanalyse H2;BHKW2 Leistung;BHKW2 Gasdurchfluss;BHKW2 Vorlauftemperatur Fermenter;BHKW2 Ruecklauftemperatur Fermenter;BHKW2 Gasanalyse CO2;BHKW2 Gasanalyse H2S;BHKW2 Gasanalyse O2;BHKW2 Gasanalyse CH4;BHKW2 Gasanalyse H2;BHKW3 Leistung;BHKW3 Gasdurchfluss;BHKW3 Vorlauftemperatur Fermenter;BHKW3 Ruecklauftemperatur Fermenter;BHKW3 Gasanalyse CO2;BHKW3 Gasanalyse H2S;BHKW3 Gasanalyse O2;BHKW3 Gasanalyse CH4;BHKW3 Gasanalyse H2;BHKW4 Leistung;BHKW4 Gasdurchfluss;BHKW4 Vorlauftemperatur Fermenter;BHKW4 Ruecklauftemperatur Fermenter;BHKW4 Gasanalyse CO2;BHKW4 Gasanalyse H2S;BHKW4 Gasanalyse O2;BHKW4 Gasanalyse CH4;BHKW4 Gasanalyse H2;BHKW5 Leistung;BHKW5 Gasdurchfluss;BHKW5 Vorlauftemperatur Fermenter;BHKW5 Ruecklauftemperatur Fermenter;BHKW5 Gasanalyse CO2;BHKW5 Gasanalyse H2S;BHKW5 Gasanalyse O2;BHKW5 Gasanalyse CH4;BHKW5 Gasanalyse H2;ZM-Pumpe Druckmessung;ZM-Pumpe Temperatur;ZM-Pumpe Durchflussmessung;Durchflussmenge;Leitapparat;Oberpegel;Pegel;BHKW Gesamtleistungsbezug Eigenbedarf;BHKW Gasverbrauch heute;BHKW Gasverbrauch gesamt;Fuellstand Vorgrube;Niederschlag max;Niederschlag min;T Mittelspannungstrafo Windung U ;T Mittelspannungstrafo Windung V;T Mittelspannungstrafo Windung W ;T Mittelspannungstrafo Umbegung;Ice Level;External setpoint power factor;Free For Reuse;Water Flow Rate;Upstream Water Level;Downstream Water Level;Weir Water Level;Setpoint power from grid operator;Setpoint power from direct marketer;Setpoint power from customer;Vmin;Vmax;Vout;Iout;%Wout;Freq;%Cap;Vbat;TupsC;%VAout;Setpoint active power controller;Wind Average of Running plants;Gear Bearing Temperature B (stddev);Gear Bearing Temperature C (avg);Gear Bearing Temperature C (min);Gear Bearing Temperature C (max);Gear Bearing Temperature C (stddev);Gear Bearing Hollow Shaft Generator Temperature (avg);Gear Bearing Hollow Shaft Generator Temperature (min);Gear Bearing Hollow Shaft Generator Temperature (max);Gear Bearing Hollow Shaft Generator Temperature (stddev);Gear Bearing Hollow Shaft Rotor Temperature (avg);Gear Bearing Hollow Shaft Rotor Temperature (min);Gear Bearing Hollow Shaft Rotor Temperature (max);Gear Bearing Hollow Shaft Rotor Temperature (stddev);Gear Bearing High Speed Generator Temperature (min);Gear Bearing High Speed Generator Temperature (max);Gear Bearing High Speed Generator Temperature (stddev);Gear Bearing High Speed Middle Temperature (avg);Gear Bearing High Speed Middle Temperature (min);Gear Bearing High Speed Middle Temperature (max);Gear Bearing High Speed Middle Temperature (stddev);Gear Bearing High Speed Rotor Temperature (avg);Gear Bearing High Speed Rotor Temperature (min);Gear Bearing High Speed Rotor Temperature (max);Gear Bearing High Speed Rotor Temperature (stddev);Gear Bearing Intermediate Shaft 1 Temperature (avg);Gear Bearing Intermediate Shaft 1 Temperature (min);Gear Bearing Intermediate Shaft 1 Temperature (max);Gear Bearing Intermediate Shaft 1 Temperature (stddev);Gear Bearing Intermediate Shaft 2 Temperature (avg);Gear Bearing Intermediate Shaft 2 Temperature (min);Gear Bearing Intermediate Shaft 2 Temperature (max);Gear Bearing Intermediate Shaft 2 Temperature (stddev);Gear Bearing Intermediate Shaft 3 Temperature (avg);Gear Bearing Intermediate Shaft 3 Temperature (min);Gear Bearing Intermediate Shaft 3 Temperature (max);Gear Bearing Intermediate Shaft 3 Temperature (stddev);Gear Cooling Water Temperature (avg);Gear Cooling Water Temperature (min);Gear Cooling Water Temperature (max);Gear Cooling Water Temperature (stddev);Gear Lubrication Oil Temperature (avg);Gear Lubrication Oil Temperature (min);Gear Lubrication Oil Temperature (max);Gear Lubrication Oil Temperature (stddev);Gear Main Bearing Temperature (avg);Gear Main Bearing Temperature (min);Gear Main Bearing Temperature (max);Gear Main Bearing Temperature (stddev);Gear Main Tank Oil Temperature (avg);Gear Main Tank Oil Temperature (min);Gear Main Tank Oil Temperature (max);Gear Main Tank Oil Temperature (stddev);Gear Oil Inlet Temperature (avg);Gear Oil Inlet Temperature (min);Gear Oil Inlet Temperature (max);Gear Oil Inlet Temperature (stddev);Generator RPM (min);Generator RPM (max);Generator RPM (stddev);Generator Slip Ring Top Temperature (min);Generator Slip Ring Top Temperature (max);Generator Slip Ring Top Temperature (stddev);Grid Busbar Temperature (avg);Grid Busbar Temperature (min);Grid Busbar Temperature (max);Grid Busbar Temperature (stddev);Grid Production CosPhi (min);Grid Production CosPhi (max);Grid Production CosPhi (stddev);Grid Possible Power (min);Grid Possible Power (max);Grid Possible Power (stddev);Grid Produced Power Internal Derate State;Grid Produced Power Internal Derate Time;Grid Produced Power Standard Deviation;Grid Rotor (Inverter) Phase 1 Current (avg);Grid Rotor (Inverter) Phase 1 Current (min);Grid Rotor (Inverter) Phase 1 Current (max);Grid Rotor (Inverter) Phase 1 Current (stddec);Grid Rotor (Inverter) Phase 1 Temperature (avg);Grid Rotor (Inverter) Phase 2 Current (avg);Grid Rotor (Inverter) Phase 2 Current (min);Grid Rotor (Inverter) Phase 2 Current (max);Grid Rotor (Inverter) Phase 2 Current (stddev);Grid Rotor (Inverter) Phase 2 Temperature (avg);Grid Rotor (Inverter) Phase 2 Temperature (min);Grid Rotor (Inverter) Phase 2 Temperature (max);Grid Rotor (Inverter) Phase 2 Temperature (stddev);Grid Rotor (Inverter) Phase 3 Current (avg);Grid Rotor (Inverter) Phase 3 Current (min);Grid Rotor (Inverter) Phase 3 Current (max);Grid Rotor (Inverter) Phase 3 Current (stddev);Grid Rotor (Inverter) Phase 3 Temperature (avg);Grid Rotor (Inverter) Phase 3 Temperature (min);Grid Rotor (Inverter) Phase 3 Temperature (max);Grid Rotor (Inverter) Phase 3 Temperature (stddev);Active Power Reference Value (min);Active Power Reference Value (max);Active Power Setting Source;Reactive Power Setting Source;VCRS Chopper Temperature (avg);High Voltage Trafo Air Outlet Temperature (avg);High Voltage Trafo Core Temperature 1 (avg);High Voltage Trafo Core Temperature 1 (min);High Voltage Trafo Core Temperature 1 (max);High Voltage Trafo Core Temperature 1 (stddev);High Voltage Trafo Core Temperature 2 (avg);High Voltage Trafo Core Temperature 2 (min);High Voltage Trafo Core Temperature 2 (max);High Voltage Trafo Core Temperature 2 (stddev);High Voltage Trafo Phase 1 Temperature (min);High Voltage Trafo Phase 1 Temperature (max);High Voltage Trafo Phase 1 Temperature (stddev);High Voltage Trafo Phase 2 Temperature (min);High Voltage Trafo Phase 2 Temperature (max);High Voltage Trafo Phase 2 Temperature (stddev);High Voltage Trafo Phase 3 Temperature (min);High Voltage Trafo Phase 3 Temperature (max);High Voltage Trafo Phase 3 Temperature (stddev);Nacelle Damper Temperature (avg);Nacelle Damper Temperature (min);Nacelle Damper Temperature (max);Nacelle Damper Temperature (stddev);Rotor RPM (stddev);First Active Alarm Parameter 1;First Active Alarm Parameter 2;Tower Acceleration X Axis;Tower Acceleration Y Axis;Yaw Motors Temperature (avg);Yaw Motors Temperature (min);Yaw Motors Temperature (max);Yaw Motors Temperature (stddev);High Voltage Trafo Phase 1 Core Temperature (avg);High Voltage Trafo Phase 1 Core Temperature (min);High Voltage Trafo Phase 1 Core Temperature (max);High Voltage Trafo Phase 1 Core Temperature (stddev);High Voltage Trafo Phase 2 Core Temperature (avg);High Voltage Trafo Phase 2 Core Temperature (min);High Voltage Trafo Phase 2 Core Temperature (max);High Voltage Trafo Phase 2 Core Temperature (stddev);High Voltage Trafo Phase 3 Core Temperature (avg);High Voltage Trafo Phase 3 Core Temperature (min);High Voltage Trafo Phase 3 Core Temperature (max);High Voltage Trafo Phase 3 Core Temperature (stddev);PowerBoost gain (absolute) [kWh];Nacelle Orientation (max) [degrees];Nacelle Orientation (min) [degrees];Regulator power reference [kW];DMI power demand [kW];Utility power demand [kW];Visibility Range (avg);Visibility Range (min);Visibility Range (max);T Outside Ground Level (avg);Calculated By ROTORsoft;Fehlernummer;Windgeschwindigkeit;Windgeschwindigkeit Max;Windgeschwindigkeit Min;Rotor RPM (avg);Rotor RPM (max);Rotor RPM (min);Leistung;Leistung Max;Leistung Min;Gondelposition;Windrichtung;Generator RPM (avg);Stop Fault;Schwingung;Produktion Zaehler;T Outside Nacelle Level (avg);T Gen1;T Gen2;T Getriebe;T Lager A;T Lager B;T Inside Nacelle (avg)
1556406000000;2019-04-28T00:00:00.000+0100;;;;;;;;;0.70;-86.80;377.90;378.10;378.60;125.00;121.00;121.00;;;;;;;;;;;;;;;;1.0;;;;;;;;;;;;;;;;;;;;;;;;;;;;;;;;;;;;;;;;;;;;50.00;;;;;;;;;;;;;;;;;;;;;;;;;;;;;;;;;;;;;;37.00;42.00;34.00;16.00;;;;32.00;34.00;32.00;;;;;;;;;;;;;;;;;;;;;;;;;;;;;;;;;;;;58.00;57.00;58.00;;;;;;;;;;;;;;;;;;;;;;;105.000;;;;;;;;;;;;;;;;;;;;;;;;;;;;;;;;;;;;;;;;;;;;;;;;;;;;;;;;;;;;;;;;;;;;;;;;;;;;;;;;;;;;;;;;;;;;;;;;;;;;;;;;;;;;;;;;;;;;;;;;;;;;;;;;;;;;;;;;;;;;;;;;;;;;;;;;;;;;;;;;;;;;;;;;;;;;;;;;;;;;;;;;;;;;;;;;;;;;;;;;;;;;;;;;;;;;;;;;;;;;;;;;;;;;;;;;;;;;;;;;;;;;;;;;;;;;;;;;;;;;;;;;;;;;;;;;;;;;;;;;;;;;;;;;;;;;;;;;;;;;;;;;;;;;;;;;;;;;;;;;;;;;;;;;;;;;;;;;;;;;;;;;;;;;;;;;;;;;;;;;;;;;;;;;;;;;;;;;;;;;;;;;;;;;;;;;;;;;;;;;;;;;;;;;;;;;;;;;;;;;;;;;;;;;;;;;;;;;;;;;;;;;;;;;;;;;;;;;;;0;3.70;5.20;2.10;8.80;9.10;8.60;105;190;33;250;248;920.80;;;18348808;12.00;;;;;;26.00
1556406600000;2019-04-28T00:10:00.000+0100;;;;;;;;;0.70;-80.00;378.80;379.00;379.30;115.00;112.00;111.00;;;;;;;;;;;;;;;;1.0;;;;;;;;;;;;;;;;;;;;;;;;;;;;;;;;;;;;;;;;;;;;50.00;;;;;;;;;;;;;;;;;;;;;;;;;;;;;;;;;;;;;;37.00;42.00;34.00;16.00;;;;32.00;34.00;32.00;;;;;;;;;;;;;;;;;;;;;;;;;;;;;;;;;;;;58.00;57.00;58.00;;;;;;;;;;;;;;;;;;;;;;;95.500;;;;;;;;;;;;;;;;;;;;;;;;;;;;;;;;;;;;;;;;;;;;;;;;;;;;;;;;;;;;;;;;;;;;;;;;;;;;;;;;;;;;;;;;;;;;;;;;;;;;;;;;;;;;;;;;;;;;;;;;;;;;;;;;;;;;;;;;;;;;;;;;;;;;;;;;;;;;;;;;;;;;;;;;;;;;;;;;;;;;;;;;;;;;;;;;;;;;;;;;;;;;;;;;;;;;;;;;;;;;;;;;;;;;;;;;;;;;;;;;;;;;;;;;;;;;;;;;;;;;;;;;;;;;;;;;;;;;;;;;;;;;;;;;;;;;;;;;;;;;;;;;;;;;;;;;;;;;;;;;;;;;;;;;;;;;;;;;;;;;;;;;;;;;;;;;;;;;;;;;;;;;;;;;;;;;;;;;;;;;;;;;;;;;;;;;;;;;;;;;;;;;;;;;;;;;;;;;;;;;;;;;;;;;;;;;;;;;;;;;;;;;;;;;;;;;;;;;;;0;3.50;5.00;2.00;8.80;9.10;8.60;96;189;13;249;250;920.10;;;18348826;12.00;;;;;;26.00
1556407200000;2019-04-28T00:20:00.000+0100;;;;;;;;;0.80;-80.00;379.90;380.10;380.50;139.00;135.00;135.00;;;;;;;;;;;;;;;;1.0;;;;;;;;;;;;;;;;;;;;;;;;;;;;;;;;;;;;;;;;;;;;50.00;;;;;;;;;;;;;;;;;;;;;;;;;;;;;;;;;;;;;;37.00;42.00;34.00;16.00;;;;32.00;34.00;31.00;;;;;;;;;;;;;;;;;;;;;;;;;;;;;;;;;;;;58.00;57.00;58.00;;;;;;;;;;;;;;;;;;;;;;;130.300;;;;;;;;;;;;;;;;;;;;;;;;;;;;;;;;;;;;;;;;;;;;;;;;;;;;;;;;;;;;;;;;;;;;;;;;;;;;;;;;;;;;;;;;;;;;;;;;;;;;;;;;;;;;;;;;;;;;;;;;;;;;;;;;;;;;;;;;;;;;;;;;;;;;;;;;;;;;;;;;;;;;;;;;;;;;;;;;;;;;;;;;;;;;;;;;;;;;;;;;;;;;;;;;;;;;;;;;;;;;;;;;;;;;;;;;;;;;;;;;;;;;;;;;;;;;;;;;;;;;;;;;;;;;;;;;;;;;;;;;;;;;;;;;;;;;;;;;;;;;;;;;;;;;;;;;;;;;;;;;;;;;;;;;;;;;;;;;;;;;;;;;;;;;;;;;;;;;;;;;;;;;;;;;;;;;;;;;;;;;;;;;;;;;;;;;;;;;;;;;;;;;;;;;;;;;;;;;;;;;;;;;;;;;;;;;;;;;;;;;;;;;;;;;;;;;;;;;;;0;3.90;6.00;2.50;8.80;9.50;8.40;130;280;22;249;249;924.20;;;18348846;12.00;;;;;;26.00
1556407800000;2019-04-28T00:30:00.000+0100;;;;;;;;;0.90;-80.00;379.80;380.10;380.30;157.00;154.00;152.00;;;;;;;;;;;;;;;;1.0;;;;;;;;;;;;;;;;;;;;;;;;;;;;;;;;;;;;;;;;;;;;50.00;;;;;;;;;;;;;;;;;;;;;;;;;;;;;;;;;;;;;;37.00;42.00;34.00;16.00;;;;31.00;33.00;31.00;;;;;;;;;;;;;;;;;;;;;;;;;;;;;;;;;;;;58.00;57.00;58.00;;;;;;;;;;;;;;;;;;;;;;;153.500;;;;;;;;;;;;;;;;;;;;;;;;;;;;;;;;;;;;;;;;;;;;;;;;;;;;;;;;;;;;;;;;;;;;;;;;;;;;;;;;;;;;;;;;;;;;;;;;;;;;;;;;;;;;;;;;;;;;;;;;;;;;;;;;;;;;;;;;;;;;;;;;;;;;;;;;;;;;;;;;;;;;;;;;;;;;;;;;;;;;;;;;;;;;;;;;;;;;;;;;;;;;;;;;;;;;;;;;;;;;;;;;;;;;;;;;;;;;;;;;;;;;;;;;;;;;;;;;;;;;;;;;;;;;;;;;;;;;;;;;;;;;;;;;;;;;;;;;;;;;;;;;;;;;;;;;;;;;;;;;;;;;;;;;;;;;;;;;;;;;;;;;;;;;;;;;;;;;;;;;;;;;;;;;;;;;;;;;;;;;;;;;;;;;;;;;;;;;;;;;;;;;;;;;;;;;;;;;;;;;;;;;;;;;;;;;;;;;;;;;;;;;;;;;;;;;;;;;;;0;4.00;5.70;2.80;8.80;9.80;8.50;154;274;56;249;251;925.40;;;18348872;12.00;;;;;;25.00
1556408400000;2019-04-28T00:40:00.000+0100;;;;;;;;;0.90;-71.00;374.50;374.70;375.00;206.00;202.00;201.00;;;;;;;;;;;;;;;;3.0;;;;;;;;;;;;;;;;;;;;;;;;;;;;;;;;;;;;;;;;;;;;50.00;;;;;;;;;;;;;;;;;;;;;;;;;;;;;;;;;;;;;;37.00;42.00;34.00;16.00;;;;31.00;33.00;31.00;;;;;;;;;;;;;;;;;;;;;;;;;;;;;;;;;;;;58.00;57.00;59.00;;;;;;;;;;;;;;;;;;;;;;;215.200;;;;;;;;;;;;;;;;;;;;;;;;;;;;;;;;;;;;;;;;;;;;;;;;;;;;;;;;;;;;;;;;;;;;;;;;;;;;;;;;;;;;;;;;;;;;;;;;;;;;;;;;;;;;;;;;;;;;;;;;;;;;;;;;;;;;;;;;;;;;;;;;;;;;;;;;;;;;;;;;;;;;;;;;;;;;;;;;;;;;;;;;;;;;;;;;;;;;;;;;;;;;;;;;;;;;;;;;;;;;;;;;;;;;;;;;;;;;;;;;;;;;;;;;;;;;;;;;;;;;;;;;;;;;;;;;;;;;;;;;;;;;;;;;;;;;;;;;;;;;;;;;;;;;;;;;;;;;;;;;;;;;;;;;;;;;;;;;;;;;;;;;;;;;;;;;;;;;;;;;;;;;;;;;;;;;;;;;;;;;;;;;;;;;;;;;;;;;;;;;;;;;;;;;;;;;;;;;;;;;;;;;;;;;;;;;;;;;;;;;;;;;;;;;;;;;;;;;;;0;4.30;6.30;2.50;9.00;10.80;8.40;215;356;59;259;259;943.60;;;18348908;12.00;;;;;;25.00
1556409000000;2019-04-28T00:50:00.000+0100;;;;;;;;;1.00;-70.00;374.00;374.20;374.40;304.00;301.00;298.00;;;;;;;;;;;;;;;;3.0;;;;;;;;;;;;;;;;;;;;;;;;;;;;;;;;;;;;;;;;;;;;50.00;;;;;;;;;;;;;;;;;;;;;;;;;;;;;;;;;;;;;;37.00;43.00;34.00;16.00;;;;31.00;33.00;31.00;;;;;;;;;;;;;;;;;;;;;;;;;;;;;;;;;;;;60.00;59.00;60.00;;;;;;;;;;;;;;;;;;;;;;;330.200;;;;;;;;;;;;;;;;;;;;;;;;;;;;;;;;;;;;;;;;;;;;;;;;;;;;;;;;;;;;;;;;;;;;;;;;;;;;;;;;;;;;;;;;;;;;;;;;;;;;;;;;;;;;;;;;;;;;;;;;;;;;;;;;;;;;;;;;;;;;;;;;;;;;;;;;;;;;;;;;;;;;;;;;;;;;;;;;;;;;;;;;;;;;;;;;;;;;;;;;;;;;;;;;;;;;;;;;;;;;;;;;;;;;;;;;;;;;;;;;;;;;;;;;;;;;;;;;;;;;;;;;;;;;;;;;;;;;;;;;;;;;;;;;;;;;;;;;;;;;;;;;;;;;;;;;;;;;;;;;;;;;;;;;;;;;;;;;;;;;;;;;;;;;;;;;;;;;;;;;;;;;;;;;;;;;;;;;;;;;;;;;;;;;;;;;;;;;;;;;;;;;;;;;;;;;;;;;;;;;;;;;;;;;;;;;;;;;;;;;;;;;;;;;;;;;;;;;;;0;5.50;6.30;4.10;10.30;10.90;9.40;330;420;208;264;269;1076.60;;;18348962;11.00;;;;;;24.00
1556409600000;2019-04-28T01:00:00.000+0100;;;;;;;;;1.00;-70.00;374.00;374.20;374.50;323.00;319.00;317.00;;;;;;;;;;;;;;;;3.0;;;;;;;;;;;;;;;;;;;;;;;;;;;;;;;;;;;;;;;;;;;;50.00;;;;;;;;;;;;;;;;;;;;;;;;;;;;;;;;;;;;;;37.00;44.00;34.00;16.00;;;;32.00;33.00;31.00;;;;;;;;;;;;;;;;;;;;;;;;;;;;;;;;;;;;62.00;60.00;62.00;;;;;;;;;;;;;;;;;;;;;;;352.100;;;;;;;;;;;;;;;;;;;;;;;;;;;;;;;;;;;;;;;;;;;;;;;;;;;;;;;;;;;;;;;;;;;;;;;;;;;;;;;;;;;;;;;;;;;;;;;;;;;;;;;;;;;;;;;;;;;;;;;;;;;;;;;;;;;;;;;;;;;;;;;;;;;;;;;;;;;;;;;;;;;;;;;;;;;;;;;;;;;;;;;;;;;;;;;;;;;;;;;;;;;;;;;;;;;;;;;;;;;;;;;;;;;;;;;;;;;;;;;;;;;;;;;;;;;;;;;;;;;;;;;;;;;;;;;;;;;;;;;;;;;;;;;;;;;;;;;;;;;;;;;;;;;;;;;;;;;;;;;;;;;;;;;;;;;;;;;;;;;;;;;;;;;;;;;;;;;;;;;;;;;;;;;;;;;;;;;;;;;;;;;;;;;;;;;;;;;;;;;;;;;;;;;;;;;;;;;;;;;;;;;;;;;;;;;;;;;;;;;;;;;;;;;;;;;;;;;;;;0;5.70;6.50;5.00;10.80;11.70;9.80;352;415;280;274;274;1127.70;;;18349022;11.00;;;;;;24.00
1556410200000;2019-04-28T01:10:00.000+0100;;;;;;;;;0.80;-74.20;373.10;373.30;373.50;143.00;139.00;137.00;;;;;;;;;;;;;;;;1.0;;;;;;;;;;;;;;;;;;;;;;;;;;;;;;;;;;;;;;;;;;;;50.00;;;;;;;;;;;;;;;;;;;;;;;;;;;;;;;;;;;;;;37.00;43.00;34.00;16.00;;;;32.00;33.00;31.00;;;;;;;;;;;;;;;;;;;;;;;;;;;;;;;;;;;;61.00;60.00;61.00;;;;;;;;;;;;;;;;;;;;;;;133.100;;;;;;;;;;;;;;;;;;;;;;;;;;;;;;;;;;;;;;;;;;;;;;;;;;;;;;;;;;;;;;;;;;;;;;;;;;;;;;;;;;;;;;;;;;;;;;;;;;;;;;;;;;;;;;;;;;;;;;;;;;;;;;;;;;;;;;;;;;;;;;;;;;;;;;;;;;;;;;;;;;;;;;;;;;;;;;;;;;;;;;;;;;;;;;;;;;;;;;;;;;;;;;;;;;;;;;;;;;;;;;;;;;;;;;;;;;;;;;;;;;;;;;;;;;;;;;;;;;;;;;;;;;;;;;;;;;;;;;;;;;;;;;;;;;;;;;;;;;;;;;;;;;;;;;;;;;;;;;;;;;;;;;;;;;;;;;;;;;;;;;;;;;;;;;;;;;;;;;;;;;;;;;;;;;;;;;;;;;;;;;;;;;;;;;;;;;;;;;;;;;;;;;;;;;;;;;;;;;;;;;;;;;;;;;;;;;;;;;;;;;;;;;;;;;;;;;;;;;0;4.10;5.80;2.10;9.00;10.70;8.60;133;346;27;271;268;941.50;;;18349044;11.00;;;;;;25.00
1556410800000;2019-04-28T01:20:00.000+0100;;;;;;;;;0.90;-66.30;373.20;373.40;373.70;164.00;160.00;158.00;;;;;;;;;;;;;;;;1.0;;;;;;;;;;;;;;;;;;;;;;;;;;;;;;;;;;;;;;;;;;;;50.00;;;;;;;;;;;;;;;;;;;;;;;;;;;;;;;;;;;;;;37.00;43.00;34.00;16.00;;;;31.00;33.00;31.00;;;;;;;;;;;;;;;;;;;;;;;;;;;;;;;;;;;;60.00;59.00;60.00;;;;;;;;;;;;;;;;;;;;;;;166.000;;;;;;;;;;;;;;;;;;;;;;;;;;;;;;;;;;;;;;;;;;;;;;;;;;;;;;;;;;;;;;;;;;;;;;;;;;;;;;;;;;;;;;;;;;;;;;;;;;;;;;;;;;;;;;;;;;;;;;;;;;;;;;;;;;;;;;;;;;;;;;;;;;;;;;;;;;;;;;;;;;;;;;;;;;;;;;;;;;;;;;;;;;;;;;;;;;;;;;;;;;;;;;;;;;;;;;;;;;;;;;;;;;;;;;;;;;;;;;;;;;;;;;;;;;;;;;;;;;;;;;;;;;;;;;;;;;;;;;;;;;;;;;;;;;;;;;;;;;;;;;;;;;;;;;;;;;;;;;;;;;;;;;;;;;;;;;;;;;;;;;;;;;;;;;;;;;;;;;;;;;;;;;;;;;;;;;;;;;;;;;;;;;;;;;;;;;;;;;;;;;;;;;;;;;;;;;;;;;;;;;;;;;;;;;;;;;;;;;;;;;;;;;;;;;;;;;;;;;0;4.50;5.20;3.60;8.80;9.20;8.70;166;209;103;272;273;925.00;;;18349072;11.00;;;;;;25.00
1556411400000;2019-04-28T01:30:00.000+0100;;;;;;;;;0.90;-51.90;373.90;374.20;374.50;118.00;116.00;113.00;;;;;;;;;;;;;;;;3.0;;;;;;;;;;;;;;;;;;;;;;;;;;;;;;;;;;;;;;;;;;;;50.00;;;;;;;;;;;;;;;;;;;;;;;;;;;;;;;;;;;;;;37.00;43.00;34.00;15.00;;;;31.00;33.00;31.00;;;;;;;;;;;;;;;;;;;;;;;;;;;;;;;;;;;;59.00;58.00;60.00;;;;;;;;;;;;;;;;;;;;;;;115.100;;;;;;;;;;;;;;;;;;;;;;;;;;;;;;;;;;;;;;;;;;;;;;;;;;;;;;;;;;;;;;;;;;;;;;;;;;;;;;;;;;;;;;;;;;;;;;;;;;;;;;;;;;;;;;;;;;;;;;;;;;;;;;;;;;;;;;;;;;;;;;;;;;;;;;;;;;;;;;;;;;;;;;;;;;;;;;;;;;;;;;;;;;;;;;;;;;;;;;;;;;;;;;;;;;;;;;;;;;;;;;;;;;;;;;;;;;;;;;;;;;;;;;;;;;;;;;;;;;;;;;;;;;;;;;;;;;;;;;;;;;;;;;;;;;;;;;;;;;;;;;;;;;;;;;;;;;;;;;;;;;;;;;;;;;;;;;;;;;;;;;;;;;;;;;;;;;;;;;;;;;;;;;;;;;;;;;;;;;;;;;;;;;;;;;;;;;;;;;;;;;;;;;;;;;;;;;;;;;;;;;;;;;;;;;;;;;;;;;;;;;;;;;;;;;;;;;;;;;0;3.80;5.10;1.70;8.80;9.20;8.70;115;209;42;271;267;923.70;;;18349090;11.00;;;;;;25.00
1556412000000;2019-04-28T01:40:00.000+0100;;;;;;;;;1.00;-40.00;374.30;374.70;375.00;186.00;185.00;182.00;;;;;;;;;;;;;;;;3.0;;;;;;;;;;;;;;;;;;;;;;;;;;;;;;;;;;;;;;;;;;;;50.00;;;;;;;;;;;;;;;;;;;;;;;;;;;;;;;;;;;;;;37.00;43.00;34.00;15.00;;;;31.00;33.00;31.00;;;;;;;;;;;;;;;;;;;;;;;;;;;;;;;;;;;;59.00;58.00;59.00;;;;;;;;;;;;;;;;;;;;;;;201.800;;;;;;;;;;;;;;;;;;;;;;;;;;;;;;;;;;;;;;;;;;;;;;;;;;;;;;;;;;;;;;;;;;;;;;;;;;;;;;;;;;;;;;;;;;;;;;;;;;;;;;;;;;;;;;;;;;;;;;;;;;;;;;;;;;;;;;;;;;;;;;;;;;;;;;;;;;;;;;;;;;;;;;;;;;;;;;;;;;;;;;;;;;;;;;;;;;;;;;;;;;;;;;;;;;;;;;;;;;;;;;;;;;;;;;;;;;;;;;;;;;;;;;;;;;;;;;;;;;;;;;;;;;;;;;;;;;;;;;;;;;;;;;;;;;;;;;;;;;;;;;;;;;;;;;;;;;;;;;;;;;;;;;;;;;;;;;;;;;;;;;;;;;;;;;;;;;;;;;;;;;;;;;;;;;;;;;;;;;;;;;;;;;;;;;;;;;;;;;;;;;;;;;;;;;;;;;;;;;;;;;;;;;;;;;;;;;;;;;;;;;;;;;;;;;;;;;;;;;0;4.70;5.30;4.10;8.90;9.30;8.70;202;233;139;269;271;931.90;;;18349124;10.00;;;;;;25.00
1556412600000;2019-04-28T01:50:00.000+0100;;;;;;;;;1.00;-40.00;374.40;374.80;375.10;251.00;249.00;247.00;;;;;;;;;;;;;;;;3.0;;;;;;;;;;;;;;;;;;;;;;;;;;;;;;;;;;;;;;;;;;;;50.00;;;;;;;;;;;;;;;;;;;;;;;;;;;;;;;;;;;;;;37.00;43.00;34.00;15.00;;;;31.00;33.00;31.00;;;;;;;;;;;;;;;;;;;;;;;;;;;;;;;;;;;;60.00;58.00;60.00;;;;;;;;;;;;;;;;;;;;;;;276.200;;;;;;;;;;;;;;;;;;;;;;;;;;;;;;;;;;;;;;;;;;;;;;;;;;;;;;;;;;;;;;;;;;;;;;;;;;;;;;;;;;;;;;;;;;;;;;;;;;;;;;;;;;;;;;;;;;;;;;;;;;;;;;;;;;;;;;;;;;;;;;;;;;;;;;;;;;;;;;;;;;;;;;;;;;;;;;;;;;;;;;;;;;;;;;;;;;;;;;;;;;;;;;;;;;;;;;;;;;;;;;;;;;;;;;;;;;;;;;;;;;;;;;;;;;;;;;;;;;;;;;;;;;;;;;;;;;;;;;;;;;;;;;;;;;;;;;;;;;;;;;;;;;;;;;;;;;;;;;;;;;;;;;;;;;;;;;;;;;;;;;;;;;;;;;;;;;;;;;;;;;;;;;;;;;;;;;;;;;;;;;;;;;;;;;;;;;;;;;;;;;;;;;;;;;;;;;;;;;;;;;;;;;;;;;;;;;;;;;;;;;;;;;;;;;;;;;;;;;0;5.20;6.20;4.50;9.80;11.00;8.80;276;381;195;274;278;1020.80;;;18349170;10.00;;;;;;24.00
1556413200000;2019-04-28T02:00:00.000+0100;;;;;;;;;1.00;-40.00;374.50;374.90;375.10;294.00;292.00;289.00;;;;;;;;;;;;;;;;3.0;;;;;;;;;;;;;;;;;;;;;;;;;;;;;;;;;;;;;;;;;;;;50.00;;;;;;;;;;;;;;;;;;;;;;;;;;;;;;;;;;;;;;37.00;44.00;34.00;15.00;;;;31.00;33.00;31.00;;;;;;;;;;;;;;;;;;;;;;;;;;;;;;;;;;;;61.00;60.00;61.00;;;;;;;;;;;;;;;;;;;;;;;324.900;;;;;;;;;;;;;;;;;;;;;;;;;;;;;;;;;;;;;;;;;;;;;;;;;;;;;;;;;;;;;;;;;;;;;;;;;;;;;;;;;;;;;;;;;;;;;;;;;;;;;;;;;;;;;;;;;;;;;;;;;;;;;;;;;;;;;;;;;;;;;;;;;;;;;;;;;;;;;;;;;;;;;;;;;;;;;;;;;;;;;;;;;;;;;;;;;;;;;;;;;;;;;;;;;;;;;;;;;;;;;;;;;;;;;;;;;;;;;;;;;;;;;;;;;;;;;;;;;;;;;;;;;;;;;;;;;;;;;;;;;;;;;;;;;;;;;;;;;;;;;;;;;;;;;;;;;;;;;;;;;;;;;;;;;;;;;;;;;;;;;;;;;;;;;;;;;;;;;;;;;;;;;;;;;;;;;;;;;;;;;;;;;;;;;;;;;;;;;;;;;;;;;;;;;;;;;;;;;;;;;;;;;;;;;;;;;;;;;;;;;;;;;;;;;;;;;;;;;;0;5.60;6.30;5.00;10.60;11.20;10.00;325;395;229;279;277;1109.00;;;18349224;10.00;;;;;;24.00
1556413800000;2019-04-28T02:10:00.000+0100;;;;;;;;;1.00;-41.30;374.40;374.60;374.80;177.00;174.00;171.00;;;;;;;;;;;;;;;;1.0;;;;;;;;;;;;;;;;;;;;;;;;;;;;;;;;;;;;;;;;;;;;50.00;;;;;;;;;;;;;;;;;;;;;;;;;;;;;;;;;;;;;;37.00;43.00;34.00;15.00;;;;31.00;33.00;31.00;;;;;;;;;;;;;;;;;;;;;;;;;;;;;;;;;;;;61.00;60.00;61.00;;;;;;;;;;;;;;;;;;;;;;;190.300;;;;;;;;;;;;;;;;;;;;;;;;;;;;;;;;;;;;;;;;;;;;;;;;;;;;;;;;;;;;;;;;;;;;;;;;;;;;;;;;;;;;;;;;;;;;;;;;;;;;;;;;;;;;;;;;;;;;;;;;;;;;;;;;;;;;;;;;;;;;;;;;;;;;;;;;;;;;;;;;;;;;;;;;;;;;;;;;;;;;;;;;;;;;;;;;;;;;;;;;;;;;;;;;;;;;;;;;;;;;;;;;;;;;;;;;;;;;;;;;;;;;;;;;;;;;;;;;;;;;;;;;;;;;;;;;;;;;;;;;;;;;;;;;;;;;;;;;;;;;;;;;;;;;;;;;;;;;;;;;;;;;;;;;;;;;;;;;;;;;;;;;;;;;;;;;;;;;;;;;;;;;;;;;;;;;;;;;;;;;;;;;;;;;;;;;;;;;;;;;;;;;;;;;;;;;;;;;;;;;;;;;;;;;;;;;;;;;;;;;;;;;;;;;;;;;;;;;;;0;4.80;5.50;4.00;9.10;10.10;8.70;191;262;143;274;271;947.30;;;18349256;10.00;;;;;;24.00
1556414400000;2019-04-28T02:20:00.000+0100;;;;;;;;;0.80;-66.00;373.20;373.50;373.60;122.00;118.00;116.00;;;;;;;;;;;;;;;;3.0;;;;;;;;;;;;;;;;;;;;;;;;;;;;;;;;;;;;;;;;;;;;50.00;;;;;;;;;;;;;;;;;;;;;;;;;;;;;;;;;;;;;;37.00;43.00;34.00;15.00;;;;31.00;33.00;30.00;;;;;;;;;;;;;;;;;;;;;;;;;;;;;;;;;;;;60.00;59.00;60.00;;;;;;;;;;;;;;;;;;;;;;;111.700;;;;;;;;;;;;;;;;;;;;;;;;;;;;;;;;;;;;;;;;;;;;;;;;;;;;;;;;;;;;;;;;;;;;;;;;;;;;;;;;;;;;;;;;;;;;;;;;;;;;;;;;;;;;;;;;;;;;;;;;;;;;;;;;;;;;;;;;;;;;;;;;;;;;;;;;;;;;;;;;;;;;;;;;;;;;;;;;;;;;;;;;;;;;;;;;;;;;;;;;;;;;;;;;;;;;;;;;;;;;;;;;;;;;;;;;;;;;;;;;;;;;;;;;;;;;;;;;;;;;;;;;;;;;;;;;;;;;;;;;;;;;;;;;;;;;;;;;;;;;;;;;;;;;;;;;;;;;;;;;;;;;;;;;;;;;;;;;;;;;;;;;;;;;;;;;;;;;;;;;;;;;;;;;;;;;;;;;;;;;;;;;;;;;;;;;;;;;;;;;;;;;;;;;;;;;;;;;;;;;;;;;;;;;;;;;;;;;;;;;;;;;;;;;;;;;;;;;;;0;4.00;5.00;2.30;8.80;9.00;8.70;112;172;27;272;266;920.20;;;18349274;10.00;;;;;;25.00
1556415000000;2019-04-28T02:30:00.000+0100;;;;;;;;;0.80;-79.90;372.50;372.80;373.10;145.00;142.00;141.00;;;;;;;;;;;;;;;;1.0;;;;;;;;;;;;;;;;;;;;;;;;;;;;;;;;;;;;;;;;;;;;50.00;;;;;;;;;;;;;;;;;;;;;;;;;;;;;;;;;;;;;;37.00;43.00;34.00;15.00;;;;31.00;32.00;30.00;;;;;;;;;;;;;;;;;;;;;;;;;;;;;;;;;;;;59.00;58.00;59.00;;;;;;;;;;;;;;;;;;;;;;;136.300;;;;;;;;;;;;;;;;;;;;;;;;;;;;;;;;;;;;;;;;;;;;;;;;;;;;;;;;;;;;;;;;;;;;;;;;;;;;;;;;;;;;;;;;;;;;;;;;;;;;;;;;;;;;;;;;;;;;;;;;;;;;;;;;;;;;;;;;;;;;;;;;;;;;;;;;;;;;;;;;;;;;;;;;;;;;;;;;;;;;;;;;;;;;;;;;;;;;;;;;;;;;;;;;;;;;;;;;;;;;;;;;;;;;;;;;;;;;;;;;;;;;;;;;;;;;;;;;;;;;;;;;;;;;;;;;;;;;;;;;;;;;;;;;;;;;;;;;;;;;;;;;;;;;;;;;;;;;;;;;;;;;;;;;;;;;;;;;;;;;;;;;;;;;;;;;;;;;;;;;;;;;;;;;;;;;;;;;;;;;;;;;;;;;;;;;;;;;;;;;;;;;;;;;;;;;;;;;;;;;;;;;;;;;;;;;;;;;;;;;;;;;;;;;;;;;;;;;;;0;4.10;5.20;2.70;8.80;9.20;8.60;136;233;51;264;261;921.20;;;18349298;10.00;;;;;;25.00
1556415600000;2019-04-28T02:40:00.000+0100;;;;;;;;;0.30;-79.90;372.60;372.80;372.90;86.00;82.00;82.00;;;;;;;;;;;;;;;;1.0;;;;;;;;;;;;;;;;;;;;;;;;;;;;;;;;;;;;;;;;;;;;50.00;;;;;;;;;;;;;;;;;;;;;;;;;;;;;;;;;;;;;;37.00;42.00;34.00;15.00;;;;30.00;32.00;30.00;;;;;;;;;;;;;;;;;;;;;;;;;;;;;;;;;;;;59.00;57.00;59.00;;;;;;;;;;;;;;;;;;;;;;;34.400;;;;;;;;;;;;;;;;;;;;;;;;;;;;;;;;;;;;;;;;;;;;;;;;;;;;;;;;;;;;;;;;;;;;;;;;;;;;;;;;;;;;;;;;;;;;;;;;;;;;;;;;;;;;;;;;;;;;;;;;;;;;;;;;;;;;;;;;;;;;;;;;;;;;;;;;;;;;;;;;;;;;;;;;;;;;;;;;;;;;;;;;;;;;;;;;;;;;;;;;;;;;;;;;;;;;;;;;;;;;;;;;;;;;;;;;;;;;;;;;;;;;;;;;;;;;;;;;;;;;;;;;;;;;;;;;;;;;;;;;;;;;;;;;;;;;;;;;;;;;;;;;;;;;;;;;;;;;;;;;;;;;;;;;;;;;;;;;;;;;;;;;;;;;;;;;;;;;;;;;;;;;;;;;;;;;;;;;;;;;;;;;;;;;;;;;;;;;;;;;;;;;;;;;;;;;;;;;;;;;;;;;;;;;;;;;;;;;;;;;;;;;;;;;;;;;;;;;;;0;3.00;4.60;1.70;8.70;9.00;8.30;35;133;-10;257;257;912.50;;;18349304;10.00;;;;;;25.00
1556416200000;2019-04-28T02:50:00.000+0100;;;;;;;;;0.80;-79.90;372.70;373.00;373.30;154.00;150.00;150.00;;;;;;;;;;;;;;;;3.0;;;;;;;;;;;;;;;;;;;;;;;;;;;;;;;;;;;;;;;;;;;;50.00;;;;;;;;;;;;;;;;;;;;;;;;;;;;;;;;;;;;;;37.00;42.00;34.00;15.00;;;;30.00;32.00;30.00;;;;;;;;;;;;;;;;;;;;;;;;;;;;;;;;;;;;58.00;57.00;58.00;;;;;;;;;;;;;;;;;;;;;;;142.300;;;;;;;;;;;;;;;;;;;;;;;;;;;;;;;;;;;;;;;;;;;;;;;;;;;;;;;;;;;;;;;;;;;;;;;;;;;;;;;;;;;;;;;;;;;;;;;;;;;;;;;;;;;;;;;;;;;;;;;;;;;;;;;;;;;;;;;;;;;;;;;;;;;;;;;;;;;;;;;;;;;;;;;;;;;;;;;;;;;;;;;;;;;;;;;;;;;;;;;;;;;;;;;;;;;;;;;;;;;;;;;;;;;;;;;;;;;;;;;;;;;;;;;;;;;;;;;;;;;;;;;;;;;;;;;;;;;;;;;;;;;;;;;;;;;;;;;;;;;;;;;;;;;;;;;;;;;;;;;;;;;;;;;;;;;;;;;;;;;;;;;;;;;;;;;;;;;;;;;;;;;;;;;;;;;;;;;;;;;;;;;;;;;;;;;;;;;;;;;;;;;;;;;;;;;;;;;;;;;;;;;;;;;;;;;;;;;;;;;;;;;;;;;;;;;;;;;;;;0;4.00;5.40;2.00;8.90;9.40;8.60;142;260;-1;259;263;928.40;;;18349328;10.00;;;;;;25.00
1556416800000;2019-04-28T03:00:00.000+0100;;;;;;;;;0.90;-80.00;372.90;373.20;373.20;163.00;159.00;157.00;;;;;;;;;;;;;;;;3.0;;;;;;;;;;;;;;;;;;;;;;;;;;;;;;;;;;;;;;;;;;;;50.00;;;;;;;;;;;;;;;;;;;;;;;;;;;;;;;;;;;;;;37.00;42.00;34.00;15.00;;;;30.00;32.00;30.00;;;;;;;;;;;;;;;;;;;;;;;;;;;;;;;;;;;;58.00;57.00;59.00;;;;;;;;;;;;;;;;;;;;;;;157.700;;;;;;;;;;;;;;;;;;;;;;;;;;;;;;;;;;;;;;;;;;;;;;;;;;;;;;;;;;;;;;;;;;;;;;;;;;;;;;;;;;;;;;;;;;;;;;;;;;;;;;;;;;;;;;;;;;;;;;;;;;;;;;;;;;;;;;;;;;;;;;;;;;;;;;;;;;;;;;;;;;;;;;;;;;;;;;;;;;;;;;;;;;;;;;;;;;;;;;;;;;;;;;;;;;;;;;;;;;;;;;;;;;;;;;;;;;;;;;;;;;;;;;;;;;;;;;;;;;;;;;;;;;;;;;;;;;;;;;;;;;;;;;;;;;;;;;;;;;;;;;;;;;;;;;;;;;;;;;;;;;;;;;;;;;;;;;;;;;;;;;;;;;;;;;;;;;;;;;;;;;;;;;;;;;;;;;;;;;;;;;;;;;;;;;;;;;;;;;;;;;;;;;;;;;;;;;;;;;;;;;;;;;;;;;;;;;;;;;;;;;;;;;;;;;;;;;;;;;0;4.20;5.20;2.40;8.80;9.40;8.60;158;245;29;266;265;924.70;;;18349354;9.00;;;;;;24.00
1556417400000;2019-04-28T03:10:00.000+0100;;;;;;;;;0.80;-81.70;372.70;372.90;373.10;144.00;140.00;139.00;;;;;;;;;;;;;;;;1.0;;;;;;;;;;;;;;;;;;;;;;;;;;;;;;;;;;;;;;;;;;;;50.00;;;;;;;;;;;;;;;;;;;;;;;;;;;;;;;;;;;;;;37.00;42.00;34.00;15.00;;;;30.00;32.00;29.00;;;;;;;;;;;;;;;;;;;;;;;;;;;;;;;;;;;;58.00;57.00;59.00;;;;;;;;;;;;;;;;;;;;;;;133.600;;;;;;;;;;;;;;;;;;;;;;;;;;;;;;;;;;;;;;;;;;;;;;;;;;;;;;;;;;;;;;;;;;;;;;;;;;;;;;;;;;;;;;;;;;;;;;;;;;;;;;;;;;;;;;;;;;;;;;;;;;;;;;;;;;;;;;;;;;;;;;;;;;;;;;;;;;;;;;;;;;;;;;;;;;;;;;;;;;;;;;;;;;;;;;;;;;;;;;;;;;;;;;;;;;;;;;;;;;;;;;;;;;;;;;;;;;;;;;;;;;;;;;;;;;;;;;;;;;;;;;;;;;;;;;;;;;;;;;;;;;;;;;;;;;;;;;;;;;;;;;;;;;;;;;;;;;;;;;;;;;;;;;;;;;;;;;;;;;;;;;;;;;;;;;;;;;;;;;;;;;;;;;;;;;;;;;;;;;;;;;;;;;;;;;;;;;;;;;;;;;;;;;;;;;;;;;;;;;;;;;;;;;;;;;;;;;;;;;;;;;;;;;;;;;;;;;;;;;0;4.10;5.00;2.30;8.80;9.00;8.70;134;188;42;266;265;920.40;;;18349376;9.00;;;;;;24.00
1556418000000;2019-04-28T03:20:00.000+0100;;;;;;;;;0.80;-90.00;372.30;372.50;372.70;158.00;154.00;153.00;;;;;;;;;;;;;;;;1.0;;;;;;;;;;;;;;;;;;;;;;;;;;;;;;;;;;;;;;;;;;;;50.00;;;;;;;;;;;;;;;;;;;;;;;;;;;;;;;;;;;;;;37.00;42.00;34.00;14.00;;;;30.00;32.00;29.00;;;;;;;;;;;;;;;;;;;;;;;;;;;;;;;;;;;;58.00;57.00;59.00;;;;;;;;;;;;;;;;;;;;;;;146.900;;;;;;;;;;;;;;;;;;;;;;;;;;;;;;;;;;;;;;;;;;;;;;;;;;;;;;;;;;;;;;;;;;;;;;;;;;;;;;;;;;;;;;;;;;;;;;;;;;;;;;;;;;;;;;;;;;;;;;;;;;;;;;;;;;;;;;;;;;;;;;;;;;;;;;;;;;;;;;;;;;;;;;;;;;;;;;;;;;;;;;;;;;;;;;;;;;;;;;;;;;;;;;;;;;;;;;;;;;;;;;;;;;;;;;;;;;;;;;;;;;;;;;;;;;;;;;;;;;;;;;;;;;;;;;;;;;;;;;;;;;;;;;;;;;;;;;;;;;;;;;;;;;;;;;;;;;;;;;;;;;;;;;;;;;;;;;;;;;;;;;;;;;;;;;;;;;;;;;;;;;;;;;;;;;;;;;;;;;;;;;;;;;;;;;;;;;;;;;;;;;;;;;;;;;;;;;;;;;;;;;;;;;;;;;;;;;;;;;;;;;;;;;;;;;;;;;;;;;0;4.20;5.30;2.40;8.80;9.20;8.60;147;201;72;266;265;920.80;;;18349400;9.00;;;;;;23.00
1556418600000;2019-04-28T03:30:00.000+0100;;;;;;;;;0.90;-89.20;372.50;372.70;372.90;206.00;202.00;201.00;;;;;;;;;;;;;;;;3.0;;;;;;;;;;;;;;;;;;;;;;;;;;;;;;;;;;;;;;;;;;;;50.00;;;;;;;;;;;;;;;;;;;;;;;;;;;;;;;;;;;;;;37.00;42.00;34.00;14.00;;;;29.00;31.00;29.00;;;;;;;;;;;;;;;;;;;;;;;;;;;;;;;;;;;;59.00;57.00;59.00;;;;;;;;;;;;;;;;;;;;;;;205.100;;;;;;;;;;;;;;;;;;;;;;;;;;;;;;;;;;;;;;;;;;;;;;;;;;;;;;;;;;;;;;;;;;;;;;;;;;;;;;;;;;;;;;;;;;;;;;;;;;;;;;;;;;;;;;;;;;;;;;;;;;;;;;;;;;;;;;;;;;;;;;;;;;;;;;;;;;;;;;;;;;;;;;;;;;;;;;;;;;;;;;;;;;;;;;;;;;;;;;;;;;;;;;;;;;;;;;;;;;;;;;;;;;;;;;;;;;;;;;;;;;;;;;;;;;;;;;;;;;;;;;;;;;;;;;;;;;;;;;;;;;;;;;;;;;;;;;;;;;;;;;;;;;;;;;;;;;;;;;;;;;;;;;;;;;;;;;;;;;;;;;;;;;;;;;;;;;;;;;;;;;;;;;;;;;;;;;;;;;;;;;;;;;;;;;;;;;;;;;;;;;;;;;;;;;;;;;;;;;;;;;;;;;;;;;;;;;;;;;;;;;;;;;;;;;;;;;;;;;0;4.70;6.20;2.60;9.30;10.90;8.60;205;422;35;266;265;971.00;;;18349434;9.00;;;;;;24.00
1556419200000;2019-04-28T03:40:00.000+0100;;;;;;;;;0.90;-88.00;372.50;372.50;372.90;239.00;234.00;233.00;;;;;;;;;;;;;;;;1.0;;;;;;;;;;;;;;;;;;;;;;;;;;;;;;;;;;;;;;;;;;;;50.00;;;;;;;;;;;;;;;;;;;;;;;;;;;;;;;;;;;;;;37.00;43.00;34.00;14.00;;;;29.00;31.00;29.00;;;;;;;;;;;;;;;;;;;;;;;;;;;;;;;;;;;;60.00;59.00;60.00;;;;;;;;;;;;;;;;;;;;;;;245.400;;;;;;;;;;;;;;;;;;;;;;;;;;;;;;;;;;;;;;;;;;;;;;;;;;;;;;;;;;;;;;;;;;;;;;;;;;;;;;;;;;;;;;;;;;;;;;;;;;;;;;;;;;;;;;;;;;;;;;;;;;;;;;;;;;;;;;;;;;;;;;;;;;;;;;;;;;;;;;;;;;;;;;;;;;;;;;;;;;;;;;;;;;;;;;;;;;;;;;;;;;;;;;;;;;;;;;;;;;;;;;;;;;;;;;;;;;;;;;;;;;;;;;;;;;;;;;;;;;;;;;;;;;;;;;;;;;;;;;;;;;;;;;;;;;;;;;;;;;;;;;;;;;;;;;;;;;;;;;;;;;;;;;;;;;;;;;;;;;;;;;;;;;;;;;;;;;;;;;;;;;;;;;;;;;;;;;;;;;;;;;;;;;;;;;;;;;;;;;;;;;;;;;;;;;;;;;;;;;;;;;;;;;;;;;;;;;;;;;;;;;;;;;;;;;;;;;;;;;0;5.00;6.10;3.10;9.70;10.90;8.70;246;408;86;266;266;1017.80;;;18349476;9.00;;;;;;24.00
1556419800000;2019-04-28T03:50:00.000+0100;;;;;;;;;0.60;-97.90;371.70;371.80;372.10;126.00;121.00;121.00;;;;;;;;;;;;;;;;1.0;;;;;;;;;;;;;;;;;;;;;;;;;;;;;;;;;;;;;;;;;;;;50.00;;;;;;;;;;;;;;;;;;;;;;;;;;;;;;;;;;;;;;37.00;42.00;34.00;14.00;;;;29.00;31.00;29.00;;;;;;;;;;;;;;;;;;;;;;;;;;;;;;;;;;;;59.00;58.00;59.00;;;;;;;;;;;;;;;;;;;;;;;90.700;;;;;;;;;;;;;;;;;;;;;;;;;;;;;;;;;;;;;;;;;;;;;;;;;;;;;;;;;;;;;;;;;;;;;;;;;;;;;;;;;;;;;;;;;;;;;;;;;;;;;;;;;;;;;;;;;;;;;;;;;;;;;;;;;;;;;;;;;;;;;;;;;;;;;;;;;;;;;;;;;;;;;;;;;;;;;;;;;;;;;;;;;;;;;;;;;;;;;;;;;;;;;;;;;;;;;;;;;;;;;;;;;;;;;;;;;;;;;;;;;;;;;;;;;;;;;;;;;;;;;;;;;;;;;;;;;;;;;;;;;;;;;;;;;;;;;;;;;;;;;;;;;;;;;;;;;;;;;;;;;;;;;;;;;;;;;;;;;;;;;;;;;;;;;;;;;;;;;;;;;;;;;;;;;;;;;;;;;;;;;;;;;;;;;;;;;;;;;;;;;;;;;;;;;;;;;;;;;;;;;;;;;;;;;;;;;;;;;;;;;;;;;;;;;;;;;;;;;;0;3.80;5.10;2.40;8.80;9.10;8.60;91;179;17;266;266;920.50;;;18349490;9.00;;;;;;24.00
1556420400000;2019-04-28T04:00:00.000+0100;;;;;;;;;0.80;-100.00;372.10;372.20;372.50;183.00;178.00;177.00;;;;;;;;;;;;;;;;3.0;;;;;;;;;;;;;;;;;;;;;;;;;;;;;;;;;;;;;;;;;;;;50.00;;;;;;;;;;;;;;;;;;;;;;;;;;;;;;;;;;;;;;37.00;42.00;34.00;14.00;;;;29.00;31.00;29.00;;;;;;;;;;;;;;;;;;;;;;;;;;;;;;;;;;;;59.00;58.00;59.00;;;;;;;;;;;;;;;;;;;;;;;165.600;;;;;;;;;;;;;;;;;;;;;;;;;;;;;;;;;;;;;;;;;;;;;;;;;;;;;;;;;;;;;;;;;;;;;;;;;;;;;;;;;;;;;;;;;;;;;;;;;;;;;;;;;;;;;;;;;;;;;;;;;;;;;;;;;;;;;;;;;;;;;;;;;;;;;;;;;;;;;;;;;;;;;;;;;;;;;;;;;;;;;;;;;;;;;;;;;;;;;;;;;;;;;;;;;;;;;;;;;;;;;;;;;;;;;;;;;;;;;;;;;;;;;;;;;;;;;;;;;;;;;;;;;;;;;;;;;;;;;;;;;;;;;;;;;;;;;;;;;;;;;;;;;;;;;;;;;;;;;;;;;;;;;;;;;;;;;;;;;;;;;;;;;;;;;;;;;;;;;;;;;;;;;;;;;;;;;;;;;;;;;;;;;;;;;;;;;;;;;;;;;;;;;;;;;;;;;;;;;;;;;;;;;;;;;;;;;;;;;;;;;;;;;;;;;;;;;;;;;;0;4.30;6.10;2.50;9.10;10.60;8.60;166;372;27;266;263;955.70;;;18349518;9.00;;;;;;24.00
1556421000000;2019-04-28T04:10:00.000+0100;;;;;;;;;0.60;-100.00;371.70;371.90;372.20;125.00;121.00;120.00;;;;;;;;;;;;;;;;1.0;;;;;;;;;;;;;;;;;;;;;;;;;;;;;;;;;;;;;;;;;;;;50.00;;;;;;;;;;;;;;;;;;;;;;;;;;;;;;;;;;;;;;37.00;42.00;34.00;14.00;;;;29.00;31.00;29.00;;;;;;;;;;;;;;;;;;;;;;;;;;;;;;;;;;;;59.00;58.00;59.00;;;;;;;;;;;;;;;;;;;;;;;84.600;;;;;;;;;;;;;;;;;;;;;;;;;;;;;;;;;;;;;;;;;;;;;;;;;;;;;;;;;;;;;;;;;;;;;;;;;;;;;;;;;;;;;;;;;;;;;;;;;;;;;;;;;;;;;;;;;;;;;;;;;;;;;;;;;;;;;;;;;;;;;;;;;;;;;;;;;;;;;;;;;;;;;;;;;;;;;;;;;;;;;;;;;;;;;;;;;;;;;;;;;;;;;;;;;;;;;;;;;;;;;;;;;;;;;;;;;;;;;;;;;;;;;;;;;;;;;;;;;;;;;;;;;;;;;;;;;;;;;;;;;;;;;;;;;;;;;;;;;;;;;;;;;;;;;;;;;;;;;;;;;;;;;;;;;;;;;;;;;;;;;;;;;;;;;;;;;;;;;;;;;;;;;;;;;;;;;;;;;;;;;;;;;;;;;;;;;;;;;;;;;;;;;;;;;;;;;;;;;;;;;;;;;;;;;;;;;;;;;;;;;;;;;;;;;;;;;;;;;;0;3.60;5.20;1.80;8.80;9.20;8.60;85;204;-1;266;265;920.30;;;18349532;9.00;;;;;;24.00
1556421600000;2019-04-28T04:20:00.000+0100;;;;;;;;;0.70;-100.00;371.30;371.40;371.70;145.00;140.00;140.00;;;;;;;;;;;;;;;;1.0;;;;;;;;;;;;;;;;;;;;;;;;;;;;;;;;;;;;;;;;;;;;50.00;;;;;;;;;;;;;;;;;;;;;;;;;;;;;;;;;;;;;;36.00;42.00;34.00;14.00;;;;29.00;31.00;29.00;;;;;;;;;;;;;;;;;;;;;;;;;;;;;;;;;;;;58.00;57.00;59.00;;;;;;;;;;;;;;;;;;;;;;;112.600;;;;;;;;;;;;;;;;;;;;;;;;;;;;;;;;;;;;;;;;;;;;;;;;;;;;;;;;;;;;;;;;;;;;;;;;;;;;;;;;;;;;;;;;;;;;;;;;;;;;;;;;;;;;;;;;;;;;;;;;;;;;;;;;;;;;;;;;;;;;;;;;;;;;;;;;;;;;;;;;;;;;;;;;;;;;;;;;;;;;;;;;;;;;;;;;;;;;;;;;;;;;;;;;;;;;;;;;;;;;;;;;;;;;;;;;;;;;;;;;;;;;;;;;;;;;;;;;;;;;;;;;;;;;;;;;;;;;;;;;;;;;;;;;;;;;;;;;;;;;;;;;;;;;;;;;;;;;;;;;;;;;;;;;;;;;;;;;;;;;;;;;;;;;;;;;;;;;;;;;;;;;;;;;;;;;;;;;;;;;;;;;;;;;;;;;;;;;;;;;;;;;;;;;;;;;;;;;;;;;;;;;;;;;;;;;;;;;;;;;;;;;;;;;;;;;;;;;;;0;3.90;5.30;1.80;8.80;9.20;8.60;113;251;-2;266;262;922.40;;;18349552;9.00;;;;;;24.00
1556422200000;2019-04-28T04:30:00.000+0100;;;;;;;;;0.50;-96.40;371.40;371.80;371.90;106.00;102.00;101.00;;;;;;;;;;;;;;;;1.0;;;;;;;;;;;;;;;;;;;;;;;;;;;;;;;;;;;;;;;;;;;;50.00;;;;;;;;;;;;;;;;;;;;;;;;;;;;;;;;;;;;;;36.00;41.00;34.00;14.00;;;;29.00;31.00;28.00;;;;;;;;;;;;;;;;;;;;;;;;;;;;;;;;;;;;58.00;57.00;58.00;;;;;;;;;;;;;;;;;;;;;;;56.600;;;;;;;;;;;;;;;;;;;;;;;;;;;;;;;;;;;;;;;;;;;;;;;;;;;;;;;;;;;;;;;;;;;;;;;;;;;;;;;;;;;;;;;;;;;;;;;;;;;;;;;;;;;;;;;;;;;;;;;;;;;;;;;;;;;;;;;;;;;;;;;;;;;;;;;;;;;;;;;;;;;;;;;;;;;;;;;;;;;;;;;;;;;;;;;;;;;;;;;;;;;;;;;;;;;;;;;;;;;;;;;;;;;;;;;;;;;;;;;;;;;;;;;;;;;;;;;;;;;;;;;;;;;;;;;;;;;;;;;;;;;;;;;;;;;;;;;;;;;;;;;;;;;;;;;;;;;;;;;;;;;;;;;;;;;;;;;;;;;;;;;;;;;;;;;;;;;;;;;;;;;;;;;;;;;;;;;;;;;;;;;;;;;;;;;;;;;;;;;;;;;;;;;;;;;;;;;;;;;;;;;;;;;;;;;;;;;;;;;;;;;;;;;;;;;;;;;;;;0;3.20;4.50;1.60;8.80;8.90;8.60;57;137;1;261;263;920.00;;;18349560;9.00;;;;;;24.00
1556422800000;2019-04-28T04:40:00.000+0100;;;;;;;;;0.20;-96.10;371.70;371.60;371.70;97.00;92.00;93.00;;;;;;;;;;;;;;;;1.0;;;;;;;;;;;;;;;;;;;;;;;;;;;;;;;;;;;;;;;;;;;;50.00;;;;;;;;;;;;;;;;;;;;;;;;;;;;;;;;;;;;;;36.00;41.00;34.00;14.00;;;;29.00;30.00;28.00;;;;;;;;;;;;;;;;;;;;;;;;;;;;;;;;;;;;58.00;57.00;58.00;;;;;;;;;;;;;;;;;;;;;;;29.200;;;;;;;;;;;;;;;;;;;;;;;;;;;;;;;;;;;;;;;;;;;;;;;;;;;;;;;;;;;;;;;;;;;;;;;;;;;;;;;;;;;;;;;;;;;;;;;;;;;;;;;;;;;;;;;;;;;;;;;;;;;;;;;;;;;;;;;;;;;;;;;;;;;;;;;;;;;;;;;;;;;;;;;;;;;;;;;;;;;;;;;;;;;;;;;;;;;;;;;;;;;;;;;;;;;;;;;;;;;;;;;;;;;;;;;;;;;;;;;;;;;;;;;;;;;;;;;;;;;;;;;;;;;;;;;;;;;;;;;;;;;;;;;;;;;;;;;;;;;;;;;;;;;;;;;;;;;;;;;;;;;;;;;;;;;;;;;;;;;;;;;;;;;;;;;;;;;;;;;;;;;;;;;;;;;;;;;;;;;;;;;;;;;;;;;;;;;;;;;;;;;;;;;;;;;;;;;;;;;;;;;;;;;;;;;;;;;;;;;;;;;;;;;;;;;;;;;;;;0;2.90;4.20;1.60;8.70;9.00;7.90;29;124;-10;261;260;908.70;;;18349566;9.00;;;;;;23.00
1556423400000;2019-04-28T04:50:00.000+0100;;;;;;;;;0.60;-100.00;371.80;372.10;372.10;126.00;122.00;121.00;;;;;;;;;;;;;;;;1.0;;;;;;;;;;;;;;;;;;;;;;;;;;;;;;;;;;;;;;;;;;;;50.00;;;;;;;;;;;;;;;;;;;;;;;;;;;;;;;;;;;;;;36.00;41.00;34.00;14.00;;;;28.00;30.00;28.00;;;;;;;;;;;;;;;;;;;;;;;;;;;;;;;;;;;;58.00;56.00;58.00;;;;;;;;;;;;;;;;;;;;;;;85.200;;;;;;;;;;;;;;;;;;;;;;;;;;;;;;;;;;;;;;;;;;;;;;;;;;;;;;;;;;;;;;;;;;;;;;;;;;;;;;;;;;;;;;;;;;;;;;;;;;;;;;;;;;;;;;;;;;;;;;;;;;;;;;;;;;;;;;;;;;;;;;;;;;;;;;;;;;;;;;;;;;;;;;;;;;;;;;;;;;;;;;;;;;;;;;;;;;;;;;;;;;;;;;;;;;;;;;;;;;;;;;;;;;;;;;;;;;;;;;;;;;;;;;;;;;;;;;;;;;;;;;;;;;;;;;;;;;;;;;;;;;;;;;;;;;;;;;;;;;;;;;;;;;;;;;;;;;;;;;;;;;;;;;;;;;;;;;;;;;;;;;;;;;;;;;;;;;;;;;;;;;;;;;;;;;;;;;;;;;;;;;;;;;;;;;;;;;;;;;;;;;;;;;;;;;;;;;;;;;;;;;;;;;;;;;;;;;;;;;;;;;;;;;;;;;;;;;;;;;0;3.40;5.20;1.90;8.80;9.10;8.50;85;243;8;254;253;920.40;;;18349580;9.00;;;;;;24.00
1556424000000;2019-04-28T05:00:00.000+0100;;;;;;;;;0.70;-100.00;371.40;371.70;371.80;167.00;163.00;162.00;;;;;;;;;;;;;;;;1.0;;;;;;;;;;;;;;;;;;;;;;;;;;;;;;;;;;;;;;;;;;;;50.00;;;;;;;;;;;;;;;;;;;;;;;;;;;;;;;;;;;;;;36.00;41.00;34.00;14.00;;;;28.00;30.00;28.00;;;;;;;;;;;;;;;;;;;;;;;;;;;;;;;;;;;;58.00;57.00;58.00;;;;;;;;;;;;;;;;;;;;;;;142.800;;;;;;;;;;;;;;;;;;;;;;;;;;;;;;;;;;;;;;;;;;;;;;;;;;;;;;;;;;;;;;;;;;;;;;;;;;;;;;;;;;;;;;;;;;;;;;;;;;;;;;;;;;;;;;;;;;;;;;;;;;;;;;;;;;;;;;;;;;;;;;;;;;;;;;;;;;;;;;;;;;;;;;;;;;;;;;;;;;;;;;;;;;;;;;;;;;;;;;;;;;;;;;;;;;;;;;;;;;;;;;;;;;;;;;;;;;;;;;;;;;;;;;;;;;;;;;;;;;;;;;;;;;;;;;;;;;;;;;;;;;;;;;;;;;;;;;;;;;;;;;;;;;;;;;;;;;;;;;;;;;;;;;;;;;;;;;;;;;;;;;;;;;;;;;;;;;;;;;;;;;;;;;;;;;;;;;;;;;;;;;;;;;;;;;;;;;;;;;;;;;;;;;;;;;;;;;;;;;;;;;;;;;;;;;;;;;;;;;;;;;;;;;;;;;;;;;;;;;0;4.00;5.60;1.80;9.00;9.90;8.60;143;287;0;261;262;937.70;;;18349604;9.00;;;;;;24.00
1556424600000;2019-04-28T05:10:00.000+0100;;;;;;;;;0.00;-105.40;370.60;371.10;371.10;104.00;100.00;103.00;;;;;;;;;;;;;;;;1.0;;;;;;;;;;;;;;;;;;;;;;;;;;;;;;;;;;;;;;;;;;;;50.00;;;;;;;;;;;;;;;;;;;;;;;;;;;;;;;;;;;;;;36.00;40.00;34.00;14.00;;;;28.00;30.00;28.00;;;;;;;;;;;;;;;;;;;;;;;;;;;;;;;;;;;;56.00;55.00;56.00;;;;;;;;;;;;;;;;;;;;;;;17.900;;;;;;;;;;;;;;;;;;;;;;;;;;;;;;;;;;;;;;;;;;;;;;;;;;;;;;;;;;;;;;;;;;;;;;;;;;;;;;;;;;;;;;;;;;;;;;;;;;;;;;;;;;;;;;;;;;;;;;;;;;;;;;;;;;;;;;;;;;;;;;;;;;;;;;;;;;;;;;;;;;;;;;;;;;;;;;;;;;;;;;;;;;;;;;;;;;;;;;;;;;;;;;;;;;;;;;;;;;;;;;;;;;;;;;;;;;;;;;;;;;;;;;;;;;;;;;;;;;;;;;;;;;;;;;;;;;;;;;;;;;;;;;;;;;;;;;;;;;;;;;;;;;;;;;;;;;;;;;;;;;;;;;;;;;;;;;;;;;;;;;;;;;;;;;;;;;;;;;;;;;;;;;;;;;;;;;;;;;;;;;;;;;;;;;;;;;;;;;;;;;;;;;;;;;;;;;;;;;;;;;;;;;;;;;;;;;;;;;;;;;;;;;;;;;;;;;;;;;0;2.80;5.40;1.30;5.70;9.20;1.80;7;201;-35;255;251;597.90;;;18349606;9.00;;;;;;24.00
1556425200000;2019-04-28T05:20:00.000+0100;;;;;;;;;0.70;-110.00;371.10;371.30;371.40;164.00;159.00;158.00;;;;;;;;;;;;;;;;1.0;;;;;;;;;;;;;;;;;;;;;;;;;;;;;;;;;;;;;;;;;;;;50.00;;;;;;;;;;;;;;;;;;;;;;;;;;;;;;;;;;;;;;36.00;41.00;34.00;14.00;;;;28.00;30.00;28.00;;;;;;;;;;;;;;;;;;;;;;;;;;;;;;;;;;;;56.00;55.00;56.00;;;;;;;;;;;;;;;;;;;;;;;134.100;;;;;;;;;;;;;;;;;;;;;;;;;;;;;;;;;;;;;;;;;;;;;;;;;;;;;;;;;;;;;;;;;;;;;;;;;;;;;;;;;;;;;;;;;;;;;;;;;;;;;;;;;;;;;;;;;;;;;;;;;;;;;;;;;;;;;;;;;;;;;;;;;;;;;;;;;;;;;;;;;;;;;;;;;;;;;;;;;;;;;;;;;;;;;;;;;;;;;;;;;;;;;;;;;;;;;;;;;;;;;;;;;;;;;;;;;;;;;;;;;;;;;;;;;;;;;;;;;;;;;;;;;;;;;;;;;;;;;;;;;;;;;;;;;;;;;;;;;;;;;;;;;;;;;;;;;;;;;;;;;;;;;;;;;;;;;;;;;;;;;;;;;;;;;;;;;;;;;;;;;;;;;;;;;;;;;;;;;;;;;;;;;;;;;;;;;;;;;;;;;;;;;;;;;;;;;;;;;;;;;;;;;;;;;;;;;;;;;;;;;;;;;;;;;;;;;;;;;;0;4.20;5.70;2.20;8.90;9.80;8.60;134;242;8;241;241;933.50;;;18349628;9.00;;;;;;24.00
1556425800000;2019-04-28T05:30:00.000+0100;;;;;;;;;0.50;-110.00;371.00;371.30;371.40;142.00;138.00;137.00;;;;;;;;;;;;;;;;1.0;;;;;;;;;;;;;;;;;;;;;;;;;;;;;;;;;;;;;;;;;;;;50.00;;;;;;;;;;;;;;;;;;;;;;;;;;;;;;;;;;;;;;37.00;41.00;34.00;14.00;;;;28.00;30.00;28.00;;;;;;;;;;;;;;;;;;;;;;;;;;;;;;;;;;;;57.00;56.00;57.00;;;;;;;;;;;;;;;;;;;;;;;94.700;;;;;;;;;;;;;;;;;;;;;;;;;;;;;;;;;;;;;;;;;;;;;;;;;;;;;;;;;;;;;;;;;;;;;;;;;;;;;;;;;;;;;;;;;;;;;;;;;;;;;;;;;;;;;;;;;;;;;;;;;;;;;;;;;;;;;;;;;;;;;;;;;;;;;;;;;;;;;;;;;;;;;;;;;;;;;;;;;;;;;;;;;;;;;;;;;;;;;;;;;;;;;;;;;;;;;;;;;;;;;;;;;;;;;;;;;;;;;;;;;;;;;;;;;;;;;;;;;;;;;;;;;;;;;;;;;;;;;;;;;;;;;;;;;;;;;;;;;;;;;;;;;;;;;;;;;;;;;;;;;;;;;;;;;;;;;;;;;;;;;;;;;;;;;;;;;;;;;;;;;;;;;;;;;;;;;;;;;;;;;;;;;;;;;;;;;;;;;;;;;;;;;;;;;;;;;;;;;;;;;;;;;;;;;;;;;;;;;;;;;;;;;;;;;;;;;;;;;;0;3.70;5.60;2.00;8.80;9.40;8.60;95;232;-10;239;240;922.30;;;18349644;9.00;;;;;;24.00
1556426400000;2019-04-28T05:40:00.000+0100;;;;;;;;;0.80;-105.70;370.90;371.20;371.30;185.00;181.00;179.00;;;;;;;;;;;;;;;;1.0;;;;;;;;;;;;;;;;;;;;;;;;;;;;;;;;;;;;;;;;;;;;50.00;;;;;;;;;;;;;;;;;;;;;;;;;;;;;;;;;;;;;;37.00;41.00;34.00;14.00;;;;28.00;30.00;28.00;;;;;;;;;;;;;;;;;;;;;;;;;;;;;;;;;;;;57.00;56.00;58.00;;;;;;;;;;;;;;;;;;;;;;;169.000;;;;;;;;;;;;;;;;;;;;;;;;;;;;;;;;;;;;;;;;;;;;;;;;;;;;;;;;;;;;;;;;;;;;;;;;;;;;;;;;;;;;;;;;;;;;;;;;;;;;;;;;;;;;;;;;;;;;;;;;;;;;;;;;;;;;;;;;;;;;;;;;;;;;;;;;;;;;;;;;;;;;;;;;;;;;;;;;;;;;;;;;;;;;;;;;;;;;;;;;;;;;;;;;;;;;;;;;;;;;;;;;;;;;;;;;;;;;;;;;;;;;;;;;;;;;;;;;;;;;;;;;;;;;;;;;;;;;;;;;;;;;;;;;;;;;;;;;;;;;;;;;;;;;;;;;;;;;;;;;;;;;;;;;;;;;;;;;;;;;;;;;;;;;;;;;;;;;;;;;;;;;;;;;;;;;;;;;;;;;;;;;;;;;;;;;;;;;;;;;;;;;;;;;;;;;;;;;;;;;;;;;;;;;;;;;;;;;;;;;;;;;;;;;;;;;;;;;;;0;4.40;5.70;2.40;9.10;10.10;8.60;169;288;33;240;239;948.40;;;18349672;8.00;;;;;;24.00
1556427000000;2019-04-28T05:50:00.000+0100;;;;;;;;;0.70;-100.00;371.00;371.20;371.30;147.00;143.00;141.00;;;;;;;;;;;;;;;;3.0;;;;;;;;;;;;;;;;;;;;;;;;;;;;;;;;;;;;;;;;;;;;50.00;;;;;;;;;;;;;;;;;;;;;;;;;;;;;;;;;;;;;;37.00;41.00;34.00;14.00;;;;28.00;30.00;28.00;;;;;;;;;;;;;;;;;;;;;;;;;;;;;;;;;;;;58.00;57.00;58.00;;;;;;;;;;;;;;;;;;;;;;;121.400;;;;;;;;;;;;;;;;;;;;;;;;;;;;;;;;;;;;;;;;;;;;;;;;;;;;;;;;;;;;;;;;;;;;;;;;;;;;;;;;;;;;;;;;;;;;;;;;;;;;;;;;;;;;;;;;;;;;;;;;;;;;;;;;;;;;;;;;;;;;;;;;;;;;;;;;;;;;;;;;;;;;;;;;;;;;;;;;;;;;;;;;;;;;;;;;;;;;;;;;;;;;;;;;;;;;;;;;;;;;;;;;;;;;;;;;;;;;;;;;;;;;;;;;;;;;;;;;;;;;;;;;;;;;;;;;;;;;;;;;;;;;;;;;;;;;;;;;;;;;;;;;;;;;;;;;;;;;;;;;;;;;;;;;;;;;;;;;;;;;;;;;;;;;;;;;;;;;;;;;;;;;;;;;;;;;;;;;;;;;;;;;;;;;;;;;;;;;;;;;;;;;;;;;;;;;;;;;;;;;;;;;;;;;;;;;;;;;;;;;;;;;;;;;;;;;;;;;;;0;3.90;5.50;2.50;8.80;9.50;8.60;122;260;21;242;244;924.20;;;18349694;8.00;;;;;;24.00
1556427600000;2019-04-28T06:00:00.000+0100;;;;;;;;;0.60;-100.00;370.80;371.00;371.20;124.00;120.00;120.00;;;;;;;;;;;;;;;;1.0;;;;;;;;;;;;;;;;;;;;;;;;;;;;;;;;;;;;;;;;;;;;50.00;;;;;;;;;;;;;;;;;;;;;;;;;;;;;;;;;;;;;;37.00;41.00;34.00;14.00;;;;28.00;30.00;27.00;;;;;;;;;;;;;;;;;;;;;;;;;;;;;;;;;;;;58.00;57.00;58.00;;;;;;;;;;;;;;;;;;;;;;;84.100;;;;;;;;;;;;;;;;;;;;;;;;;;;;;;;;;;;;;;;;;;;;;;;;;;;;;;;;;;;;;;;;;;;;;;;;;;;;;;;;;;;;;;;;;;;;;;;;;;;;;;;;;;;;;;;;;;;;;;;;;;;;;;;;;;;;;;;;;;;;;;;;;;;;;;;;;;;;;;;;;;;;;;;;;;;;;;;;;;;;;;;;;;;;;;;;;;;;;;;;;;;;;;;;;;;;;;;;;;;;;;;;;;;;;;;;;;;;;;;;;;;;;;;;;;;;;;;;;;;;;;;;;;;;;;;;;;;;;;;;;;;;;;;;;;;;;;;;;;;;;;;;;;;;;;;;;;;;;;;;;;;;;;;;;;;;;;;;;;;;;;;;;;;;;;;;;;;;;;;;;;;;;;;;;;;;;;;;;;;;;;;;;;;;;;;;;;;;;;;;;;;;;;;;;;;;;;;;;;;;;;;;;;;;;;;;;;;;;;;;;;;;;;;;;;;;;;;;;;0;3.60;5.10;2.50;8.80;9.10;8.50;84;221;4;248;246;920.20;;;18349708;8.00;;;;;;23.00
1556428200000;2019-04-28T06:10:00.000+0100;;;;;;;;;0.60;-100.00;376.00;376.10;376.30;129.00;126.00;125.00;;;;;;;;;;;;;;;;1.0;;;;;;;;;;;;;;;;;;;;;;;;;;;;;;;;;;;;;;;;;;;;50.00;;;;;;;;;;;;;;;;;;;;;;;;;;;;;;;;;;;;;;37.00;41.00;34.00;14.00;;;;28.00;30.00;27.00;;;;;;;;;;;;;;;;;;;;;;;;;;;;;;;;;;;;58.00;57.00;58.00;;;;;;;;;;;;;;;;;;;;;;;96.100;;;;;;;;;;;;;;;;;;;;;;;;;;;;;;;;;;;;;;;;;;;;;;;;;;;;;;;;;;;;;;;;;;;;;;;;;;;;;;;;;;;;;;;;;;;;;;;;;;;;;;;;;;;;;;;;;;;;;;;;;;;;;;;;;;;;;;;;;;;;;;;;;;;;;;;;;;;;;;;;;;;;;;;;;;;;;;;;;;;;;;;;;;;;;;;;;;;;;;;;;;;;;;;;;;;;;;;;;;;;;;;;;;;;;;;;;;;;;;;;;;;;;;;;;;;;;;;;;;;;;;;;;;;;;;;;;;;;;;;;;;;;;;;;;;;;;;;;;;;;;;;;;;;;;;;;;;;;;;;;;;;;;;;;;;;;;;;;;;;;;;;;;;;;;;;;;;;;;;;;;;;;;;;;;;;;;;;;;;;;;;;;;;;;;;;;;;;;;;;;;;;;;;;;;;;;;;;;;;;;;;;;;;;;;;;;;;;;;;;;;;;;;;;;;;;;;;;;;;0;3.60;5.10;1.80;8.80;9.10;8.60;96;204;15;255;257;920.00;;;18349722;8.00;;;;;;23.00
1556428800000;2019-04-28T06:20:00.000+0100;;;;;;;;;0.70;-100.00;376.10;376.30;376.60;133.00;129.00;129.00;;;;;;;;;;;;;;;;3.0;;;;;;;;;;;;;;;;;;;;;;;;;;;;;;;;;;;;;;;;;;;;50.00;;;;;;;;;;;;;;;;;;;;;;;;;;;;;;;;;;;;;;36.00;41.00;34.00;14.00;;;;28.00;29.00;27.00;;;;;;;;;;;;;;;;;;;;;;;;;;;;;;;;;;;;58.00;57.00;58.00;;;;;;;;;;;;;;;;;;;;;;;102.200;;;;;;;;;;;;;;;;;;;;;;;;;;;;;;;;;;;;;;;;;;;;;;;;;;;;;;;;;;;;;;;;;;;;;;;;;;;;;;;;;;;;;;;;;;;;;;;;;;;;;;;;;;;;;;;;;;;;;;;;;;;;;;;;;;;;;;;;;;;;;;;;;;;;;;;;;;;;;;;;;;;;;;;;;;;;;;;;;;;;;;;;;;;;;;;;;;;;;;;;;;;;;;;;;;;;;;;;;;;;;;;;;;;;;;;;;;;;;;;;;;;;;;;;;;;;;;;;;;;;;;;;;;;;;;;;;;;;;;;;;;;;;;;;;;;;;;;;;;;;;;;;;;;;;;;;;;;;;;;;;;;;;;;;;;;;;;;;;;;;;;;;;;;;;;;;;;;;;;;;;;;;;;;;;;;;;;;;;;;;;;;;;;;;;;;;;;;;;;;;;;;;;;;;;;;;;;;;;;;;;;;;;;;;;;;;;;;;;;;;;;;;;;;;;;;;;;;;;;0;3.70;5.30;2.20;8.80;9.10;8.50;102;275;3;256;255;922.00;;;18349740;8.00;;;;;;24.00
1556429400000;2019-04-28T06:30:00.000+0100;;;;;;;;;0.80;-97.40;376.30;376.60;376.70;168.00;165.00;163.00;;;;;;;;;;;;;;;;3.0;;;;;;;;;;;;;;;;;;;;;;;;;;;;;;;;;;;;;;;;;;;;50.00;;;;;;;;;;;;;;;;;;;;;;;;;;;;;;;;;;;;;;36.00;41.00;34.00;14.00;;;;27.00;29.00;27.00;;;;;;;;;;;;;;;;;;;;;;;;;;;;;;;;;;;;58.00;57.00;58.00;;;;;;;;;;;;;;;;;;;;;;;153.700;;;;;;;;;;;;;;;;;;;;;;;;;;;;;;;;;;;;;;;;;;;;;;;;;;;;;;;;;;;;;;;;;;;;;;;;;;;;;;;;;;;;;;;;;;;;;;;;;;;;;;;;;;;;;;;;;;;;;;;;;;;;;;;;;;;;;;;;;;;;;;;;;;;;;;;;;;;;;;;;;;;;;;;;;;;;;;;;;;;;;;;;;;;;;;;;;;;;;;;;;;;;;;;;;;;;;;;;;;;;;;;;;;;;;;;;;;;;;;;;;;;;;;;;;;;;;;;;;;;;;;;;;;;;;;;;;;;;;;;;;;;;;;;;;;;;;;;;;;;;;;;;;;;;;;;;;;;;;;;;;;;;;;;;;;;;;;;;;;;;;;;;;;;;;;;;;;;;;;;;;;;;;;;;;;;;;;;;;;;;;;;;;;;;;;;;;;;;;;;;;;;;;;;;;;;;;;;;;;;;;;;;;;;;;;;;;;;;;;;;;;;;;;;;;;;;;;;;;;0;4.40;6.10;2.70;9.00;11.00;8.50;154;326;41;245;241;945.30;;;18349766;8.00;;;;;;23.00
1556430000000;2019-04-28T06:40:00.000+0100;;;;;;;;;0.90;-75.40;377.00;377.10;377.50;236.00;232.00;231.00;;;;;;;;;;;;;;;;3.0;;;;;;;;;;;;;;;;;;;;;;;;;;;;;;;;;;;;;;;;;;;;50.00;;;;;;;;;;;;;;;;;;;;;;;;;;;;;;;;;;;;;;37.00;41.00;34.00;14.00;;;;27.00;29.00;27.00;;;;;;;;;;;;;;;;;;;;;;;;;;;;;;;;;;;;59.00;58.00;59.00;;;;;;;;;;;;;;;;;;;;;;;248.600;;;;;;;;;;;;;;;;;;;;;;;;;;;;;;;;;;;;;;;;;;;;;;;;;;;;;;;;;;;;;;;;;;;;;;;;;;;;;;;;;;;;;;;;;;;;;;;;;;;;;;;;;;;;;;;;;;;;;;;;;;;;;;;;;;;;;;;;;;;;;;;;;;;;;;;;;;;;;;;;;;;;;;;;;;;;;;;;;;;;;;;;;;;;;;;;;;;;;;;;;;;;;;;;;;;;;;;;;;;;;;;;;;;;;;;;;;;;;;;;;;;;;;;;;;;;;;;;;;;;;;;;;;;;;;;;;;;;;;;;;;;;;;;;;;;;;;;;;;;;;;;;;;;;;;;;;;;;;;;;;;;;;;;;;;;;;;;;;;;;;;;;;;;;;;;;;;;;;;;;;;;;;;;;;;;;;;;;;;;;;;;;;;;;;;;;;;;;;;;;;;;;;;;;;;;;;;;;;;;;;;;;;;;;;;;;;;;;;;;;;;;;;;;;;;;;;;;;;;0;4.90;7.00;2.70;9.60;12.20;8.40;251;547;65;240;242;1002.50;;;18349808;8.00;;;;;;23.00
1556430600000;2019-04-28T06:50:00.000+0100;;;;;;;;;0.90;-55.50;376.90;376.90;377.40;175.00;171.00;171.00;;;;;;;;;;;;;;;;3.0;;;;;;;;;;;;;;;;;;;;;;;;;;;;;;;;;;;;;;;;;;;;50.00;;;;;;;;;;;;;;;;;;;;;;;;;;;;;;;;;;;;;;37.00;42.00;34.00;14.00;;;;27.00;29.00;27.00;;;;;;;;;;;;;;;;;;;;;;;;;;;;;;;;;;;;59.00;59.00;60.00;;;;;;;;;;;;;;;;;;;;;;;183.400;;;;;;;;;;;;;;;;;;;;;;;;;;;;;;;;;;;;;;;;;;;;;;;;;;;;;;;;;;;;;;;;;;;;;;;;;;;;;;;;;;;;;;;;;;;;;;;;;;;;;;;;;;;;;;;;;;;;;;;;;;;;;;;;;;;;;;;;;;;;;;;;;;;;;;;;;;;;;;;;;;;;;;;;;;;;;;;;;;;;;;;;;;;;;;;;;;;;;;;;;;;;;;;;;;;;;;;;;;;;;;;;;;;;;;;;;;;;;;;;;;;;;;;;;;;;;;;;;;;;;;;;;;;;;;;;;;;;;;;;;;;;;;;;;;;;;;;;;;;;;;;;;;;;;;;;;;;;;;;;;;;;;;;;;;;;;;;;;;;;;;;;;;;;;;;;;;;;;;;;;;;;;;;;;;;;;;;;;;;;;;;;;;;;;;;;;;;;;;;;;;;;;;;;;;;;;;;;;;;;;;;;;;;;;;;;;;;;;;;;;;;;;;;;;;;;;;;;;;0;4.30;7.20;2.10;9.20;12.40;8.60;184;537;19;240;242;967.00;;;18349838;8.00;;;;;;23.00
1556431200000;2019-04-28T07:00:00.000+0100;;;;;;;;;1.00;-71.30;376.10;376.20;376.50;247.00;243.00;241.00;;;;;;;;;;;;;;;;3.0;;;;;;;;;;;;;;;;;;;;;;;;;;;;;;;;;;;;;;;;;;;;50.00;;;;;;;;;;;;;;;;;;;;;;;;;;;;;;;;;;;;;;37.00;42.00;34.00;13.00;;;;27.00;29.00;27.00;;;;;;;;;;;;;;;;;;;;;;;;;;;;;;;;;;;;60.00;59.00;60.00;;;;;;;;;;;;;;;;;;;;;;;263.900;;;;;;;;;;;;;;;;;;;;;;;;;;;;;;;;;;;;;;;;;;;;;;;;;;;;;;;;;;;;;;;;;;;;;;;;;;;;;;;;;;;;;;;;;;;;;;;;;;;;;;;;;;;;;;;;;;;;;;;;;;;;;;;;;;;;;;;;;;;;;;;;;;;;;;;;;;;;;;;;;;;;;;;;;;;;;;;;;;;;;;;;;;;;;;;;;;;;;;;;;;;;;;;;;;;;;;;;;;;;;;;;;;;;;;;;;;;;;;;;;;;;;;;;;;;;;;;;;;;;;;;;;;;;;;;;;;;;;;;;;;;;;;;;;;;;;;;;;;;;;;;;;;;;;;;;;;;;;;;;;;;;;;;;;;;;;;;;;;;;;;;;;;;;;;;;;;;;;;;;;;;;;;;;;;;;;;;;;;;;;;;;;;;;;;;;;;;;;;;;;;;;;;;;;;;;;;;;;;;;;;;;;;;;;;;;;;;;;;;;;;;;;;;;;;;;;;;;;;0;5.00;6.60;3.30;9.70;11.50;8.70;264;483;83;240;240;1015.30;;;18349882;8.00;;;;;;23.00
1556431800000;2019-04-28T07:10:00.000+0100;;;;;;;;;0.90;-91.10;374.90;375.10;375.40;195.00;192.00;189.00;;;;;;;;;;;;;;;;1.0;;;;;;;;;;;;;;;;;;;;;;;;;;;;;;;;;;;;;;;;;;;;50.00;;;;;;;;;;;;;;;;;;;;;;;;;;;;;;;;;;;;;;37.00;42.00;34.00;13.00;;;;27.00;29.00;27.00;;;;;;;;;;;;;;;;;;;;;;;;;;;;;;;;;;;;60.00;59.00;60.00;;;;;;;;;;;;;;;;;;;;;;;192.100;;;;;;;;;;;;;;;;;;;;;;;;;;;;;;;;;;;;;;;;;;;;;;;;;;;;;;;;;;;;;;;;;;;;;;;;;;;;;;;;;;;;;;;;;;;;;;;;;;;;;;;;;;;;;;;;;;;;;;;;;;;;;;;;;;;;;;;;;;;;;;;;;;;;;;;;;;;;;;;;;;;;;;;;;;;;;;;;;;;;;;;;;;;;;;;;;;;;;;;;;;;;;;;;;;;;;;;;;;;;;;;;;;;;;;;;;;;;;;;;;;;;;;;;;;;;;;;;;;;;;;;;;;;;;;;;;;;;;;;;;;;;;;;;;;;;;;;;;;;;;;;;;;;;;;;;;;;;;;;;;;;;;;;;;;;;;;;;;;;;;;;;;;;;;;;;;;;;;;;;;;;;;;;;;;;;;;;;;;;;;;;;;;;;;;;;;;;;;;;;;;;;;;;;;;;;;;;;;;;;;;;;;;;;;;;;;;;;;;;;;;;;;;;;;;;;;;;;;;0;4.50;6.10;2.80;9.10;10.10;8.50;192;404;55;240;243;955.40;;;18349914;8.00;;;;;;23.00
1556432400000;2019-04-28T07:20:00.000+0100;;;;;;;;;0.70;-95.20;373.00;373.10;373.50;154.00;150.00;149.00;;;;;;;;;;;;;;;;1.0;;;;;;;;;;;;;;;;;;;;;;;;;;;;;;;;;;;;;;;;;;;;50.00;;;;;;;;;;;;;;;;;;;;;;;;;;;;;;;;;;;;;;37.00;42.00;34.00;14.00;;;;27.00;29.00;27.00;;;;;;;;;;;;;;;;;;;;;;;;;;;;;;;;;;;;60.00;59.00;60.00;;;;;;;;;;;;;;;;;;;;;;;133.900;;;;;;;;;;;;;;;;;;;;;;;;;;;;;;;;;;;;;;;;;;;;;;;;;;;;;;;;;;;;;;;;;;;;;;;;;;;;;;;;;;;;;;;;;;;;;;;;;;;;;;;;;;;;;;;;;;;;;;;;;;;;;;;;;;;;;;;;;;;;;;;;;;;;;;;;;;;;;;;;;;;;;;;;;;;;;;;;;;;;;;;;;;;;;;;;;;;;;;;;;;;;;;;;;;;;;;;;;;;;;;;;;;;;;;;;;;;;;;;;;;;;;;;;;;;;;;;;;;;;;;;;;;;;;;;;;;;;;;;;;;;;;;;;;;;;;;;;;;;;;;;;;;;;;;;;;;;;;;;;;;;;;;;;;;;;;;;;;;;;;;;;;;;;;;;;;;;;;;;;;;;;;;;;;;;;;;;;;;;;;;;;;;;;;;;;;;;;;;;;;;;;;;;;;;;;;;;;;;;;;;;;;;;;;;;;;;;;;;;;;;;;;;;;;;;;;;;;;;0;4.00;6.10;2.40;9.00;10.60;8.50;134;315;20;244;246;936.10;;;18349936;8.00;;;;;;23.00
1556433000000;2019-04-28T07:30:00.000+0100;;;;;;;;;0.70;-80.10;374.00;374.30;374.60;138.00;136.00;133.00;;;;;;;;;;;;;;;;3.0;;;;;;;;;;;;;;;;;;;;;;;;;;;;;;;;;;;;;;;;;;;;50.00;;;;;;;;;;;;;;;;;;;;;;;;;;;;;;;;;;;;;;37.00;41.00;34.00;14.00;;;;27.00;29.00;27.00;;;;;;;;;;;;;;;;;;;;;;;;;;;;;;;;;;;;59.00;58.00;59.00;;;;;;;;;;;;;;;;;;;;;;;120.400;;;;;;;;;;;;;;;;;;;;;;;;;;;;;;;;;;;;;;;;;;;;;;;;;;;;;;;;;;;;;;;;;;;;;;;;;;;;;;;;;;;;;;;;;;;;;;;;;;;;;;;;;;;;;;;;;;;;;;;;;;;;;;;;;;;;;;;;;;;;;;;;;;;;;;;;;;;;;;;;;;;;;;;;;;;;;;;;;;;;;;;;;;;;;;;;;;;;;;;;;;;;;;;;;;;;;;;;;;;;;;;;;;;;;;;;;;;;;;;;;;;;;;;;;;;;;;;;;;;;;;;;;;;;;;;;;;;;;;;;;;;;;;;;;;;;;;;;;;;;;;;;;;;;;;;;;;;;;;;;;;;;;;;;;;;;;;;;;;;;;;;;;;;;;;;;;;;;;;;;;;;;;;;;;;;;;;;;;;;;;;;;;;;;;;;;;;;;;;;;;;;;;;;;;;;;;;;;;;;;;;;;;;;;;;;;;;;;;;;;;;;;;;;;;;;;;;;;;;0;4.00;6.30;2.40;9.00;11.20;8.60;120;373;17;246;243;939.20;;;18349956;8.00;;;;;;23.00
1556433600000;2019-04-28T07:40:00.000+0100;;;;;;;;;0.60;-68.10;374.10;374.20;374.70;105.00;102.00;101.00;;;;;;;;;;;;;;;;1.0;;;;;;;;;;;;;;;;;;;;;;;;;;;;;;;;;;;;;;;;;;;;50.00;;;;;;;;;;;;;;;;;;;;;;;;;;;;;;;;;;;;;;37.00;42.00;34.00;14.00;;;;27.00;29.00;27.00;;;;;;;;;;;;;;;;;;;;;;;;;;;;;;;;;;;;59.00;58.00;59.00;;;;;;;;;;;;;;;;;;;;;;;82.800;;;;;;;;;;;;;;;;;;;;;;;;;;;;;;;;;;;;;;;;;;;;;;;;;;;;;;;;;;;;;;;;;;;;;;;;;;;;;;;;;;;;;;;;;;;;;;;;;;;;;;;;;;;;;;;;;;;;;;;;;;;;;;;;;;;;;;;;;;;;;;;;;;;;;;;;;;;;;;;;;;;;;;;;;;;;;;;;;;;;;;;;;;;;;;;;;;;;;;;;;;;;;;;;;;;;;;;;;;;;;;;;;;;;;;;;;;;;;;;;;;;;;;;;;;;;;;;;;;;;;;;;;;;;;;;;;;;;;;;;;;;;;;;;;;;;;;;;;;;;;;;;;;;;;;;;;;;;;;;;;;;;;;;;;;;;;;;;;;;;;;;;;;;;;;;;;;;;;;;;;;;;;;;;;;;;;;;;;;;;;;;;;;;;;;;;;;;;;;;;;;;;;;;;;;;;;;;;;;;;;;;;;;;;;;;;;;;;;;;;;;;;;;;;;;;;;;;;;;0;3.50;6.00;1.90;8.90;11.00;8.60;83;350;-1;248;248;932.30;;;18349970;8.00;;;;;;23.00
1556434200000;2019-04-28T07:50:00.000+0100;;;;;;;;;0.90;-42.40;375.40;375.50;375.90;136.00;133.00;131.00;;;;;;;;;;;;;;;;1.0;;;;;;;;;;;;;;;;;;;;;;;;;;;;;;;;;;;;;;;;;;;;50.00;;;;;;;;;;;;;;;;;;;;;;;;;;;;;;;;;;;;;;37.00;41.00;34.00;14.00;;;;27.00;29.00;27.00;;;;;;;;;;;;;;;;;;;;;;;;;;;;;;;;;;;;59.00;58.00;59.00;;;;;;;;;;;;;;;;;;;;;;;140.900;;;;;;;;;;;;;;;;;;;;;;;;;;;;;;;;;;;;;;;;;;;;;;;;;;;;;;;;;;;;;;;;;;;;;;;;;;;;;;;;;;;;;;;;;;;;;;;;;;;;;;;;;;;;;;;;;;;;;;;;;;;;;;;;;;;;;;;;;;;;;;;;;;;;;;;;;;;;;;;;;;;;;;;;;;;;;;;;;;;;;;;;;;;;;;;;;;;;;;;;;;;;;;;;;;;;;;;;;;;;;;;;;;;;;;;;;;;;;;;;;;;;;;;;;;;;;;;;;;;;;;;;;;;;;;;;;;;;;;;;;;;;;;;;;;;;;;;;;;;;;;;;;;;;;;;;;;;;;;;;;;;;;;;;;;;;;;;;;;;;;;;;;;;;;;;;;;;;;;;;;;;;;;;;;;;;;;;;;;;;;;;;;;;;;;;;;;;;;;;;;;;;;;;;;;;;;;;;;;;;;;;;;;;;;;;;;;;;;;;;;;;;;;;;;;;;;;;;;;0;4.00;6.20;2.00;8.90;10.20;8.40;141;299;9;243;245;929.30;;;18349994;8.00;;;;;;23.00
1556434800000;2019-04-28T08:00:00.000+0100;;;;;;;;;1.00;-43.70;375.70;375.70;376.20;225.00;222.00;220.00;;;;;;;;;;;;;;;;3.0;;;;;;;;;;;;;;;;;;;;;;;;;;;;;;;;;;;;;;;;;;;;50.00;;;;;;;;;;;;;;;;;;;;;;;;;;;;;;;;;;;;;;37.00;42.00;34.00;14.00;;;;27.00;29.00;27.00;;;;;;;;;;;;;;;;;;;;;;;;;;;;;;;;;;;;59.00;58.00;59.00;;;;;;;;;;;;;;;;;;;;;;;244.200;;;;;;;;;;;;;;;;;;;;;;;;;;;;;;;;;;;;;;;;;;;;;;;;;;;;;;;;;;;;;;;;;;;;;;;;;;;;;;;;;;;;;;;;;;;;;;;;;;;;;;;;;;;;;;;;;;;;;;;;;;;;;;;;;;;;;;;;;;;;;;;;;;;;;;;;;;;;;;;;;;;;;;;;;;;;;;;;;;;;;;;;;;;;;;;;;;;;;;;;;;;;;;;;;;;;;;;;;;;;;;;;;;;;;;;;;;;;;;;;;;;;;;;;;;;;;;;;;;;;;;;;;;;;;;;;;;;;;;;;;;;;;;;;;;;;;;;;;;;;;;;;;;;;;;;;;;;;;;;;;;;;;;;;;;;;;;;;;;;;;;;;;;;;;;;;;;;;;;;;;;;;;;;;;;;;;;;;;;;;;;;;;;;;;;;;;;;;;;;;;;;;;;;;;;;;;;;;;;;;;;;;;;;;;;;;;;;;;;;;;;;;;;;;;;;;;;;;;;0;4.50;6.50;2.80;9.20;10.50;8.40;246;528;70;254;254;957.70;;;18350034;8.00;;;;;;23.00
1556435400000;2019-04-28T08:10:00.000+0100;;;;;;;;;1.00;-57.90;375.50;375.60;376.00;264.00;261.00;259.00;;;;;;;;;;;;;;;;1.0;;;;;;;;;;;;;;;;;;;;;;;;;;;;;;;;;;;;;;;;;;;;50.00;;;;;;;;;;;;;;;;;;;;;;;;;;;;;;;;;;;;;;37.00;42.00;34.00;13.00;;;;27.00;29.00;27.00;;;;;;;;;;;;;;;;;;;;;;;;;;;;;;;;;;;;60.00;59.00;60.00;;;;;;;;;;;;;;;;;;;;;;;286.200;;;;;;;;;;;;;;;;;;;;;;;;;;;;;;;;;;;;;;;;;;;;;;;;;;;;;;;;;;;;;;;;;;;;;;;;;;;;;;;;;;;;;;;;;;;;;;;;;;;;;;;;;;;;;;;;;;;;;;;;;;;;;;;;;;;;;;;;;;;;;;;;;;;;;;;;;;;;;;;;;;;;;;;;;;;;;;;;;;;;;;;;;;;;;;;;;;;;;;;;;;;;;;;;;;;;;;;;;;;;;;;;;;;;;;;;;;;;;;;;;;;;;;;;;;;;;;;;;;;;;;;;;;;;;;;;;;;;;;;;;;;;;;;;;;;;;;;;;;;;;;;;;;;;;;;;;;;;;;;;;;;;;;;;;;;;;;;;;;;;;;;;;;;;;;;;;;;;;;;;;;;;;;;;;;;;;;;;;;;;;;;;;;;;;;;;;;;;;;;;;;;;;;;;;;;;;;;;;;;;;;;;;;;;;;;;;;;;;;;;;;;;;;;;;;;;;;;;;;0;4.80;6.60;3.00;9.40;10.70;7.90;288;517;67;258;258;981.10;;;18350082;8.00;;;;;;23.00
1556436000000;2019-04-28T08:20:00.000+0100;;;;;;;;;1.00;-76.00;374.70;374.50;375.00;250.00;244.00;243.00;;;;;;;;;;;;;;;;3.0;;;;;;;;;;;;;;;;;;;;;;;;;;;;;;;;;;;;;;;;;;;;50.00;;;;;;;;;;;;;;;;;;;;;;;;;;;;;;;;;;;;;;37.00;42.00;34.00;14.00;;;;27.00;29.00;27.00;;;;;;;;;;;;;;;;;;;;;;;;;;;;;;;;;;;;60.00;59.00;60.00;;;;;;;;;;;;;;;;;;;;;;;264.400;;;;;;;;;;;;;;;;;;;;;;;;;;;;;;;;;;;;;;;;;;;;;;;;;;;;;;;;;;;;;;;;;;;;;;;;;;;;;;;;;;;;;;;;;;;;;;;;;;;;;;;;;;;;;;;;;;;;;;;;;;;;;;;;;;;;;;;;;;;;;;;;;;;;;;;;;;;;;;;;;;;;;;;;;;;;;;;;;;;;;;;;;;;;;;;;;;;;;;;;;;;;;;;;;;;;;;;;;;;;;;;;;;;;;;;;;;;;;;;;;;;;;;;;;;;;;;;;;;;;;;;;;;;;;;;;;;;;;;;;;;;;;;;;;;;;;;;;;;;;;;;;;;;;;;;;;;;;;;;;;;;;;;;;;;;;;;;;;;;;;;;;;;;;;;;;;;;;;;;;;;;;;;;;;;;;;;;;;;;;;;;;;;;;;;;;;;;;;;;;;;;;;;;;;;;;;;;;;;;;;;;;;;;;;;;;;;;;;;;;;;;;;;;;;;;;;;;;;;0;4.90;6.70;3.30;9.60;11.10;8.70;264;430;107;264;266;999.00;;;18350126;9.00;;;;;;23.00
1556436600000;2019-04-28T08:30:00.000+0100;;;;;;;;;0.90;-91.40;374.10;374.00;374.50;270.00;265.00;263.00;;;;;;;;;;;;;;;;3.0;;;;;;;;;;;;;;;;;;;;;;;;;;;;;;;;;;;;;;;;;;;;50.00;;;;;;;;;;;;;;;;;;;;;;;;;;;;;;;;;;;;;;37.00;43.00;34.00;14.00;;;;27.00;29.00;27.00;;;;;;;;;;;;;;;;;;;;;;;;;;;;;;;;;;;;61.00;60.00;61.00;;;;;;;;;;;;;;;;;;;;;;;283.600;;;;;;;;;;;;;;;;;;;;;;;;;;;;;;;;;;;;;;;;;;;;;;;;;;;;;;;;;;;;;;;;;;;;;;;;;;;;;;;;;;;;;;;;;;;;;;;;;;;;;;;;;;;;;;;;;;;;;;;;;;;;;;;;;;;;;;;;;;;;;;;;;;;;;;;;;;;;;;;;;;;;;;;;;;;;;;;;;;;;;;;;;;;;;;;;;;;;;;;;;;;;;;;;;;;;;;;;;;;;;;;;;;;;;;;;;;;;;;;;;;;;;;;;;;;;;;;;;;;;;;;;;;;;;;;;;;;;;;;;;;;;;;;;;;;;;;;;;;;;;;;;;;;;;;;;;;;;;;;;;;;;;;;;;;;;;;;;;;;;;;;;;;;;;;;;;;;;;;;;;;;;;;;;;;;;;;;;;;;;;;;;;;;;;;;;;;;;;;;;;;;;;;;;;;;;;;;;;;;;;;;;;;;;;;;;;;;;;;;;;;;;;;;;;;;;;;;;;;0;5.20;6.60;3.80;9.80;11.30;8.70;284;441;125;272;271;1026.60;;;18350174;9.00;;;;;;23.00
1556437200000;2019-04-28T08:40:00.000+0100;;;;;;;;;1.00;-76.20;374.60;374.60;375.10;390.00;385.00;384.00;;;;;;;;;;;;;;;;3.0;;;;;;;;;;;;;;;;;;;;;;;;;;;;;;;;;;;;;;;;;;;;50.00;;;;;;;;;;;;;;;;;;;;;;;;;;;;;;;;;;;;;;37.00;43.00;34.00;14.00;;;;28.00;29.00;27.00;;;;;;;;;;;;;;;;;;;;;;;;;;;;;;;;;;;;62.00;61.00;62.00;;;;;;;;;;;;;;;;;;;;;;;426.400;;;;;;;;;;;;;;;;;;;;;;;;;;;;;;;;;;;;;;;;;;;;;;;;;;;;;;;;;;;;;;;;;;;;;;;;;;;;;;;;;;;;;;;;;;;;;;;;;;;;;;;;;;;;;;;;;;;;;;;;;;;;;;;;;;;;;;;;;;;;;;;;;;;;;;;;;;;;;;;;;;;;;;;;;;;;;;;;;;;;;;;;;;;;;;;;;;;;;;;;;;;;;;;;;;;;;;;;;;;;;;;;;;;;;;;;;;;;;;;;;;;;;;;;;;;;;;;;;;;;;;;;;;;;;;;;;;;;;;;;;;;;;;;;;;;;;;;;;;;;;;;;;;;;;;;;;;;;;;;;;;;;;;;;;;;;;;;;;;;;;;;;;;;;;;;;;;;;;;;;;;;;;;;;;;;;;;;;;;;;;;;;;;;;;;;;;;;;;;;;;;;;;;;;;;;;;;;;;;;;;;;;;;;;;;;;;;;;;;;;;;;;;;;;;;;;;;;;;;0;5.80;7.60;3.60;10.80;13.40;8.70;426;833;121;271;269;1129.90;;;18350244;9.00;;;;;;23.00
1556437800000;2019-04-28T08:50:00.000+0100;;;;;;;;;1.00;-70.00;375.20;375.20;375.80;512.00;506.00;505.00;;;;;;;;;;;;;;;;3.0;;;;;;;;;;;;;;;;;;;;;;;;;;;;;;;;;;;;;;;;;;;;50.00;;;;;;;;;;;;;;;;;;;;;;;;;;;;;;;;;;;;;;37.00;44.00;34.00;13.00;;;;28.00;30.00;28.00;;;;;;;;;;;;;;;;;;;;;;;;;;;;;;;;;;;;65.00;64.00;65.00;;;;;;;;;;;;;;;;;;;;;;;566.700;;;;;;;;;;;;;;;;;;;;;;;;;;;;;;;;;;;;;;;;;;;;;;;;;;;;;;;;;;;;;;;;;;;;;;;;;;;;;;;;;;;;;;;;;;;;;;;;;;;;;;;;;;;;;;;;;;;;;;;;;;;;;;;;;;;;;;;;;;;;;;;;;;;;;;;;;;;;;;;;;;;;;;;;;;;;;;;;;;;;;;;;;;;;;;;;;;;;;;;;;;;;;;;;;;;;;;;;;;;;;;;;;;;;;;;;;;;;;;;;;;;;;;;;;;;;;;;;;;;;;;;;;;;;;;;;;;;;;;;;;;;;;;;;;;;;;;;;;;;;;;;;;;;;;;;;;;;;;;;;;;;;;;;;;;;;;;;;;;;;;;;;;;;;;;;;;;;;;;;;;;;;;;;;;;;;;;;;;;;;;;;;;;;;;;;;;;;;;;;;;;;;;;;;;;;;;;;;;;;;;;;;;;;;;;;;;;;;;;;;;;;;;;;;;;;;;;;;;;0;6.40;8.00;4.40;12.20;14.30;9.50;567;862;197;269;270;1276.50;;;18350340;9.00;;;;;;23.00
1556438400000;2019-04-28T09:00:00.000+0100;;;;;;;;;1.00;-64.30;374.80;374.70;375.30;477.00;471.00;470.00;;;;;;;;;;;;;;;;3.0;;;;;;;;;;;;;;;;;;;;;;;;;;;;;;;;;;;;;;;;;;;;50.00;;;;;;;;;;;;;;;;;;;;;;;;;;;;;;;;;;;;;;37.00;45.00;34.00;13.00;;;;29.00;31.00;28.00;;;;;;;;;;;;;;;;;;;;;;;;;;;;;;;;;;;;67.00;65.00;67.00;;;;;;;;;;;;;;;;;;;;;;;527.200;;;;;;;;;;;;;;;;;;;;;;;;;;;;;;;;;;;;;;;;;;;;;;;;;;;;;;;;;;;;;;;;;;;;;;;;;;;;;;;;;;;;;;;;;;;;;;;;;;;;;;;;;;;;;;;;;;;;;;;;;;;;;;;;;;;;;;;;;;;;;;;;;;;;;;;;;;;;;;;;;;;;;;;;;;;;;;;;;;;;;;;;;;;;;;;;;;;;;;;;;;;;;;;;;;;;;;;;;;;;;;;;;;;;;;;;;;;;;;;;;;;;;;;;;;;;;;;;;;;;;;;;;;;;;;;;;;;;;;;;;;;;;;;;;;;;;;;;;;;;;;;;;;;;;;;;;;;;;;;;;;;;;;;;;;;;;;;;;;;;;;;;;;;;;;;;;;;;;;;;;;;;;;;;;;;;;;;;;;;;;;;;;;;;;;;;;;;;;;;;;;;;;;;;;;;;;;;;;;;;;;;;;;;;;;;;;;;;;;;;;;;;;;;;;;;;;;;;;;0;6.30;8.10;4.60;11.90;14.50;10.20;528;852;287;269;271;1248.40;;;18350428;9.00;;;;;;23.00
1556439000000;2019-04-28T09:10:00.000+0100;;;;;;;;;1.00;-77.10;373.40;373.30;373.90;401.00;396.00;394.00;;;;;;;;;;;;;;;;3.0;;;;;;;;;;;;;;;;;;;;;;;;;;;;;;;;;;;;;;;;;;;;50.00;;;;;;;;;;;;;;;;;;;;;;;;;;;;;;;;;;;;;;37.00;45.00;34.00;13.00;;;;29.00;31.00;29.00;;;;;;;;;;;;;;;;;;;;;;;;;;;;;;;;;;;;66.00;65.00;66.00;;;;;;;;;;;;;;;;;;;;;;;436.700;;;;;;;;;;;;;;;;;;;;;;;;;;;;;;;;;;;;;;;;;;;;;;;;;;;;;;;;;;;;;;;;;;;;;;;;;;;;;;;;;;;;;;;;;;;;;;;;;;;;;;;;;;;;;;;;;;;;;;;;;;;;;;;;;;;;;;;;;;;;;;;;;;;;;;;;;;;;;;;;;;;;;;;;;;;;;;;;;;;;;;;;;;;;;;;;;;;;;;;;;;;;;;;;;;;;;;;;;;;;;;;;;;;;;;;;;;;;;;;;;;;;;;;;;;;;;;;;;;;;;;;;;;;;;;;;;;;;;;;;;;;;;;;;;;;;;;;;;;;;;;;;;;;;;;;;;;;;;;;;;;;;;;;;;;;;;;;;;;;;;;;;;;;;;;;;;;;;;;;;;;;;;;;;;;;;;;;;;;;;;;;;;;;;;;;;;;;;;;;;;;;;;;;;;;;;;;;;;;;;;;;;;;;;;;;;;;;;;;;;;;;;;;;;;;;;;;;;;;0;5.80;7.50;3.70;11.00;13.20;9.00;437;723;243;269;266;1151.50;;;18350500;9.00;;;;;;23.00
1556439600000;2019-04-28T09:20:00.000+0100;;;;;;;;;0.90;-86.00;374.90;374.90;375.40;237.00;233.00;231.00;;;;;;;;;;;;;;;;3.0;;;;;;;;;;;;;;;;;;;;;;;;;;;;;;;;;;;;;;;;;;;;50.00;;;;;;;;;;;;;;;;;;;;;;;;;;;;;;;;;;;;;;37.00;45.00;34.00;13.00;;;;29.00;31.00;29.00;;;;;;;;;;;;;;;;;;;;;;;;;;;;;;;;;;;;65.00;63.00;65.00;;;;;;;;;;;;;;;;;;;;;;;245.100;;;;;;;;;;;;;;;;;;;;;;;;;;;;;;;;;;;;;;;;;;;;;;;;;;;;;;;;;;;;;;;;;;;;;;;;;;;;;;;;;;;;;;;;;;;;;;;;;;;;;;;;;;;;;;;;;;;;;;;;;;;;;;;;;;;;;;;;;;;;;;;;;;;;;;;;;;;;;;;;;;;;;;;;;;;;;;;;;;;;;;;;;;;;;;;;;;;;;;;;;;;;;;;;;;;;;;;;;;;;;;;;;;;;;;;;;;;;;;;;;;;;;;;;;;;;;;;;;;;;;;;;;;;;;;;;;;;;;;;;;;;;;;;;;;;;;;;;;;;;;;;;;;;;;;;;;;;;;;;;;;;;;;;;;;;;;;;;;;;;;;;;;;;;;;;;;;;;;;;;;;;;;;;;;;;;;;;;;;;;;;;;;;;;;;;;;;;;;;;;;;;;;;;;;;;;;;;;;;;;;;;;;;;;;;;;;;;;;;;;;;;;;;;;;;;;;;;;;;0;4.80;7.40;2.10;9.60;12.40;8.50;245;568;50;266;266;1005.00;;;18350542;9.00;;;;;;23.00
1556440200000;2019-04-28T09:30:00.000+0100;;;;;;;;;0.90;-80.00;376.10;376.20;376.70;214.00;210.00;210.00;;;;;;;;;;;;;;;;1.0;;;;;;;;;;;;;;;;;;;;;;;;;;;;;;;;;;;;;;;;;;;;50.00;;;;;;;;;;;;;;;;;;;;;;;;;;;;;;;;;;;;;;37.00;44.00;34.00;14.00;;;;29.00;31.00;29.00;;;;;;;;;;;;;;;;;;;;;;;;;;;;;;;;;;;;63.00;62.00;63.00;;;;;;;;;;;;;;;;;;;;;;;221.600;;;;;;;;;;;;;;;;;;;;;;;;;;;;;;;;;;;;;;;;;;;;;;;;;;;;;;;;;;;;;;;;;;;;;;;;;;;;;;;;;;;;;;;;;;;;;;;;;;;;;;;;;;;;;;;;;;;;;;;;;;;;;;;;;;;;;;;;;;;;;;;;;;;;;;;;;;;;;;;;;;;;;;;;;;;;;;;;;;;;;;;;;;;;;;;;;;;;;;;;;;;;;;;;;;;;;;;;;;;;;;;;;;;;;;;;;;;;;;;;;;;;;;;;;;;;;;;;;;;;;;;;;;;;;;;;;;;;;;;;;;;;;;;;;;;;;;;;;;;;;;;;;;;;;;;;;;;;;;;;;;;;;;;;;;;;;;;;;;;;;;;;;;;;;;;;;;;;;;;;;;;;;;;;;;;;;;;;;;;;;;;;;;;;;;;;;;;;;;;;;;;;;;;;;;;;;;;;;;;;;;;;;;;;;;;;;;;;;;;;;;;;;;;;;;;;;;;;;;0;4.80;6.70;3.10;9.50;12.00;8.60;222;565;36;266;267;990.10;;;18350578;9.00;;;;;;23.00
1556440800000;2019-04-28T09:40:00.000+0100;;;;;;;;;0.90;-89.30;375.60;375.60;376.20;260.00;256.00;255.00;;;;;;;;;;;;;;;;3.0;;;;;;;;;;;;;;;;;;;;;;;;;;;;;;;;;;;;;;;;;;;;50.00;;;;;;;;;;;;;;;;;;;;;;;;;;;;;;;;;;;;;;37.00;44.00;34.00;14.00;;;;29.00;31.00;29.00;;;;;;;;;;;;;;;;;;;;;;;;;;;;;;;;;;;;62.00;61.00;62.00;;;;;;;;;;;;;;;;;;;;;;;274.600;;;;;;;;;;;;;;;;;;;;;;;;;;;;;;;;;;;;;;;;;;;;;;;;;;;;;;;;;;;;;;;;;;;;;;;;;;;;;;;;;;;;;;;;;;;;;;;;;;;;;;;;;;;;;;;;;;;;;;;;;;;;;;;;;;;;;;;;;;;;;;;;;;;;;;;;;;;;;;;;;;;;;;;;;;;;;;;;;;;;;;;;;;;;;;;;;;;;;;;;;;;;;;;;;;;;;;;;;;;;;;;;;;;;;;;;;;;;;;;;;;;;;;;;;;;;;;;;;;;;;;;;;;;;;;;;;;;;;;;;;;;;;;;;;;;;;;;;;;;;;;;;;;;;;;;;;;;;;;;;;;;;;;;;;;;;;;;;;;;;;;;;;;;;;;;;;;;;;;;;;;;;;;;;;;;;;;;;;;;;;;;;;;;;;;;;;;;;;;;;;;;;;;;;;;;;;;;;;;;;;;;;;;;;;;;;;;;;;;;;;;;;;;;;;;;;;;;;;;0;5.20;6.30;3.60;9.80;11.00;8.80;275;447;156;277;275;1028.50;;;18350624;9.00;;;;;;23.00
1556441400000;2019-04-28T09:50:00.000+0100;;;;;;;;;0.90;-68.20;376.30;376.30;376.90;160.00;156.00;155.00;;;;;;;;;;;;;;;;3.0;;;;;;;;;;;;;;;;;;;;;;;;;;;;;;;;;;;;;;;;;;;;50.00;;;;;;;;;;;;;;;;;;;;;;;;;;;;;;;;;;;;;;37.00;44.00;34.00;14.00;;;;29.00;31.00;28.00;;;;;;;;;;;;;;;;;;;;;;;;;;;;;;;;;;;;61.00;60.00;62.00;;;;;;;;;;;;;;;;;;;;;;;160.100;;;;;;;;;;;;;;;;;;;;;;;;;;;;;;;;;;;;;;;;;;;;;;;;;;;;;;;;;;;;;;;;;;;;;;;;;;;;;;;;;;;;;;;;;;;;;;;;;;;;;;;;;;;;;;;;;;;;;;;;;;;;;;;;;;;;;;;;;;;;;;;;;;;;;;;;;;;;;;;;;;;;;;;;;;;;;;;;;;;;;;;;;;;;;;;;;;;;;;;;;;;;;;;;;;;;;;;;;;;;;;;;;;;;;;;;;;;;;;;;;;;;;;;;;;;;;;;;;;;;;;;;;;;;;;;;;;;;;;;;;;;;;;;;;;;;;;;;;;;;;;;;;;;;;;;;;;;;;;;;;;;;;;;;;;;;;;;;;;;;;;;;;;;;;;;;;;;;;;;;;;;;;;;;;;;;;;;;;;;;;;;;;;;;;;;;;;;;;;;;;;;;;;;;;;;;;;;;;;;;;;;;;;;;;;;;;;;;;;;;;;;;;;;;;;;;;;;;;;0;4.30;6.10;2.10;9.20;10.80;8.60;160;375;37;267;266;958.50;;;18350650;9.00;;;;;;23.00
1556442000000;2019-04-28T10:00:00.000+0100;;;;;;;;;0.90;-65.30;376.50;376.50;377.10;190.00;186.00;185.00;;;;;;;;;;;;;;;;3.0;;;;;;;;;;;;;;;;;;;;;;;;;;;;;;;;;;;;;;;;;;;;50.00;;;;;;;;;;;;;;;;;;;;;;;;;;;;;;;;;;;;;;37.00;44.00;34.00;14.00;;;;29.00;30.00;28.00;;;;;;;;;;;;;;;;;;;;;;;;;;;;;;;;;;;;61.00;59.00;61.00;;;;;;;;;;;;;;;;;;;;;;;198.900;;;;;;;;;;;;;;;;;;;;;;;;;;;;;;;;;;;;;;;;;;;;;;;;;;;;;;;;;;;;;;;;;;;;;;;;;;;;;;;;;;;;;;;;;;;;;;;;;;;;;;;;;;;;;;;;;;;;;;;;;;;;;;;;;;;;;;;;;;;;;;;;;;;;;;;;;;;;;;;;;;;;;;;;;;;;;;;;;;;;;;;;;;;;;;;;;;;;;;;;;;;;;;;;;;;;;;;;;;;;;;;;;;;;;;;;;;;;;;;;;;;;;;;;;;;;;;;;;;;;;;;;;;;;;;;;;;;;;;;;;;;;;;;;;;;;;;;;;;;;;;;;;;;;;;;;;;;;;;;;;;;;;;;;;;;;;;;;;;;;;;;;;;;;;;;;;;;;;;;;;;;;;;;;;;;;;;;;;;;;;;;;;;;;;;;;;;;;;;;;;;;;;;;;;;;;;;;;;;;;;;;;;;;;;;;;;;;;;;;;;;;;;;;;;;;;;;;;;;0;4.70;6.30;2.90;9.30;10.60;8.60;199;381;44;264;264;972.80;;;18350684;9.00;;;;;;23.00
1556442600000;2019-04-28T10:10:00.000+0100;;;;;;;;;1.00;-45.20;378.50;378.50;379.00;615.00;609.00;609.00;;;;;;;;;;;;;;;;3.0;;;;;;;;;;;;;;;;;;;;;;;;;;;;;;;;;;;;;;;;;;;;50.00;;;;;;;;;;;;;;;;;;;;;;;;;;;;;;;;;;;;;;37.00;44.00;34.00;13.00;;;;29.00;30.00;28.00;;;;;;;;;;;;;;;;;;;;;;;;;;;;;;;;;;;;63.00;62.00;63.00;;;;;;;;;;;;;;;;;;;;;;;691.800;;;;;;;;;;;;;;;;;;;;;;;;;;;;;;;;;;;;;;;;;;;;;;;;;;;;;;;;;;;;;;;;;;;;;;;;;;;;;;;;;;;;;;;;;;;;;;;;;;;;;;;;;;;;;;;;;;;;;;;;;;;;;;;;;;;;;;;;;;;;;;;;;;;;;;;;;;;;;;;;;;;;;;;;;;;;;;;;;;;;;;;;;;;;;;;;;;;;;;;;;;;;;;;;;;;;;;;;;;;;;;;;;;;;;;;;;;;;;;;;;;;;;;;;;;;;;;;;;;;;;;;;;;;;;;;;;;;;;;;;;;;;;;;;;;;;;;;;;;;;;;;;;;;;;;;;;;;;;;;;;;;;;;;;;;;;;;;;;;;;;;;;;;;;;;;;;;;;;;;;;;;;;;;;;;;;;;;;;;;;;;;;;;;;;;;;;;;;;;;;;;;;;;;;;;;;;;;;;;;;;;;;;;;;;;;;;;;;;;;;;;;;;;;;;;;;;;;;;;0;6.60;9.80;3.40;12.00;14.90;8.90;691;1481;137;263;263;1251.90;;;18350798;9.00;;;;;;23.00
1556443200000;2019-04-28T10:20:00.000+0100;;;;;;;;;1.00;-15.00;379.90;379.90;380.50;686.00;681.00;680.00;;;;;;;;;;;;;;;;3.0;;;;;;;;;;;;;;;;;;;;;;;;;;;;;;;;;;;;;;;;;;;;50.00;;;;;;;;;;;;;;;;;;;;;;;;;;;;;;;;;;;;;;37.00;47.00;34.00;13.00;;;;30.00;32.00;30.00;;;;;;;;;;;;;;;;;;;;;;;;;;;;;;;;;;;;69.00;67.00;68.00;;;;;;;;;;;;;;;;;;;;;;;786.300;;;;;;;;;;;;;;;;;;;;;;;;;;;;;;;;;;;;;;;;;;;;;;;;;;;;;;;;;;;;;;;;;;;;;;;;;;;;;;;;;;;;;;;;;;;;;;;;;;;;;;;;;;;;;;;;;;;;;;;;;;;;;;;;;;;;;;;;;;;;;;;;;;;;;;;;;;;;;;;;;;;;;;;;;;;;;;;;;;;;;;;;;;;;;;;;;;;;;;;;;;;;;;;;;;;;;;;;;;;;;;;;;;;;;;;;;;;;;;;;;;;;;;;;;;;;;;;;;;;;;;;;;;;;;;;;;;;;;;;;;;;;;;;;;;;;;;;;;;;;;;;;;;;;;;;;;;;;;;;;;;;;;;;;;;;;;;;;;;;;;;;;;;;;;;;;;;;;;;;;;;;;;;;;;;;;;;;;;;;;;;;;;;;;;;;;;;;;;;;;;;;;;;;;;;;;;;;;;;;;;;;;;;;;;;;;;;;;;;;;;;;;;;;;;;;;;;;;;;0;7.10;9.70;3.00;13.40;14.90;8.60;778;1448;187;268;267;1397.50;;;18350928;8.00;;;;;;23.00
1556443800000;2019-04-28T10:30:00.000+0100;;;;;;;;;1.00;-1.40;380.10;380.10;380.70;819.00;813.00;811.00;;;;;;;;;;;;;;;;3.0;;;;;;;;;;;;;;;;;;;;;;;;;;;;;;;;;;;;;;;;;;;;50.00;;;;;;;;;;;;;;;;;;;;;;;;;;;;;;;;;;;;;;37.00;48.00;34.00;13.00;;;;32.00;34.00;32.00;;;;;;;;;;;;;;;;;;;;;;;;;;;;;;;;;;;;72.00;70.00;71.00;;;;;;;;;;;;;;;;;;;;;;;931.900;;;;;;;;;;;;;;;;;;;;;;;;;;;;;;;;;;;;;;;;;;;;;;;;;;;;;;;;;;;;;;;;;;;;;;;;;;;;;;;;;;;;;;;;;;;;;;;;;;;;;;;;;;;;;;;;;;;;;;;;;;;;;;;;;;;;;;;;;;;;;;;;;;;;;;;;;;;;;;;;;;;;;;;;;;;;;;;;;;;;;;;;;;;;;;;;;;;;;;;;;;;;;;;;;;;;;;;;;;;;;;;;;;;;;;;;;;;;;;;;;;;;;;;;;;;;;;;;;;;;;;;;;;;;;;;;;;;;;;;;;;;;;;;;;;;;;;;;;;;;;;;;;;;;;;;;;;;;;;;;;;;;;;;;;;;;;;;;;;;;;;;;;;;;;;;;;;;;;;;;;;;;;;;;;;;;;;;;;;;;;;;;;;;;;;;;;;;;;;;;;;;;;;;;;;;;;;;;;;;;;;;;;;;;;;;;;;;;;;;;;;;;;;;;;;;;;;;;;;0;7.80;9.90;5.30;14.00;15.00;9.70;928;1517;274;268;267;1466.40;;;18351084;8.00;;;;;;25.00
1556444400000;2019-04-28T10:40:00.000+0100;;;;;;;;;1.00;-2.40;379.40;379.50;380.10;940.00;933.00;932.00;;;;;;;;;;;;;;;;3.0;;;;;;;;;;;;;;;;;;;;;;;;;;;;;;;;;;;;;;;;;;;;50.00;;;;;;;;;;;;;;;;;;;;;;;;;;;;;;;;;;;;;;37.00;49.00;34.00;13.00;;;;34.00;36.00;33.00;;;;;;;;;;;;;;;;;;;;;;;;;;;;;;;;;;;;75.00;73.00;74.00;;;;;;;;;;;;;;;;;;;;;;;1060.400;;;;;;;;;;;;;;;;;;;;;;;;;;;;;;;;;;;;;;;;;;;;;;;;;;;;;;;;;;;;;;;;;;;;;;;;;;;;;;;;;;;;;;;;;;;;;;;;;;;;;;;;;;;;;;;;;;;;;;;;;;;;;;;;;;;;;;;;;;;;;;;;;;;;;;;;;;;;;;;;;;;;;;;;;;;;;;;;;;;;;;;;;;;;;;;;;;;;;;;;;;;;;;;;;;;;;;;;;;;;;;;;;;;;;;;;;;;;;;;;;;;;;;;;;;;;;;;;;;;;;;;;;;;;;;;;;;;;;;;;;;;;;;;;;;;;;;;;;;;;;;;;;;;;;;;;;;;;;;;;;;;;;;;;;;;;;;;;;;;;;;;;;;;;;;;;;;;;;;;;;;;;;;;;;;;;;;;;;;;;;;;;;;;;;;;;;;;;;;;;;;;;;;;;;;;;;;;;;;;;;;;;;;;;;;;;;;;;;;;;;;;;;;;;;;;;;;;;;;0;8.10;9.50;6.40;14.60;15.10;13.40;1065;1559;643;268;268;1528.60;;;18351260;8.00;;;;;;26.00
1556445000000;2019-04-28T10:50:00.000+0100;;;;;;;;;1.00;-0.60;379.00;379.00;379.60;952.00;945.00;943.00;;;;;;;;;;;;;;;;3.0;;;;;;;;;;;;;;;;;;;;;;;;;;;;;;;;;;;;;;;;;;;;50.00;;;;;;;;;;;;;;;;;;;;;;;;;;;;;;;;;;;;;;37.00;50.00;34.00;13.00;;;;36.00;37.00;35.00;;;;;;;;;;;;;;;;;;;;;;;;;;;;;;;;;;;;77.00;74.00;76.00;;;;;;;;;;;;;;;;;;;;;;;1068.500;;;;;;;;;;;;;;;;;;;;;;;;;;;;;;;;;;;;;;;;;;;;;;;;;;;;;;;;;;;;;;;;;;;;;;;;;;;;;;;;;;;;;;;;;;;;;;;;;;;;;;;;;;;;;;;;;;;;;;;;;;;;;;;;;;;;;;;;;;;;;;;;;;;;;;;;;;;;;;;;;;;;;;;;;;;;;;;;;;;;;;;;;;;;;;;;;;;;;;;;;;;;;;;;;;;;;;;;;;;;;;;;;;;;;;;;;;;;;;;;;;;;;;;;;;;;;;;;;;;;;;;;;;;;;;;;;;;;;;;;;;;;;;;;;;;;;;;;;;;;;;;;;;;;;;;;;;;;;;;;;;;;;;;;;;;;;;;;;;;;;;;;;;;;;;;;;;;;;;;;;;;;;;;;;;;;;;;;;;;;;;;;;;;;;;;;;;;;;;;;;;;;;;;;;;;;;;;;;;;;;;;;;;;;;;;;;;;;;;;;;;;;;;;;;;;;;;;;;;0;8.20;9.50;6.00;14.60;15.10;13.30;1077;1544;505;274;276;1528.90;;;18351440;8.00;;;;;;24.00
1556445600000;2019-04-28T11:00:00.000+0100;;;;;;;;;1.00;-10.80;378.40;378.50;379.00;653.00;648.00;645.00;;;;;;;;;;;;;;;;3.0;;;;;;;;;;;;;;;;;;;;;;;;;;;;;;;;;;;;;;;;;;;;50.00;;;;;;;;;;;;;;;;;;;;;;;;;;;;;;;;;;;;;;37.00;50.00;34.00;13.00;;;;37.00;39.00;37.00;;;;;;;;;;;;;;;;;;;;;;;;;;;;;;;;;;;;76.00;74.00;76.00;;;;;;;;;;;;;;;;;;;;;;;737.200;;;;;;;;;;;;;;;;;;;;;;;;;;;;;;;;;;;;;;;;;;;;;;;;;;;;;;;;;;;;;;;;;;;;;;;;;;;;;;;;;;;;;;;;;;;;;;;;;;;;;;;;;;;;;;;;;;;;;;;;;;;;;;;;;;;;;;;;;;;;;;;;;;;;;;;;;;;;;;;;;;;;;;;;;;;;;;;;;;;;;;;;;;;;;;;;;;;;;;;;;;;;;;;;;;;;;;;;;;;;;;;;;;;;;;;;;;;;;;;;;;;;;;;;;;;;;;;;;;;;;;;;;;;;;;;;;;;;;;;;;;;;;;;;;;;;;;;;;;;;;;;;;;;;;;;;;;;;;;;;;;;;;;;;;;;;;;;;;;;;;;;;;;;;;;;;;;;;;;;;;;;;;;;;;;;;;;;;;;;;;;;;;;;;;;;;;;;;;;;;;;;;;;;;;;;;;;;;;;;;;;;;;;;;;;;;;;;;;;;;;;;;;;;;;;;;;;;;;;0;7.10;9.10;4.80;13.30;15.00;10.70;737;1335;387;277;277;1390.80;;;18351564;8.00;;;;;;23.00
1556446200000;2019-04-28T11:10:00.000+0100;;;;;;;;;1.00;-26.20;377.20;377.40;377.90;702.00;697.00;695.00;;;;;;;;;;;;;;;;3.0;;;;;;;;;;;;;;;;;;;;;;;;;;;;;;;;;;;;;;;;;;;;50.00;;;;;;;;;;;;;;;;;;;;;;;;;;;;;;;;;;;;;;37.00;50.00;34.00;13.00;;;;37.00;39.00;37.00;;;;;;;;;;;;;;;;;;;;;;;;;;;;;;;;;;;;75.00;73.00;75.00;;;;;;;;;;;;;;;;;;;;;;;786.800;;;;;;;;;;;;;;;;;;;;;;;;;;;;;;;;;;;;;;;;;;;;;;;;;;;;;;;;;;;;;;;;;;;;;;;;;;;;;;;;;;;;;;;;;;;;;;;;;;;;;;;;;;;;;;;;;;;;;;;;;;;;;;;;;;;;;;;;;;;;;;;;;;;;;;;;;;;;;;;;;;;;;;;;;;;;;;;;;;;;;;;;;;;;;;;;;;;;;;;;;;;;;;;;;;;;;;;;;;;;;;;;;;;;;;;;;;;;;;;;;;;;;;;;;;;;;;;;;;;;;;;;;;;;;;;;;;;;;;;;;;;;;;;;;;;;;;;;;;;;;;;;;;;;;;;;;;;;;;;;;;;;;;;;;;;;;;;;;;;;;;;;;;;;;;;;;;;;;;;;;;;;;;;;;;;;;;;;;;;;;;;;;;;;;;;;;;;;;;;;;;;;;;;;;;;;;;;;;;;;;;;;;;;;;;;;;;;;;;;;;;;;;;;;;;;;;;;;;;0;7.00;8.80;4.40;13.00;14.80;9.30;790;1233;252;274;274;1362.10;;;18351694;9.00;;;;;;22.00
1556446800000;2019-04-28T11:20:00.000+0100;;;;;;;;;1.00;-18.00;377.30;377.60;378.10;420.00;416.00;414.00;;;;;;;;;;;;;;;;3.0;;;;;;;;;;;;;;;;;;;;;;;;;;;;;;;;;;;;;;;;;;;;50.00;;;;;;;;;;;;;;;;;;;;;;;;;;;;;;;;;;;;;;37.00;49.00;34.00;13.00;;;;37.00;39.00;37.00;;;;;;;;;;;;;;;;;;;;;;;;;;;;;;;;;;;;72.00;71.00;73.00;;;;;;;;;;;;;;;;;;;;;;;469.100;;;;;;;;;;;;;;;;;;;;;;;;;;;;;;;;;;;;;;;;;;;;;;;;;;;;;;;;;;;;;;;;;;;;;;;;;;;;;;;;;;;;;;;;;;;;;;;;;;;;;;;;;;;;;;;;;;;;;;;;;;;;;;;;;;;;;;;;;;;;;;;;;;;;;;;;;;;;;;;;;;;;;;;;;;;;;;;;;;;;;;;;;;;;;;;;;;;;;;;;;;;;;;;;;;;;;;;;;;;;;;;;;;;;;;;;;;;;;;;;;;;;;;;;;;;;;;;;;;;;;;;;;;;;;;;;;;;;;;;;;;;;;;;;;;;;;;;;;;;;;;;;;;;;;;;;;;;;;;;;;;;;;;;;;;;;;;;;;;;;;;;;;;;;;;;;;;;;;;;;;;;;;;;;;;;;;;;;;;;;;;;;;;;;;;;;;;;;;;;;;;;;;;;;;;;;;;;;;;;;;;;;;;;;;;;;;;;;;;;;;;;;;;;;;;;;;;;;;;0;6.10;8.10;3.90;11.50;13.90;9.00;471;868;171;273;272;1200.40;;;18351772;10.00;;;;;;21.00
1556447400000;2019-04-28T11:30:00.000+0100;;;;;;;;;1.00;-24.60;377.00;377.10;377.70;643.00;637.00;636.00;;;;;;;;;;;;;;;;3.0;;;;;;;;;;;;;;;;;;;;;;;;;;;;;;;;;;;;;;;;;;;;50.00;;;;;;;;;;;;;;;;;;;;;;;;;;;;;;;;;;;;;;38.00;50.00;34.00;13.00;;;;36.00;38.00;36.00;;;;;;;;;;;;;;;;;;;;;;;;;;;;;;;;;;;;72.00;71.00;72.00;;;;;;;;;;;;;;;;;;;;;;;718.900;;;;;;;;;;;;;;;;;;;;;;;;;;;;;;;;;;;;;;;;;;;;;;;;;;;;;;;;;;;;;;;;;;;;;;;;;;;;;;;;;;;;;;;;;;;;;;;;;;;;;;;;;;;;;;;;;;;;;;;;;;;;;;;;;;;;;;;;;;;;;;;;;;;;;;;;;;;;;;;;;;;;;;;;;;;;;;;;;;;;;;;;;;;;;;;;;;;;;;;;;;;;;;;;;;;;;;;;;;;;;;;;;;;;;;;;;;;;;;;;;;;;;;;;;;;;;;;;;;;;;;;;;;;;;;;;;;;;;;;;;;;;;;;;;;;;;;;;;;;;;;;;;;;;;;;;;;;;;;;;;;;;;;;;;;;;;;;;;;;;;;;;;;;;;;;;;;;;;;;;;;;;;;;;;;;;;;;;;;;;;;;;;;;;;;;;;;;;;;;;;;;;;;;;;;;;;;;;;;;;;;;;;;;;;;;;;;;;;;;;;;;;;;;;;;;;;;;;;;0;7.10;8.70;5.20;13.30;14.80;10.80;723;1099;383;272;269;1392.50;;;18351892;10.00;;;;;;21.00
1556448000000;2019-04-28T11:40:00.000+0100;;;;;;;;;1.00;-64.40;373.20;373.60;374.00;346.00;342.00;340.00;;;;;;;;;;;;;;;;3.0;;;;;;;;;;;;;;;;;;;;;;;;;;;;;;;;;;;;;;;;;;;;50.00;;;;;;;;;;;;;;;;;;;;;;;;;;;;;;;;;;;;;;38.00;49.00;34.00;14.00;;;;36.00;38.00;36.00;;;;;;;;;;;;;;;;;;;;;;;;;;;;;;;;;;;;70.00;68.00;70.00;;;;;;;;;;;;;;;;;;;;;;;376.400;;;;;;;;;;;;;;;;;;;;;;;;;;;;;;;;;;;;;;;;;;;;;;;;;;;;;;;;;;;;;;;;;;;;;;;;;;;;;;;;;;;;;;;;;;;;;;;;;;;;;;;;;;;;;;;;;;;;;;;;;;;;;;;;;;;;;;;;;;;;;;;;;;;;;;;;;;;;;;;;;;;;;;;;;;;;;;;;;;;;;;;;;;;;;;;;;;;;;;;;;;;;;;;;;;;;;;;;;;;;;;;;;;;;;;;;;;;;;;;;;;;;;;;;;;;;;;;;;;;;;;;;;;;;;;;;;;;;;;;;;;;;;;;;;;;;;;;;;;;;;;;;;;;;;;;;;;;;;;;;;;;;;;;;;;;;;;;;;;;;;;;;;;;;;;;;;;;;;;;;;;;;;;;;;;;;;;;;;;;;;;;;;;;;;;;;;;;;;;;;;;;;;;;;;;;;;;;;;;;;;;;;;;;;;;;;;;;;;;;;;;;;;;;;;;;;;;;;;;0;5.60;7.50;3.30;10.60;12.90;8.40;378;693;98;264;265;1111.10;;;18351956;10.00;;;;;;22.00
1556448600000;2019-04-28T11:50:00.000+0100;;;;;;;;;1.00;-61.00;374.50;374.70;375.20;547.00;540.00;539.00;;;;;;;;;;;;;;;;3.0;;;;;;;;;;;;;;;;;;;;;;;;;;;;;;;;;;;;;;;;;;;;50.00;;;;;;;;;;;;;;;;;;;;;;;;;;;;;;;;;;;;;;38.00;49.00;34.00;14.00;;;;35.00;37.00;35.00;;;;;;;;;;;;;;;;;;;;;;;;;;;;;;;;;;;;70.00;68.00;70.00;;;;;;;;;;;;;;;;;;;;;;;601.500;;;;;;;;;;;;;;;;;;;;;;;;;;;;;;;;;;;;;;;;;;;;;;;;;;;;;;;;;;;;;;;;;;;;;;;;;;;;;;;;;;;;;;;;;;;;;;;;;;;;;;;;;;;;;;;;;;;;;;;;;;;;;;;;;;;;;;;;;;;;;;;;;;;;;;;;;;;;;;;;;;;;;;;;;;;;;;;;;;;;;;;;;;;;;;;;;;;;;;;;;;;;;;;;;;;;;;;;;;;;;;;;;;;;;;;;;;;;;;;;;;;;;;;;;;;;;;;;;;;;;;;;;;;;;;;;;;;;;;;;;;;;;;;;;;;;;;;;;;;;;;;;;;;;;;;;;;;;;;;;;;;;;;;;;;;;;;;;;;;;;;;;;;;;;;;;;;;;;;;;;;;;;;;;;;;;;;;;;;;;;;;;;;;;;;;;;;;;;;;;;;;;;;;;;;;;;;;;;;;;;;;;;;;;;;;;;;;;;;;;;;;;;;;;;;;;;;;;;;0;6.50;8.30;4.30;12.40;14.40;9.90;606;928;226;275;275;1294.20;;;18352058;10.00;;;;;;22.00
1556449200000;2019-04-28T12:00:00.000+0100;;;;;;;;;1.00;-66.80;375.60;375.80;376.20;505.00;501.00;500.00;;;;;;;;;;;;;;;;3.0;;;;;;;;;;;;;;;;;;;;;;;;;;;;;;;;;;;;;;;;;;;;50.00;;;;;;;;;;;;;;;;;;;;;;;;;;;;;;;;;;;;;;38.00;49.00;34.00;14.00;;;;35.00;37.00;35.00;;;;;;;;;;;;;;;;;;;;;;;;;;;;;;;;;;;;69.00;68.00;69.00;;;;;;;;;;;;;;;;;;;;;;;557.500;;;;;;;;;;;;;;;;;;;;;;;;;;;;;;;;;;;;;;;;;;;;;;;;;;;;;;;;;;;;;;;;;;;;;;;;;;;;;;;;;;;;;;;;;;;;;;;;;;;;;;;;;;;;;;;;;;;;;;;;;;;;;;;;;;;;;;;;;;;;;;;;;;;;;;;;;;;;;;;;;;;;;;;;;;;;;;;;;;;;;;;;;;;;;;;;;;;;;;;;;;;;;;;;;;;;;;;;;;;;;;;;;;;;;;;;;;;;;;;;;;;;;;;;;;;;;;;;;;;;;;;;;;;;;;;;;;;;;;;;;;;;;;;;;;;;;;;;;;;;;;;;;;;;;;;;;;;;;;;;;;;;;;;;;;;;;;;;;;;;;;;;;;;;;;;;;;;;;;;;;;;;;;;;;;;;;;;;;;;;;;;;;;;;;;;;;;;;;;;;;;;;;;;;;;;;;;;;;;;;;;;;;;;;;;;;;;;;;;;;;;;;;;;;;;;;;;;;;;0;6.30;7.90;4.20;11.90;14.20;9.50;561;923;199;273;271;1243.10;;;18352150;10.00;;;;;;23.00
1556449800000;2019-04-28T12:10:00.000+0100;;;;;;;;;1.00;-63.90;375.30;375.50;376.00;375.00;370.00;369.00;;;;;;;;;;;;;;;;3.0;;;;;;;;;;;;;;;;;;;;;;;;;;;;;;;;;;;;;;;;;;;;50.00;;;;;;;;;;;;;;;;;;;;;;;;;;;;;;;;;;;;;;38.00;49.00;34.00;14.00;;;;35.00;37.00;35.00;;;;;;;;;;;;;;;;;;;;;;;;;;;;;;;;;;;;69.00;67.00;69.00;;;;;;;;;;;;;;;;;;;;;;;412.400;;;;;;;;;;;;;;;;;;;;;;;;;;;;;;;;;;;;;;;;;;;;;;;;;;;;;;;;;;;;;;;;;;;;;;;;;;;;;;;;;;;;;;;;;;;;;;;;;;;;;;;;;;;;;;;;;;;;;;;;;;;;;;;;;;;;;;;;;;;;;;;;;;;;;;;;;;;;;;;;;;;;;;;;;;;;;;;;;;;;;;;;;;;;;;;;;;;;;;;;;;;;;;;;;;;;;;;;;;;;;;;;;;;;;;;;;;;;;;;;;;;;;;;;;;;;;;;;;;;;;;;;;;;;;;;;;;;;;;;;;;;;;;;;;;;;;;;;;;;;;;;;;;;;;;;;;;;;;;;;;;;;;;;;;;;;;;;;;;;;;;;;;;;;;;;;;;;;;;;;;;;;;;;;;;;;;;;;;;;;;;;;;;;;;;;;;;;;;;;;;;;;;;;;;;;;;;;;;;;;;;;;;;;;;;;;;;;;;;;;;;;;;;;;;;;;;;;;;;0;5.80;7.20;3.60;10.90;13.00;8.80;413;808;137;275;275;1142.10;;;18352220;10.00;;;;;;23.00
1556450400000;2019-04-28T12:20:00.000+0100;;;;;;;;;1.00;-62.70;376.00;376.20;376.70;543.00;538.00;537.00;;;;;;;;;;;;;;;;3.0;;;;;;;;;;;;;;;;;;;;;;;;;;;;;;;;;;;;;;;;;;;;50.00;;;;;;;;;;;;;;;;;;;;;;;;;;;;;;;;;;;;;;38.00;49.00;34.00;14.00;;;;35.00;36.00;34.00;;;;;;;;;;;;;;;;;;;;;;;;;;;;;;;;;;;;69.00;67.00;69.00;;;;;;;;;;;;;;;;;;;;;;;602.300;;;;;;;;;;;;;;;;;;;;;;;;;;;;;;;;;;;;;;;;;;;;;;;;;;;;;;;;;;;;;;;;;;;;;;;;;;;;;;;;;;;;;;;;;;;;;;;;;;;;;;;;;;;;;;;;;;;;;;;;;;;;;;;;;;;;;;;;;;;;;;;;;;;;;;;;;;;;;;;;;;;;;;;;;;;;;;;;;;;;;;;;;;;;;;;;;;;;;;;;;;;;;;;;;;;;;;;;;;;;;;;;;;;;;;;;;;;;;;;;;;;;;;;;;;;;;;;;;;;;;;;;;;;;;;;;;;;;;;;;;;;;;;;;;;;;;;;;;;;;;;;;;;;;;;;;;;;;;;;;;;;;;;;;;;;;;;;;;;;;;;;;;;;;;;;;;;;;;;;;;;;;;;;;;;;;;;;;;;;;;;;;;;;;;;;;;;;;;;;;;;;;;;;;;;;;;;;;;;;;;;;;;;;;;;;;;;;;;;;;;;;;;;;;;;;;;;;;;;0;6.60;7.80;4.60;12.40;13.90;10.00;605;858;295;274;272;1301.20;;;18352320;10.00;;;;;;23.00
1556451000000;2019-04-28T12:30:00.000+0100;;;;;;;;;1.00;-64.90;376.10;376.40;376.70;562.00;557.00;554.00;;;;;;;;;;;;;;;;3.0;;;;;;;;;;;;;;;;;;;;;;;;;;;;;;;;;;;;;;;;;;;;50.00;;;;;;;;;;;;;;;;;;;;;;;;;;;;;;;;;;;;;;38.00;49.00;34.00;14.00;;;;35.00;37.00;35.00;;;;;;;;;;;;;;;;;;;;;;;;;;;;;;;;;;;;70.00;68.00;70.00;;;;;;;;;;;;;;;;;;;;;;;623.400;;;;;;;;;;;;;;;;;;;;;;;;;;;;;;;;;;;;;;;;;;;;;;;;;;;;;;;;;;;;;;;;;;;;;;;;;;;;;;;;;;;;;;;;;;;;;;;;;;;;;;;;;;;;;;;;;;;;;;;;;;;;;;;;;;;;;;;;;;;;;;;;;;;;;;;;;;;;;;;;;;;;;;;;;;;;;;;;;;;;;;;;;;;;;;;;;;;;;;;;;;;;;;;;;;;;;;;;;;;;;;;;;;;;;;;;;;;;;;;;;;;;;;;;;;;;;;;;;;;;;;;;;;;;;;;;;;;;;;;;;;;;;;;;;;;;;;;;;;;;;;;;;;;;;;;;;;;;;;;;;;;;;;;;;;;;;;;;;;;;;;;;;;;;;;;;;;;;;;;;;;;;;;;;;;;;;;;;;;;;;;;;;;;;;;;;;;;;;;;;;;;;;;;;;;;;;;;;;;;;;;;;;;;;;;;;;;;;;;;;;;;;;;;;;;;;;;;;;;0;6.60;7.90;5.30;12.40;14.00;10.60;625;886;396;269;269;1297.20;;;18352424;10.00;;;;;;23.00
1556451600000;2019-04-28T12:40:00.000+0100;;;;;;;;;1.00;-72.20;375.90;376.20;376.60;364.00;359.00;358.00;;;;;;;;;;;;;;;;3.0;;;;;;;;;;;;;;;;;;;;;;;;;;;;;;;;;;;;;;;;;;;;50.00;;;;;;;;;;;;;;;;;;;;;;;;;;;;;;;;;;;;;;38.00;49.00;34.00;14.00;;;;35.00;36.00;34.00;;;;;;;;;;;;;;;;;;;;;;;;;;;;;;;;;;;;68.00;67.00;69.00;;;;;;;;;;;;;;;;;;;;;;;399.600;;;;;;;;;;;;;;;;;;;;;;;;;;;;;;;;;;;;;;;;;;;;;;;;;;;;;;;;;;;;;;;;;;;;;;;;;;;;;;;;;;;;;;;;;;;;;;;;;;;;;;;;;;;;;;;;;;;;;;;;;;;;;;;;;;;;;;;;;;;;;;;;;;;;;;;;;;;;;;;;;;;;;;;;;;;;;;;;;;;;;;;;;;;;;;;;;;;;;;;;;;;;;;;;;;;;;;;;;;;;;;;;;;;;;;;;;;;;;;;;;;;;;;;;;;;;;;;;;;;;;;;;;;;;;;;;;;;;;;;;;;;;;;;;;;;;;;;;;;;;;;;;;;;;;;;;;;;;;;;;;;;;;;;;;;;;;;;;;;;;;;;;;;;;;;;;;;;;;;;;;;;;;;;;;;;;;;;;;;;;;;;;;;;;;;;;;;;;;;;;;;;;;;;;;;;;;;;;;;;;;;;;;;;;;;;;;;;;;;;;;;;;;;;;;;;;;;;;;;0;5.60;6.90;4.10;10.60;12.10;8.80;400;609;144;272;273;1113.60;;;18352492;10.00;;;;;;23.00
1556452200000;2019-04-28T12:50:00.000+0100;;;;;;;;;1.00;-53.30;377.10;377.30;377.70;507.00;502.00;501.00;;;;;;;;;;;;;;;;3.0;;;;;;;;;;;;;;;;;;;;;;;;;;;;;;;;;;;;;;;;;;;;50.00;;;;;;;;;;;;;;;;;;;;;;;;;;;;;;;;;;;;;;38.00;49.00;34.00;14.00;;;;34.00;36.00;34.00;;;;;;;;;;;;;;;;;;;;;;;;;;;;;;;;;;;;68.00;67.00;68.00;;;;;;;;;;;;;;;;;;;;;;;566.700;;;;;;;;;;;;;;;;;;;;;;;;;;;;;;;;;;;;;;;;;;;;;;;;;;;;;;;;;;;;;;;;;;;;;;;;;;;;;;;;;;;;;;;;;;;;;;;;;;;;;;;;;;;;;;;;;;;;;;;;;;;;;;;;;;;;;;;;;;;;;;;;;;;;;;;;;;;;;;;;;;;;;;;;;;;;;;;;;;;;;;;;;;;;;;;;;;;;;;;;;;;;;;;;;;;;;;;;;;;;;;;;;;;;;;;;;;;;;;;;;;;;;;;;;;;;;;;;;;;;;;;;;;;;;;;;;;;;;;;;;;;;;;;;;;;;;;;;;;;;;;;;;;;;;;;;;;;;;;;;;;;;;;;;;;;;;;;;;;;;;;;;;;;;;;;;;;;;;;;;;;;;;;;;;;;;;;;;;;;;;;;;;;;;;;;;;;;;;;;;;;;;;;;;;;;;;;;;;;;;;;;;;;;;;;;;;;;;;;;;;;;;;;;;;;;;;;;;;;0;6.40;7.90;5.30;12.10;13.60;9.40;567;782;330;276;276;1260.50;;;18352586;10.00;;;;;;23.00
1556452800000;2019-04-28T13:00:00.000+0100;;;;;;;;;0.90;-81.90;375.40;375.60;376.00;250.00;246.00;244.00;;;;;;;;;;;;;;;;1.0;;;;;;;;;;;;;;;;;;;;;;;;;;;;;;;;;;;;;;;;;;;;50.00;;;;;;;;;;;;;;;;;;;;;;;;;;;;;;;;;;;;;;38.00;48.00;34.00;14.00;;;;34.00;36.00;34.00;;;;;;;;;;;;;;;;;;;;;;;;;;;;;;;;;;;;67.00;65.00;67.00;;;;;;;;;;;;;;;;;;;;;;;261.200;;;;;;;;;;;;;;;;;;;;;;;;;;;;;;;;;;;;;;;;;;;;;;;;;;;;;;;;;;;;;;;;;;;;;;;;;;;;;;;;;;;;;;;;;;;;;;;;;;;;;;;;;;;;;;;;;;;;;;;;;;;;;;;;;;;;;;;;;;;;;;;;;;;;;;;;;;;;;;;;;;;;;;;;;;;;;;;;;;;;;;;;;;;;;;;;;;;;;;;;;;;;;;;;;;;;;;;;;;;;;;;;;;;;;;;;;;;;;;;;;;;;;;;;;;;;;;;;;;;;;;;;;;;;;;;;;;;;;;;;;;;;;;;;;;;;;;;;;;;;;;;;;;;;;;;;;;;;;;;;;;;;;;;;;;;;;;;;;;;;;;;;;;;;;;;;;;;;;;;;;;;;;;;;;;;;;;;;;;;;;;;;;;;;;;;;;;;;;;;;;;;;;;;;;;;;;;;;;;;;;;;;;;;;;;;;;;;;;;;;;;;;;;;;;;;;;;;;;;0;4.90;6.70;3.10;9.70;11.90;8.50;262;590;74;270;271;1008.90;;;18352630;10.00;;;;;;23.00
1556453400000;2019-04-28T13:10:00.000+0100;;;;;;;;;0.90;-81.30;373.90;374.20;374.50;181.00;177.00;175.00;;;;;;;;;;;;;;;;3.0;;;;;;;;;;;;;;;;;;;;;;;;;;;;;;;;;;;;;;;;;;;;50.00;;;;;;;;;;;;;;;;;;;;;;;;;;;;;;;;;;;;;;37.00;47.00;34.00;15.00;;;;33.00;35.00;33.00;;;;;;;;;;;;;;;;;;;;;;;;;;;;;;;;;;;;64.00;63.00;64.00;;;;;;;;;;;;;;;;;;;;;;;178.900;;;;;;;;;;;;;;;;;;;;;;;;;;;;;;;;;;;;;;;;;;;;;;;;;;;;;;;;;;;;;;;;;;;;;;;;;;;;;;;;;;;;;;;;;;;;;;;;;;;;;;;;;;;;;;;;;;;;;;;;;;;;;;;;;;;;;;;;;;;;;;;;;;;;;;;;;;;;;;;;;;;;;;;;;;;;;;;;;;;;;;;;;;;;;;;;;;;;;;;;;;;;;;;;;;;;;;;;;;;;;;;;;;;;;;;;;;;;;;;;;;;;;;;;;;;;;;;;;;;;;;;;;;;;;;;;;;;;;;;;;;;;;;;;;;;;;;;;;;;;;;;;;;;;;;;;;;;;;;;;;;;;;;;;;;;;;;;;;;;;;;;;;;;;;;;;;;;;;;;;;;;;;;;;;;;;;;;;;;;;;;;;;;;;;;;;;;;;;;;;;;;;;;;;;;;;;;;;;;;;;;;;;;;;;;;;;;;;;;;;;;;;;;;;;;;;;;;;;;0;4.50;6.30;2.40;9.00;10.30;8.60;179;321;74;267;264;942.30;;;18352660;11.00;;;;;;24.00
1556454000000;2019-04-28T13:20:00.000+0100;;;;;;;;;1.00;-85.40;374.90;375.10;375.50;282.00;278.00;276.00;;;;;;;;;;;;;;;;3.0;;;;;;;;;;;;;;;;;;;;;;;;;;;;;;;;;;;;;;;;;;;;50.00;;;;;;;;;;;;;;;;;;;;;;;;;;;;;;;;;;;;;;37.00;47.00;34.00;15.00;;;;33.00;35.00;33.00;;;;;;;;;;;;;;;;;;;;;;;;;;;;;;;;;;;;63.00;62.00;63.00;;;;;;;;;;;;;;;;;;;;;;;300.700;;;;;;;;;;;;;;;;;;;;;;;;;;;;;;;;;;;;;;;;;;;;;;;;;;;;;;;;;;;;;;;;;;;;;;;;;;;;;;;;;;;;;;;;;;;;;;;;;;;;;;;;;;;;;;;;;;;;;;;;;;;;;;;;;;;;;;;;;;;;;;;;;;;;;;;;;;;;;;;;;;;;;;;;;;;;;;;;;;;;;;;;;;;;;;;;;;;;;;;;;;;;;;;;;;;;;;;;;;;;;;;;;;;;;;;;;;;;;;;;;;;;;;;;;;;;;;;;;;;;;;;;;;;;;;;;;;;;;;;;;;;;;;;;;;;;;;;;;;;;;;;;;;;;;;;;;;;;;;;;;;;;;;;;;;;;;;;;;;;;;;;;;;;;;;;;;;;;;;;;;;;;;;;;;;;;;;;;;;;;;;;;;;;;;;;;;;;;;;;;;;;;;;;;;;;;;;;;;;;;;;;;;;;;;;;;;;;;;;;;;;;;;;;;;;;;;;;;;;0;5.10;6.40;3.20;9.70;11.40;8.70;301;520;135;271;276;1014.20;;;18352710;11.00;;;;;;24.00
1556454600000;2019-04-28T13:30:00.000+0100;;;;;;;;;0.90;-105.30;374.90;375.10;375.50;296.00;292.00;291.00;;;;;;;;;;;;;;;;3.0;;;;;;;;;;;;;;;;;;;;;;;;;;;;;;;;;;;;;;;;;;;;50.00;;;;;;;;;;;;;;;;;;;;;;;;;;;;;;;;;;;;;;37.00;47.00;34.00;15.00;;;;33.00;34.00;32.00;;;;;;;;;;;;;;;;;;;;;;;;;;;;;;;;;;;;63.00;62.00;63.00;;;;;;;;;;;;;;;;;;;;;;;310.300;;;;;;;;;;;;;;;;;;;;;;;;;;;;;;;;;;;;;;;;;;;;;;;;;;;;;;;;;;;;;;;;;;;;;;;;;;;;;;;;;;;;;;;;;;;;;;;;;;;;;;;;;;;;;;;;;;;;;;;;;;;;;;;;;;;;;;;;;;;;;;;;;;;;;;;;;;;;;;;;;;;;;;;;;;;;;;;;;;;;;;;;;;;;;;;;;;;;;;;;;;;;;;;;;;;;;;;;;;;;;;;;;;;;;;;;;;;;;;;;;;;;;;;;;;;;;;;;;;;;;;;;;;;;;;;;;;;;;;;;;;;;;;;;;;;;;;;;;;;;;;;;;;;;;;;;;;;;;;;;;;;;;;;;;;;;;;;;;;;;;;;;;;;;;;;;;;;;;;;;;;;;;;;;;;;;;;;;;;;;;;;;;;;;;;;;;;;;;;;;;;;;;;;;;;;;;;;;;;;;;;;;;;;;;;;;;;;;;;;;;;;;;;;;;;;;;;;;;;0;5.30;6.60;4.00;10.00;11.70;8.80;311;495;131;288;288;1047.30;;;18352760;10.00;;;;;;24.00
1556455200000;2019-04-28T13:40:00.000+0100;;;;;;;;;0.80;-122.00;374.20;374.40;374.70;239.00;236.00;233.00;;;;;;;;;;;;;;;;1.0;;;;;;;;;;;;;;;;;;;;;;;;;;;;;;;;;;;;;;;;;;;;50.00;;;;;;;;;;;;;;;;;;;;;;;;;;;;;;;;;;;;;;37.00;46.00;34.00;15.00;;;;32.00;34.00;32.00;;;;;;;;;;;;;;;;;;;;;;;;;;;;;;;;;;;;63.00;61.00;63.00;;;;;;;;;;;;;;;;;;;;;;;225.900;;;;;;;;;;;;;;;;;;;;;;;;;;;;;;;;;;;;;;;;;;;;;;;;;;;;;;;;;;;;;;;;;;;;;;;;;;;;;;;;;;;;;;;;;;;;;;;;;;;;;;;;;;;;;;;;;;;;;;;;;;;;;;;;;;;;;;;;;;;;;;;;;;;;;;;;;;;;;;;;;;;;;;;;;;;;;;;;;;;;;;;;;;;;;;;;;;;;;;;;;;;;;;;;;;;;;;;;;;;;;;;;;;;;;;;;;;;;;;;;;;;;;;;;;;;;;;;;;;;;;;;;;;;;;;;;;;;;;;;;;;;;;;;;;;;;;;;;;;;;;;;;;;;;;;;;;;;;;;;;;;;;;;;;;;;;;;;;;;;;;;;;;;;;;;;;;;;;;;;;;;;;;;;;;;;;;;;;;;;;;;;;;;;;;;;;;;;;;;;;;;;;;;;;;;;;;;;;;;;;;;;;;;;;;;;;;;;;;;;;;;;;;;;;;;;;;;;;;;0;4.80;6.40;1.80;9.50;11.30;8.50;226;446;0;279;275;992.70;;;18352798;10.00;;;;;;24.00
1556455800000;2019-04-28T13:50:00.000+0100;;;;;;;;;0.60;-125.00;373.40;373.50;373.90;188.00;183.00;183.00;;;;;;;;;;;;;;;;3.0;;;;;;;;;;;;;;;;;;;;;;;;;;;;;;;;;;;;;;;;;;;;50.00;;;;;;;;;;;;;;;;;;;;;;;;;;;;;;;;;;;;;;37.00;46.00;34.00;15.00;;;;32.00;34.00;32.00;;;;;;;;;;;;;;;;;;;;;;;;;;;;;;;;;;;;61.00;60.00;62.00;;;;;;;;;;;;;;;;;;;;;;;146.000;;;;;;;;;;;;;;;;;;;;;;;;;;;;;;;;;;;;;;;;;;;;;;;;;;;;;;;;;;;;;;;;;;;;;;;;;;;;;;;;;;;;;;;;;;;;;;;;;;;;;;;;;;;;;;;;;;;;;;;;;;;;;;;;;;;;;;;;;;;;;;;;;;;;;;;;;;;;;;;;;;;;;;;;;;;;;;;;;;;;;;;;;;;;;;;;;;;;;;;;;;;;;;;;;;;;;;;;;;;;;;;;;;;;;;;;;;;;;;;;;;;;;;;;;;;;;;;;;;;;;;;;;;;;;;;;;;;;;;;;;;;;;;;;;;;;;;;;;;;;;;;;;;;;;;;;;;;;;;;;;;;;;;;;;;;;;;;;;;;;;;;;;;;;;;;;;;;;;;;;;;;;;;;;;;;;;;;;;;;;;;;;;;;;;;;;;;;;;;;;;;;;;;;;;;;;;;;;;;;;;;;;;;;;;;;;;;;;;;;;;;;;;;;;;;;;;;;;;;0;4.00;6.20;1.80;9.10;10.90;8.60;146;390;5;276;276;948.90;;;18352822;11.00;;;;;;24.00
1556456400000;2019-04-28T14:00:00.000+0100;;;;;;;;;0.90;-81.20;375.20;375.40;375.80;276.00;271.00;270.00;;;;;;;;;;;;;;;;3.0;;;;;;;;;;;;;;;;;;;;;;;;;;;;;;;;;;;;;;;;;;;;50.00;;;;;;;;;;;;;;;;;;;;;;;;;;;;;;;;;;;;;;37.00;46.00;34.00;15.00;;;;31.00;33.00;31.00;;;;;;;;;;;;;;;;;;;;;;;;;;;;;;;;;;;;61.00;60.00;62.00;;;;;;;;;;;;;;;;;;;;;;;291.500;;;;;;;;;;;;;;;;;;;;;;;;;;;;;;;;;;;;;;;;;;;;;;;;;;;;;;;;;;;;;;;;;;;;;;;;;;;;;;;;;;;;;;;;;;;;;;;;;;;;;;;;;;;;;;;;;;;;;;;;;;;;;;;;;;;;;;;;;;;;;;;;;;;;;;;;;;;;;;;;;;;;;;;;;;;;;;;;;;;;;;;;;;;;;;;;;;;;;;;;;;;;;;;;;;;;;;;;;;;;;;;;;;;;;;;;;;;;;;;;;;;;;;;;;;;;;;;;;;;;;;;;;;;;;;;;;;;;;;;;;;;;;;;;;;;;;;;;;;;;;;;;;;;;;;;;;;;;;;;;;;;;;;;;;;;;;;;;;;;;;;;;;;;;;;;;;;;;;;;;;;;;;;;;;;;;;;;;;;;;;;;;;;;;;;;;;;;;;;;;;;;;;;;;;;;;;;;;;;;;;;;;;;;;;;;;;;;;;;;;;;;;;;;;;;;;;;;;;;0;5.20;6.70;2.90;9.90;11.50;8.70;292;547;93;275;274;1034.40;;;18352872;11.00;;;;;;24.00
1556457000000;2019-04-28T14:10:00.000+0100;;;;;;;;;0.90;-96.10;375.30;375.70;375.90;284.00;281.00;278.00;;;;;;;;;;;;;;;;3.0;;;;;;;;;;;;;;;;;;;;;;;;;;;;;;;;;;;;;;;;;;;;50.00;;;;;;;;;;;;;;;;;;;;;;;;;;;;;;;;;;;;;;37.00;46.00;34.00;15.00;;;;31.00;33.00;31.00;;;;;;;;;;;;;;;;;;;;;;;;;;;;;;;;;;;;62.00;61.00;62.00;;;;;;;;;;;;;;;;;;;;;;;298.900;;;;;;;;;;;;;;;;;;;;;;;;;;;;;;;;;;;;;;;;;;;;;;;;;;;;;;;;;;;;;;;;;;;;;;;;;;;;;;;;;;;;;;;;;;;;;;;;;;;;;;;;;;;;;;;;;;;;;;;;;;;;;;;;;;;;;;;;;;;;;;;;;;;;;;;;;;;;;;;;;;;;;;;;;;;;;;;;;;;;;;;;;;;;;;;;;;;;;;;;;;;;;;;;;;;;;;;;;;;;;;;;;;;;;;;;;;;;;;;;;;;;;;;;;;;;;;;;;;;;;;;;;;;;;;;;;;;;;;;;;;;;;;;;;;;;;;;;;;;;;;;;;;;;;;;;;;;;;;;;;;;;;;;;;;;;;;;;;;;;;;;;;;;;;;;;;;;;;;;;;;;;;;;;;;;;;;;;;;;;;;;;;;;;;;;;;;;;;;;;;;;;;;;;;;;;;;;;;;;;;;;;;;;;;;;;;;;;;;;;;;;;;;;;;;;;;;;;;;0;5.10;7.20;3.30;9.80;11.80;8.70;299;509;137;301;304;1027.10;;;18352922;11.00;;;;;;24.00
1556457600000;2019-04-28T14:20:00.000+0100;;;;;;;;;0.80;-117.30;374.30;374.40;374.80;218.00;214.00;212.00;;;;;;;;;;;;;;;;1.0;;;;;;;;;;;;;;;;;;;;;;;;;;;;;;;;;;;;;;;;;;;;50.00;;;;;;;;;;;;;;;;;;;;;;;;;;;;;;;;;;;;;;37.00;45.00;34.00;15.00;;;;31.00;33.00;31.00;;;;;;;;;;;;;;;;;;;;;;;;;;;;;;;;;;;;61.00;60.00;62.00;;;;;;;;;;;;;;;;;;;;;;;208.000;;;;;;;;;;;;;;;;;;;;;;;;;;;;;;;;;;;;;;;;;;;;;;;;;;;;;;;;;;;;;;;;;;;;;;;;;;;;;;;;;;;;;;;;;;;;;;;;;;;;;;;;;;;;;;;;;;;;;;;;;;;;;;;;;;;;;;;;;;;;;;;;;;;;;;;;;;;;;;;;;;;;;;;;;;;;;;;;;;;;;;;;;;;;;;;;;;;;;;;;;;;;;;;;;;;;;;;;;;;;;;;;;;;;;;;;;;;;;;;;;;;;;;;;;;;;;;;;;;;;;;;;;;;;;;;;;;;;;;;;;;;;;;;;;;;;;;;;;;;;;;;;;;;;;;;;;;;;;;;;;;;;;;;;;;;;;;;;;;;;;;;;;;;;;;;;;;;;;;;;;;;;;;;;;;;;;;;;;;;;;;;;;;;;;;;;;;;;;;;;;;;;;;;;;;;;;;;;;;;;;;;;;;;;;;;;;;;;;;;;;;;;;;;;;;;;;;;;;;0;4.80;5.90;3.40;9.30;10.40;8.60;208;337;71;306;305;976.50;;;18352956;11.00;;;;;;24.00
1556458200000;2019-04-28T14:30:00.000+0100;;;;;;;;;0.90;-109.20;374.30;374.80;375.10;244.00;242.00;239.00;;;;;;;;;;;;;;;;1.0;;;;;;;;;;;;;;;;;;;;;;;;;;;;;;;;;;;;;;;;;;;;50.00;;;;;;;;;;;;;;;;;;;;;;;;;;;;;;;;;;;;;;37.00;45.00;34.00;15.00;;;;31.00;33.00;31.00;;;;;;;;;;;;;;;;;;;;;;;;;;;;;;;;;;;;61.00;60.00;62.00;;;;;;;;;;;;;;;;;;;;;;;245.400;;;;;;;;;;;;;;;;;;;;;;;;;;;;;;;;;;;;;;;;;;;;;;;;;;;;;;;;;;;;;;;;;;;;;;;;;;;;;;;;;;;;;;;;;;;;;;;;;;;;;;;;;;;;;;;;;;;;;;;;;;;;;;;;;;;;;;;;;;;;;;;;;;;;;;;;;;;;;;;;;;;;;;;;;;;;;;;;;;;;;;;;;;;;;;;;;;;;;;;;;;;;;;;;;;;;;;;;;;;;;;;;;;;;;;;;;;;;;;;;;;;;;;;;;;;;;;;;;;;;;;;;;;;;;;;;;;;;;;;;;;;;;;;;;;;;;;;;;;;;;;;;;;;;;;;;;;;;;;;;;;;;;;;;;;;;;;;;;;;;;;;;;;;;;;;;;;;;;;;;;;;;;;;;;;;;;;;;;;;;;;;;;;;;;;;;;;;;;;;;;;;;;;;;;;;;;;;;;;;;;;;;;;;;;;;;;;;;;;;;;;;;;;;;;;;;;;;;;;0;5.00;6.40;3.50;9.60;11.30;8.60;246;524;60;289;289;998.80;;;18352998;11.00;;;;;;24.00
1556458800000;2019-04-28T14:40:00.000+0100;;;;;;;;;0.90;-93.10;375.10;375.40;375.70;218.00;215.00;213.00;;;;;;;;;;;;;;;;3.0;;;;;;;;;;;;;;;;;;;;;;;;;;;;;;;;;;;;;;;;;;;;50.00;;;;;;;;;;;;;;;;;;;;;;;;;;;;;;;;;;;;;;37.00;45.00;34.00;15.00;;;;31.00;33.00;30.00;;;;;;;;;;;;;;;;;;;;;;;;;;;;;;;;;;;;61.00;60.00;61.00;;;;;;;;;;;;;;;;;;;;;;;220.700;;;;;;;;;;;;;;;;;;;;;;;;;;;;;;;;;;;;;;;;;;;;;;;;;;;;;;;;;;;;;;;;;;;;;;;;;;;;;;;;;;;;;;;;;;;;;;;;;;;;;;;;;;;;;;;;;;;;;;;;;;;;;;;;;;;;;;;;;;;;;;;;;;;;;;;;;;;;;;;;;;;;;;;;;;;;;;;;;;;;;;;;;;;;;;;;;;;;;;;;;;;;;;;;;;;;;;;;;;;;;;;;;;;;;;;;;;;;;;;;;;;;;;;;;;;;;;;;;;;;;;;;;;;;;;;;;;;;;;;;;;;;;;;;;;;;;;;;;;;;;;;;;;;;;;;;;;;;;;;;;;;;;;;;;;;;;;;;;;;;;;;;;;;;;;;;;;;;;;;;;;;;;;;;;;;;;;;;;;;;;;;;;;;;;;;;;;;;;;;;;;;;;;;;;;;;;;;;;;;;;;;;;;;;;;;;;;;;;;;;;;;;;;;;;;;;;;;;;;0;4.90;6.10;3.30;9.50;10.80;8.60;221;379;76;280;276;997.20;;;18353034;11.00;;;;;;24.00
1556459400000;2019-04-28T14:50:00.000+0100;;;;;;;;;1.00;-86.10;376.50;376.60;377.00;343.00;338.00;336.00;;;;;;;;;;;;;;;;3.0;;;;;;;;;;;;;;;;;;;;;;;;;;;;;;;;;;;;;;;;;;;;50.00;;;;;;;;;;;;;;;;;;;;;;;;;;;;;;;;;;;;;;37.00;45.00;34.00;15.00;;;;31.00;32.00;30.00;;;;;;;;;;;;;;;;;;;;;;;;;;;;;;;;;;;;62.00;61.00;62.00;;;;;;;;;;;;;;;;;;;;;;;368.800;;;;;;;;;;;;;;;;;;;;;;;;;;;;;;;;;;;;;;;;;;;;;;;;;;;;;;;;;;;;;;;;;;;;;;;;;;;;;;;;;;;;;;;;;;;;;;;;;;;;;;;;;;;;;;;;;;;;;;;;;;;;;;;;;;;;;;;;;;;;;;;;;;;;;;;;;;;;;;;;;;;;;;;;;;;;;;;;;;;;;;;;;;;;;;;;;;;;;;;;;;;;;;;;;;;;;;;;;;;;;;;;;;;;;;;;;;;;;;;;;;;;;;;;;;;;;;;;;;;;;;;;;;;;;;;;;;;;;;;;;;;;;;;;;;;;;;;;;;;;;;;;;;;;;;;;;;;;;;;;;;;;;;;;;;;;;;;;;;;;;;;;;;;;;;;;;;;;;;;;;;;;;;;;;;;;;;;;;;;;;;;;;;;;;;;;;;;;;;;;;;;;;;;;;;;;;;;;;;;;;;;;;;;;;;;;;;;;;;;;;;;;;;;;;;;;;;;;;;0;5.50;7.90;3.70;10.40;13.20;8.70;372;847;163;278;278;1085.70;;;18353096;11.00;;;;;;24.00
1556460000000;2019-04-28T15:00:00.000+0100;;;;;;;;;1.00;-99.10;376.70;376.80;377.20;431.00;425.00;424.00;;;;;;;;;;;;;;;;3.0;;;;;;;;;;;;;;;;;;;;;;;;;;;;;;;;;;;;;;;;;;;;50.00;;;;;;;;;;;;;;;;;;;;;;;;;;;;;;;;;;;;;;37.00;46.00;34.00;15.00;;;;31.00;33.00;31.00;;;;;;;;;;;;;;;;;;;;;;;;;;;;;;;;;;;;64.00;63.00;64.00;;;;;;;;;;;;;;;;;;;;;;;470.000;;;;;;;;;;;;;;;;;;;;;;;;;;;;;;;;;;;;;;;;;;;;;;;;;;;;;;;;;;;;;;;;;;;;;;;;;;;;;;;;;;;;;;;;;;;;;;;;;;;;;;;;;;;;;;;;;;;;;;;;;;;;;;;;;;;;;;;;;;;;;;;;;;;;;;;;;;;;;;;;;;;;;;;;;;;;;;;;;;;;;;;;;;;;;;;;;;;;;;;;;;;;;;;;;;;;;;;;;;;;;;;;;;;;;;;;;;;;;;;;;;;;;;;;;;;;;;;;;;;;;;;;;;;;;;;;;;;;;;;;;;;;;;;;;;;;;;;;;;;;;;;;;;;;;;;;;;;;;;;;;;;;;;;;;;;;;;;;;;;;;;;;;;;;;;;;;;;;;;;;;;;;;;;;;;;;;;;;;;;;;;;;;;;;;;;;;;;;;;;;;;;;;;;;;;;;;;;;;;;;;;;;;;;;;;;;;;;;;;;;;;;;;;;;;;;;;;;;;;0;6.00;7.50;3.90;11.30;13.50;9.00;470;926;210;293;291;1184.80;;;18353174;11.00;;;;;;24.00
1556460600000;2019-04-28T15:10:00.000+0100;;;;;;;;;0.90;-113.10;374.00;374.20;374.50;259.00;254.00;252.00;;;;;;;;;;;;;;;;1.0;;;;;;;;;;;;;;;;;;;;;;;;;;;;;;;;;;;;;;;;;;;;50.00;;;;;;;;;;;;;;;;;;;;;;;;;;;;;;;;;;;;;;37.00;46.00;34.00;15.00;;;;31.00;33.00;31.00;;;;;;;;;;;;;;;;;;;;;;;;;;;;;;;;;;;;63.00;62.00;63.00;;;;;;;;;;;;;;;;;;;;;;;261.700;;;;;;;;;;;;;;;;;;;;;;;;;;;;;;;;;;;;;;;;;;;;;;;;;;;;;;;;;;;;;;;;;;;;;;;;;;;;;;;;;;;;;;;;;;;;;;;;;;;;;;;;;;;;;;;;;;;;;;;;;;;;;;;;;;;;;;;;;;;;;;;;;;;;;;;;;;;;;;;;;;;;;;;;;;;;;;;;;;;;;;;;;;;;;;;;;;;;;;;;;;;;;;;;;;;;;;;;;;;;;;;;;;;;;;;;;;;;;;;;;;;;;;;;;;;;;;;;;;;;;;;;;;;;;;;;;;;;;;;;;;;;;;;;;;;;;;;;;;;;;;;;;;;;;;;;;;;;;;;;;;;;;;;;;;;;;;;;;;;;;;;;;;;;;;;;;;;;;;;;;;;;;;;;;;;;;;;;;;;;;;;;;;;;;;;;;;;;;;;;;;;;;;;;;;;;;;;;;;;;;;;;;;;;;;;;;;;;;;;;;;;;;;;;;;;;;;;;;;0;5.10;6.40;3.70;9.70;11.30;8.70;262;417;106;288;289;1014.00;;;18353218;11.00;;;;;;24.00
1556461200000;2019-04-28T15:20:00.000+0100;;;;;;;;;0.60;-109.40;373.10;373.30;373.70;143.00;139.00;138.00;;;;;;;;;;;;;;;;1.0;;;;;;;;;;;;;;;;;;;;;;;;;;;;;;;;;;;;;;;;;;;;50.00;;;;;;;;;;;;;;;;;;;;;;;;;;;;;;;;;;;;;;37.00;45.00;34.00;15.00;;;;31.00;33.00;31.00;;;;;;;;;;;;;;;;;;;;;;;;;;;;;;;;;;;;62.00;60.00;62.00;;;;;;;;;;;;;;;;;;;;;;;105.100;;;;;;;;;;;;;;;;;;;;;;;;;;;;;;;;;;;;;;;;;;;;;;;;;;;;;;;;;;;;;;;;;;;;;;;;;;;;;;;;;;;;;;;;;;;;;;;;;;;;;;;;;;;;;;;;;;;;;;;;;;;;;;;;;;;;;;;;;;;;;;;;;;;;;;;;;;;;;;;;;;;;;;;;;;;;;;;;;;;;;;;;;;;;;;;;;;;;;;;;;;;;;;;;;;;;;;;;;;;;;;;;;;;;;;;;;;;;;;;;;;;;;;;;;;;;;;;;;;;;;;;;;;;;;;;;;;;;;;;;;;;;;;;;;;;;;;;;;;;;;;;;;;;;;;;;;;;;;;;;;;;;;;;;;;;;;;;;;;;;;;;;;;;;;;;;;;;;;;;;;;;;;;;;;;;;;;;;;;;;;;;;;;;;;;;;;;;;;;;;;;;;;;;;;;;;;;;;;;;;;;;;;;;;;;;;;;;;;;;;;;;;;;;;;;;;;;;;;;0;3.90;5.40;2.50;8.80;9.40;8.60;105;216;2;299;296;923.20;;;18353236;11.00;;;;;;24.00
1556461800000;2019-04-28T15:30:00.000+0100;;;;;;;;;0.80;-97.30;374.40;374.60;374.90;227.00;223.00;222.00;;;;;;;;;;;;;;;;3.0;;;;;;;;;;;;;;;;;;;;;;;;;;;;;;;;;;;;;;;;;;;;50.00;;;;;;;;;;;;;;;;;;;;;;;;;;;;;;;;;;;;;;37.00;44.00;34.00;15.00;;;;31.00;32.00;30.00;;;;;;;;;;;;;;;;;;;;;;;;;;;;;;;;;;;;61.00;60.00;61.00;;;;;;;;;;;;;;;;;;;;;;;215.800;;;;;;;;;;;;;;;;;;;;;;;;;;;;;;;;;;;;;;;;;;;;;;;;;;;;;;;;;;;;;;;;;;;;;;;;;;;;;;;;;;;;;;;;;;;;;;;;;;;;;;;;;;;;;;;;;;;;;;;;;;;;;;;;;;;;;;;;;;;;;;;;;;;;;;;;;;;;;;;;;;;;;;;;;;;;;;;;;;;;;;;;;;;;;;;;;;;;;;;;;;;;;;;;;;;;;;;;;;;;;;;;;;;;;;;;;;;;;;;;;;;;;;;;;;;;;;;;;;;;;;;;;;;;;;;;;;;;;;;;;;;;;;;;;;;;;;;;;;;;;;;;;;;;;;;;;;;;;;;;;;;;;;;;;;;;;;;;;;;;;;;;;;;;;;;;;;;;;;;;;;;;;;;;;;;;;;;;;;;;;;;;;;;;;;;;;;;;;;;;;;;;;;;;;;;;;;;;;;;;;;;;;;;;;;;;;;;;;;;;;;;;;;;;;;;;;;;;;;0;4.60;7.40;2.40;9.50;12.40;8.60;217;580;10;290;292;997.70;;;18353272;11.00;;;;;;24.00
1556462400000;2019-04-28T15:40:00.000+0100;;;;;;;;;1.00;-88.70;374.80;374.90;375.30;363.00;359.00;357.00;;;;;;;;;;;;;;;;3.0;;;;;;;;;;;;;;;;;;;;;;;;;;;;;;;;;;;;;;;;;;;;50.00;;;;;;;;;;;;;;;;;;;;;;;;;;;;;;;;;;;;;;37.00;45.00;34.00;15.00;;;;31.00;33.00;30.00;;;;;;;;;;;;;;;;;;;;;;;;;;;;;;;;;;;;63.00;61.00;63.00;;;;;;;;;;;;;;;;;;;;;;;392.100;;;;;;;;;;;;;;;;;;;;;;;;;;;;;;;;;;;;;;;;;;;;;;;;;;;;;;;;;;;;;;;;;;;;;;;;;;;;;;;;;;;;;;;;;;;;;;;;;;;;;;;;;;;;;;;;;;;;;;;;;;;;;;;;;;;;;;;;;;;;;;;;;;;;;;;;;;;;;;;;;;;;;;;;;;;;;;;;;;;;;;;;;;;;;;;;;;;;;;;;;;;;;;;;;;;;;;;;;;;;;;;;;;;;;;;;;;;;;;;;;;;;;;;;;;;;;;;;;;;;;;;;;;;;;;;;;;;;;;;;;;;;;;;;;;;;;;;;;;;;;;;;;;;;;;;;;;;;;;;;;;;;;;;;;;;;;;;;;;;;;;;;;;;;;;;;;;;;;;;;;;;;;;;;;;;;;;;;;;;;;;;;;;;;;;;;;;;;;;;;;;;;;;;;;;;;;;;;;;;;;;;;;;;;;;;;;;;;;;;;;;;;;;;;;;;;;;;;;;0;5.60;7.40;4.00;10.70;12.90;8.70;392;711;143;290;290;1119.10;;;18353336;10.00;;;;;;24.00
1556463000000;2019-04-28T15:50:00.000+0100;;;;;;;;;1.00;-102.00;374.20;374.40;374.80;354.00;350.00;349.00;;;;;;;;;;;;;;;;3.0;;;;;;;;;;;;;;;;;;;;;;;;;;;;;;;;;;;;;;;;;;;;50.00;;;;;;;;;;;;;;;;;;;;;;;;;;;;;;;;;;;;;;37.00;45.00;34.00;15.00;;;;31.00;33.00;31.00;;;;;;;;;;;;;;;;;;;;;;;;;;;;;;;;;;;;63.00;62.00;63.00;;;;;;;;;;;;;;;;;;;;;;;379.000;;;;;;;;;;;;;;;;;;;;;;;;;;;;;;;;;;;;;;;;;;;;;;;;;;;;;;;;;;;;;;;;;;;;;;;;;;;;;;;;;;;;;;;;;;;;;;;;;;;;;;;;;;;;;;;;;;;;;;;;;;;;;;;;;;;;;;;;;;;;;;;;;;;;;;;;;;;;;;;;;;;;;;;;;;;;;;;;;;;;;;;;;;;;;;;;;;;;;;;;;;;;;;;;;;;;;;;;;;;;;;;;;;;;;;;;;;;;;;;;;;;;;;;;;;;;;;;;;;;;;;;;;;;;;;;;;;;;;;;;;;;;;;;;;;;;;;;;;;;;;;;;;;;;;;;;;;;;;;;;;;;;;;;;;;;;;;;;;;;;;;;;;;;;;;;;;;;;;;;;;;;;;;;;;;;;;;;;;;;;;;;;;;;;;;;;;;;;;;;;;;;;;;;;;;;;;;;;;;;;;;;;;;;;;;;;;;;;;;;;;;;;;;;;;;;;;;;;;;0;5.60;7.60;3.70;10.60;12.90;8.80;379;590;146;288;291;1108.30;;;18353400;10.00;;;;;;24.00
1556463600000;2019-04-28T16:00:00.000+0100;;;;;;;;;0.90;-103.80;374.50;374.70;375.00;286.00;281.00;280.00;;;;;;;;;;;;;;;;3.0;;;;;;;;;;;;;;;;;;;;;;;;;;;;;;;;;;;;;;;;;;;;50.00;;;;;;;;;;;;;;;;;;;;;;;;;;;;;;;;;;;;;;37.00;45.00;34.00;15.00;;;;31.00;33.00;31.00;;;;;;;;;;;;;;;;;;;;;;;;;;;;;;;;;;;;63.00;62.00;63.00;;;;;;;;;;;;;;;;;;;;;;;296.100;;;;;;;;;;;;;;;;;;;;;;;;;;;;;;;;;;;;;;;;;;;;;;;;;;;;;;;;;;;;;;;;;;;;;;;;;;;;;;;;;;;;;;;;;;;;;;;;;;;;;;;;;;;;;;;;;;;;;;;;;;;;;;;;;;;;;;;;;;;;;;;;;;;;;;;;;;;;;;;;;;;;;;;;;;;;;;;;;;;;;;;;;;;;;;;;;;;;;;;;;;;;;;;;;;;;;;;;;;;;;;;;;;;;;;;;;;;;;;;;;;;;;;;;;;;;;;;;;;;;;;;;;;;;;;;;;;;;;;;;;;;;;;;;;;;;;;;;;;;;;;;;;;;;;;;;;;;;;;;;;;;;;;;;;;;;;;;;;;;;;;;;;;;;;;;;;;;;;;;;;;;;;;;;;;;;;;;;;;;;;;;;;;;;;;;;;;;;;;;;;;;;;;;;;;;;;;;;;;;;;;;;;;;;;;;;;;;;;;;;;;;;;;;;;;;;;;;;;;0;5.10;6.50;3.50;9.80;11.70;8.60;297;532;109;288;290;1026.80;;;18353450;10.00;;;;;;24.00
1556464200000;2019-04-28T16:10:00.000+0100;;;;;;;;;0.90;-106.10;374.20;374.30;374.90;330.00;325.00;324.00;;;;;;;;;;;;;;;;3.0;;;;;;;;;;;;;;;;;;;;;;;;;;;;;;;;;;;;;;;;;;;;50.00;;;;;;;;;;;;;;;;;;;;;;;;;;;;;;;;;;;;;;37.00;45.00;34.00;15.00;;;;31.00;33.00;31.00;;;;;;;;;;;;;;;;;;;;;;;;;;;;;;;;;;;;63.00;62.00;63.00;;;;;;;;;;;;;;;;;;;;;;;349.400;;;;;;;;;;;;;;;;;;;;;;;;;;;;;;;;;;;;;;;;;;;;;;;;;;;;;;;;;;;;;;;;;;;;;;;;;;;;;;;;;;;;;;;;;;;;;;;;;;;;;;;;;;;;;;;;;;;;;;;;;;;;;;;;;;;;;;;;;;;;;;;;;;;;;;;;;;;;;;;;;;;;;;;;;;;;;;;;;;;;;;;;;;;;;;;;;;;;;;;;;;;;;;;;;;;;;;;;;;;;;;;;;;;;;;;;;;;;;;;;;;;;;;;;;;;;;;;;;;;;;;;;;;;;;;;;;;;;;;;;;;;;;;;;;;;;;;;;;;;;;;;;;;;;;;;;;;;;;;;;;;;;;;;;;;;;;;;;;;;;;;;;;;;;;;;;;;;;;;;;;;;;;;;;;;;;;;;;;;;;;;;;;;;;;;;;;;;;;;;;;;;;;;;;;;;;;;;;;;;;;;;;;;;;;;;;;;;;;;;;;;;;;;;;;;;;;;;;;;0;5.40;6.90;3.70;10.30;12.00;8.60;350;606;183;289;291;1076.20;;;18353508;11.00;;;;;;24.00
1556464800000;2019-04-28T16:20:00.000+0100;;;;;;;;;1.00;-111.80;374.20;374.20;374.70;411.00;406.00;405.00;;;;;;;;;;;;;;;;3.0;;;;;;;;;;;;;;;;;;;;;;;;;;;;;;;;;;;;;;;;;;;;50.00;;;;;;;;;;;;;;;;;;;;;;;;;;;;;;;;;;;;;;37.00;46.00;34.00;15.00;;;;31.00;33.00;31.00;;;;;;;;;;;;;;;;;;;;;;;;;;;;;;;;;;;;64.00;63.00;64.00;;;;;;;;;;;;;;;;;;;;;;;441.500;;;;;;;;;;;;;;;;;;;;;;;;;;;;;;;;;;;;;;;;;;;;;;;;;;;;;;;;;;;;;;;;;;;;;;;;;;;;;;;;;;;;;;;;;;;;;;;;;;;;;;;;;;;;;;;;;;;;;;;;;;;;;;;;;;;;;;;;;;;;;;;;;;;;;;;;;;;;;;;;;;;;;;;;;;;;;;;;;;;;;;;;;;;;;;;;;;;;;;;;;;;;;;;;;;;;;;;;;;;;;;;;;;;;;;;;;;;;;;;;;;;;;;;;;;;;;;;;;;;;;;;;;;;;;;;;;;;;;;;;;;;;;;;;;;;;;;;;;;;;;;;;;;;;;;;;;;;;;;;;;;;;;;;;;;;;;;;;;;;;;;;;;;;;;;;;;;;;;;;;;;;;;;;;;;;;;;;;;;;;;;;;;;;;;;;;;;;;;;;;;;;;;;;;;;;;;;;;;;;;;;;;;;;;;;;;;;;;;;;;;;;;;;;;;;;;;;;;;;0;5.90;8.10;4.30;11.20;14.20;8.80;443;786;198;288;288;1167.70;;;18353582;11.00;;;;;;24.00
1556465400000;2019-04-28T16:30:00.000+0100;;;;;;;;;0.90;-109.50;373.80;373.90;374.30;322.00;318.00;316.00;;;;;;;;;;;;;;;;3.0;;;;;;;;;;;;;;;;;;;;;;;;;;;;;;;;;;;;;;;;;;;;50.00;;;;;;;;;;;;;;;;;;;;;;;;;;;;;;;;;;;;;;37.00;46.00;34.00;15.00;;;;31.00;33.00;31.00;;;;;;;;;;;;;;;;;;;;;;;;;;;;;;;;;;;;64.00;63.00;64.00;;;;;;;;;;;;;;;;;;;;;;;335.900;;;;;;;;;;;;;;;;;;;;;;;;;;;;;;;;;;;;;;;;;;;;;;;;;;;;;;;;;;;;;;;;;;;;;;;;;;;;;;;;;;;;;;;;;;;;;;;;;;;;;;;;;;;;;;;;;;;;;;;;;;;;;;;;;;;;;;;;;;;;;;;;;;;;;;;;;;;;;;;;;;;;;;;;;;;;;;;;;;;;;;;;;;;;;;;;;;;;;;;;;;;;;;;;;;;;;;;;;;;;;;;;;;;;;;;;;;;;;;;;;;;;;;;;;;;;;;;;;;;;;;;;;;;;;;;;;;;;;;;;;;;;;;;;;;;;;;;;;;;;;;;;;;;;;;;;;;;;;;;;;;;;;;;;;;;;;;;;;;;;;;;;;;;;;;;;;;;;;;;;;;;;;;;;;;;;;;;;;;;;;;;;;;;;;;;;;;;;;;;;;;;;;;;;;;;;;;;;;;;;;;;;;;;;;;;;;;;;;;;;;;;;;;;;;;;;;;;;;;0;5.40;7.30;3.20;10.30;12.60;8.60;337;590;100;290;289;1077.70;;;18353638;11.00;;;;;;24.00
1556466000000;2019-04-28T16:40:00.000+0100;;;;;;;;;1.00;-95.90;374.50;374.60;374.90;392.00;388.00;386.00;;;;;;;;;;;;;;;;3.0;;;;;;;;;;;;;;;;;;;;;;;;;;;;;;;;;;;;;;;;;;;;50.00;;;;;;;;;;;;;;;;;;;;;;;;;;;;;;;;;;;;;;37.00;46.00;34.00;15.00;;;;31.00;33.00;31.00;;;;;;;;;;;;;;;;;;;;;;;;;;;;;;;;;;;;65.00;63.00;65.00;;;;;;;;;;;;;;;;;;;;;;;425.000;;;;;;;;;;;;;;;;;;;;;;;;;;;;;;;;;;;;;;;;;;;;;;;;;;;;;;;;;;;;;;;;;;;;;;;;;;;;;;;;;;;;;;;;;;;;;;;;;;;;;;;;;;;;;;;;;;;;;;;;;;;;;;;;;;;;;;;;;;;;;;;;;;;;;;;;;;;;;;;;;;;;;;;;;;;;;;;;;;;;;;;;;;;;;;;;;;;;;;;;;;;;;;;;;;;;;;;;;;;;;;;;;;;;;;;;;;;;;;;;;;;;;;;;;;;;;;;;;;;;;;;;;;;;;;;;;;;;;;;;;;;;;;;;;;;;;;;;;;;;;;;;;;;;;;;;;;;;;;;;;;;;;;;;;;;;;;;;;;;;;;;;;;;;;;;;;;;;;;;;;;;;;;;;;;;;;;;;;;;;;;;;;;;;;;;;;;;;;;;;;;;;;;;;;;;;;;;;;;;;;;;;;;;;;;;;;;;;;;;;;;;;;;;;;;;;;;;;;;0;5.90;7.30;3.80;11.10;12.90;8.90;425;630;192;285;285;1165.70;;;18353708;11.00;;;;;;24.00
1556466600000;2019-04-28T16:50:00.000+0100;;;;;;;;;0.90;-91.00;374.70;374.70;375.20;253.00;249.00;247.00;;;;;;;;;;;;;;;;1.0;;;;;;;;;;;;;;;;;;;;;;;;;;;;;;;;;;;;;;;;;;;;50.00;;;;;;;;;;;;;;;;;;;;;;;;;;;;;;;;;;;;;;37.00;46.00;34.00;15.00;;;;31.00;33.00;31.00;;;;;;;;;;;;;;;;;;;;;;;;;;;;;;;;;;;;64.00;62.00;64.00;;;;;;;;;;;;;;;;;;;;;;;263.900;;;;;;;;;;;;;;;;;;;;;;;;;;;;;;;;;;;;;;;;;;;;;;;;;;;;;;;;;;;;;;;;;;;;;;;;;;;;;;;;;;;;;;;;;;;;;;;;;;;;;;;;;;;;;;;;;;;;;;;;;;;;;;;;;;;;;;;;;;;;;;;;;;;;;;;;;;;;;;;;;;;;;;;;;;;;;;;;;;;;;;;;;;;;;;;;;;;;;;;;;;;;;;;;;;;;;;;;;;;;;;;;;;;;;;;;;;;;;;;;;;;;;;;;;;;;;;;;;;;;;;;;;;;;;;;;;;;;;;;;;;;;;;;;;;;;;;;;;;;;;;;;;;;;;;;;;;;;;;;;;;;;;;;;;;;;;;;;;;;;;;;;;;;;;;;;;;;;;;;;;;;;;;;;;;;;;;;;;;;;;;;;;;;;;;;;;;;;;;;;;;;;;;;;;;;;;;;;;;;;;;;;;;;;;;;;;;;;;;;;;;;;;;;;;;;;;;;;;;0;5.10;6.60;3.90;9.80;11.60;8.70;264;492;93;292;292;1022.20;;;18353752;11.00;;;;;;24.00
1556467200000;2019-04-28T17:00:00.000+0100;;;;;;;;;0.90;-90.40;374.70;374.70;375.20;220.00;216.00;214.00;;;;;;;;;;;;;;;;3.0;;;;;;;;;;;;;;;;;;;;;;;;;;;;;;;;;;;;;;;;;;;;50.00;;;;;;;;;;;;;;;;;;;;;;;;;;;;;;;;;;;;;;37.00;45.00;34.00;15.00;;;;31.00;33.00;31.00;;;;;;;;;;;;;;;;;;;;;;;;;;;;;;;;;;;;63.00;61.00;63.00;;;;;;;;;;;;;;;;;;;;;;;224.400;;;;;;;;;;;;;;;;;;;;;;;;;;;;;;;;;;;;;;;;;;;;;;;;;;;;;;;;;;;;;;;;;;;;;;;;;;;;;;;;;;;;;;;;;;;;;;;;;;;;;;;;;;;;;;;;;;;;;;;;;;;;;;;;;;;;;;;;;;;;;;;;;;;;;;;;;;;;;;;;;;;;;;;;;;;;;;;;;;;;;;;;;;;;;;;;;;;;;;;;;;;;;;;;;;;;;;;;;;;;;;;;;;;;;;;;;;;;;;;;;;;;;;;;;;;;;;;;;;;;;;;;;;;;;;;;;;;;;;;;;;;;;;;;;;;;;;;;;;;;;;;;;;;;;;;;;;;;;;;;;;;;;;;;;;;;;;;;;;;;;;;;;;;;;;;;;;;;;;;;;;;;;;;;;;;;;;;;;;;;;;;;;;;;;;;;;;;;;;;;;;;;;;;;;;;;;;;;;;;;;;;;;;;;;;;;;;;;;;;;;;;;;;;;;;;;;;;;;;0;4.80;6.10;3.40;9.40;10.60;8.60;224;376;84;299;296;980.00;;;18353790;11.00;;;;;;24.00
1556467800000;2019-04-28T17:10:00.000+0100;;;;;;;;;0.90;-76.90;375.80;375.70;376.20;240.00;236.00;235.00;;;;;;;;;;;;;;;;1.0;;;;;;;;;;;;;;;;;;;;;;;;;;;;;;;;;;;;;;;;;;;;50.00;;;;;;;;;;;;;;;;;;;;;;;;;;;;;;;;;;;;;;37.00;45.00;34.00;15.00;;;;31.00;33.00;31.00;;;;;;;;;;;;;;;;;;;;;;;;;;;;;;;;;;;;62.00;61.00;62.00;;;;;;;;;;;;;;;;;;;;;;;252.400;;;;;;;;;;;;;;;;;;;;;;;;;;;;;;;;;;;;;;;;;;;;;;;;;;;;;;;;;;;;;;;;;;;;;;;;;;;;;;;;;;;;;;;;;;;;;;;;;;;;;;;;;;;;;;;;;;;;;;;;;;;;;;;;;;;;;;;;;;;;;;;;;;;;;;;;;;;;;;;;;;;;;;;;;;;;;;;;;;;;;;;;;;;;;;;;;;;;;;;;;;;;;;;;;;;;;;;;;;;;;;;;;;;;;;;;;;;;;;;;;;;;;;;;;;;;;;;;;;;;;;;;;;;;;;;;;;;;;;;;;;;;;;;;;;;;;;;;;;;;;;;;;;;;;;;;;;;;;;;;;;;;;;;;;;;;;;;;;;;;;;;;;;;;;;;;;;;;;;;;;;;;;;;;;;;;;;;;;;;;;;;;;;;;;;;;;;;;;;;;;;;;;;;;;;;;;;;;;;;;;;;;;;;;;;;;;;;;;;;;;;;;;;;;;;;;;;;;;;0;5.00;6.60;3.20;9.70;10.90;8.70;253;449;66;292;293;1009.60;;;18353832;11.00;;;;;;24.00
1556468400000;2019-04-28T17:20:00.000+0100;;;;;;;;;0.90;-93.50;375.30;375.40;375.80;286.00;283.00;280.00;;;;;;;;;;;;;;;;3.0;;;;;;;;;;;;;;;;;;;;;;;;;;;;;;;;;;;;;;;;;;;;50.00;;;;;;;;;;;;;;;;;;;;;;;;;;;;;;;;;;;;;;37.00;45.00;34.00;15.00;;;;31.00;33.00;31.00;;;;;;;;;;;;;;;;;;;;;;;;;;;;;;;;;;;;62.00;61.00;62.00;;;;;;;;;;;;;;;;;;;;;;;302.800;;;;;;;;;;;;;;;;;;;;;;;;;;;;;;;;;;;;;;;;;;;;;;;;;;;;;;;;;;;;;;;;;;;;;;;;;;;;;;;;;;;;;;;;;;;;;;;;;;;;;;;;;;;;;;;;;;;;;;;;;;;;;;;;;;;;;;;;;;;;;;;;;;;;;;;;;;;;;;;;;;;;;;;;;;;;;;;;;;;;;;;;;;;;;;;;;;;;;;;;;;;;;;;;;;;;;;;;;;;;;;;;;;;;;;;;;;;;;;;;;;;;;;;;;;;;;;;;;;;;;;;;;;;;;;;;;;;;;;;;;;;;;;;;;;;;;;;;;;;;;;;;;;;;;;;;;;;;;;;;;;;;;;;;;;;;;;;;;;;;;;;;;;;;;;;;;;;;;;;;;;;;;;;;;;;;;;;;;;;;;;;;;;;;;;;;;;;;;;;;;;;;;;;;;;;;;;;;;;;;;;;;;;;;;;;;;;;;;;;;;;;;;;;;;;;;;;;;;;0;5.20;6.90;3.60;9.90;12.30;8.70;303;549;143;293;291;1039.40;;;18353882;11.00;;;;;;24.00
1556469000000;2019-04-28T17:30:00.000+0100;;;;;;;;;0.90;-114.00;374.20;374.30;374.70;231.00;227.00;225.00;;;;;;;;;;;;;;;;1.0;;;;;;;;;;;;;;;;;;;;;;;;;;;;;;;;;;;;;;;;;;;;50.00;;;;;;;;;;;;;;;;;;;;;;;;;;;;;;;;;;;;;;37.00;45.00;34.00;15.00;;;;31.00;33.00;30.00;;;;;;;;;;;;;;;;;;;;;;;;;;;;;;;;;;;;62.00;60.00;62.00;;;;;;;;;;;;;;;;;;;;;;;226.700;;;;;;;;;;;;;;;;;;;;;;;;;;;;;;;;;;;;;;;;;;;;;;;;;;;;;;;;;;;;;;;;;;;;;;;;;;;;;;;;;;;;;;;;;;;;;;;;;;;;;;;;;;;;;;;;;;;;;;;;;;;;;;;;;;;;;;;;;;;;;;;;;;;;;;;;;;;;;;;;;;;;;;;;;;;;;;;;;;;;;;;;;;;;;;;;;;;;;;;;;;;;;;;;;;;;;;;;;;;;;;;;;;;;;;;;;;;;;;;;;;;;;;;;;;;;;;;;;;;;;;;;;;;;;;;;;;;;;;;;;;;;;;;;;;;;;;;;;;;;;;;;;;;;;;;;;;;;;;;;;;;;;;;;;;;;;;;;;;;;;;;;;;;;;;;;;;;;;;;;;;;;;;;;;;;;;;;;;;;;;;;;;;;;;;;;;;;;;;;;;;;;;;;;;;;;;;;;;;;;;;;;;;;;;;;;;;;;;;;;;;;;;;;;;;;;;;;;;;0;4.70;6.70;3.30;9.30;11.40;8.60;227;431;125;291;293;967.30;;;18353920;11.00;;;;;;24.00
1556469600000;2019-04-28T17:40:00.000+0100;;;;;;;;;0.80;-108.40;374.40;374.30;374.80;189.00;185.00;183.00;;;;;;;;;;;;;;;;1.0;;;;;;;;;;;;;;;;;;;;;;;;;;;;;;;;;;;;;;;;;;;;50.00;;;;;;;;;;;;;;;;;;;;;;;;;;;;;;;;;;;;;;37.00;44.00;34.00;15.00;;;;31.00;32.00;30.00;;;;;;;;;;;;;;;;;;;;;;;;;;;;;;;;;;;;61.00;60.00;61.00;;;;;;;;;;;;;;;;;;;;;;;176.300;;;;;;;;;;;;;;;;;;;;;;;;;;;;;;;;;;;;;;;;;;;;;;;;;;;;;;;;;;;;;;;;;;;;;;;;;;;;;;;;;;;;;;;;;;;;;;;;;;;;;;;;;;;;;;;;;;;;;;;;;;;;;;;;;;;;;;;;;;;;;;;;;;;;;;;;;;;;;;;;;;;;;;;;;;;;;;;;;;;;;;;;;;;;;;;;;;;;;;;;;;;;;;;;;;;;;;;;;;;;;;;;;;;;;;;;;;;;;;;;;;;;;;;;;;;;;;;;;;;;;;;;;;;;;;;;;;;;;;;;;;;;;;;;;;;;;;;;;;;;;;;;;;;;;;;;;;;;;;;;;;;;;;;;;;;;;;;;;;;;;;;;;;;;;;;;;;;;;;;;;;;;;;;;;;;;;;;;;;;;;;;;;;;;;;;;;;;;;;;;;;;;;;;;;;;;;;;;;;;;;;;;;;;;;;;;;;;;;;;;;;;;;;;;;;;;;;;;;;0;4.50;5.80;3.30;9.00;9.90;8.60;176;317;90;291;295;940.70;;;18353950;11.00;;;;;;24.00
1556470200000;2019-04-28T17:50:00.000+0100;;;;;;;;;1.00;-91.00;374.80;374.80;375.40;315.00;311.00;309.00;;;;;;;;;;;;;;;;3.0;;;;;;;;;;;;;;;;;;;;;;;;;;;;;;;;;;;;;;;;;;;;50.00;;;;;;;;;;;;;;;;;;;;;;;;;;;;;;;;;;;;;;37.00;45.00;34.00;15.00;;;;30.00;32.00;30.00;;;;;;;;;;;;;;;;;;;;;;;;;;;;;;;;;;;;61.00;60.00;61.00;;;;;;;;;;;;;;;;;;;;;;;337.600;;;;;;;;;;;;;;;;;;;;;;;;;;;;;;;;;;;;;;;;;;;;;;;;;;;;;;;;;;;;;;;;;;;;;;;;;;;;;;;;;;;;;;;;;;;;;;;;;;;;;;;;;;;;;;;;;;;;;;;;;;;;;;;;;;;;;;;;;;;;;;;;;;;;;;;;;;;;;;;;;;;;;;;;;;;;;;;;;;;;;;;;;;;;;;;;;;;;;;;;;;;;;;;;;;;;;;;;;;;;;;;;;;;;;;;;;;;;;;;;;;;;;;;;;;;;;;;;;;;;;;;;;;;;;;;;;;;;;;;;;;;;;;;;;;;;;;;;;;;;;;;;;;;;;;;;;;;;;;;;;;;;;;;;;;;;;;;;;;;;;;;;;;;;;;;;;;;;;;;;;;;;;;;;;;;;;;;;;;;;;;;;;;;;;;;;;;;;;;;;;;;;;;;;;;;;;;;;;;;;;;;;;;;;;;;;;;;;;;;;;;;;;;;;;;;;;;;;;;0;5.40;7.20;4.10;10.30;12.70;8.80;338;658;132;294;296;1073.70;;;18354006;11.00;;;;;;24.00
1556470800000;2019-04-28T18:00:00.000+0100;;;;;;;;;0.80;-97.80;374.70;374.70;375.20;179.00;175.00;173.00;;;;;;;;;;;;;;;;1.0;;;;;;;;;;;;;;;;;;;;;;;;;;;;;;;;;;;;;;;;;;;;50.00;;;;;;;;;;;;;;;;;;;;;;;;;;;;;;;;;;;;;;37.00;44.00;34.00;14.00;;;;31.00;32.00;30.00;;;;;;;;;;;;;;;;;;;;;;;;;;;;;;;;;;;;61.00;60.00;61.00;;;;;;;;;;;;;;;;;;;;;;;166.800;;;;;;;;;;;;;;;;;;;;;;;;;;;;;;;;;;;;;;;;;;;;;;;;;;;;;;;;;;;;;;;;;;;;;;;;;;;;;;;;;;;;;;;;;;;;;;;;;;;;;;;;;;;;;;;;;;;;;;;;;;;;;;;;;;;;;;;;;;;;;;;;;;;;;;;;;;;;;;;;;;;;;;;;;;;;;;;;;;;;;;;;;;;;;;;;;;;;;;;;;;;;;;;;;;;;;;;;;;;;;;;;;;;;;;;;;;;;;;;;;;;;;;;;;;;;;;;;;;;;;;;;;;;;;;;;;;;;;;;;;;;;;;;;;;;;;;;;;;;;;;;;;;;;;;;;;;;;;;;;;;;;;;;;;;;;;;;;;;;;;;;;;;;;;;;;;;;;;;;;;;;;;;;;;;;;;;;;;;;;;;;;;;;;;;;;;;;;;;;;;;;;;;;;;;;;;;;;;;;;;;;;;;;;;;;;;;;;;;;;;;;;;;;;;;;;;;;;;;0;4.50;6.00;2.70;9.10;10.40;8.60;167;340;49;300;302;947.50;;;18354034;11.00;;;;;;24.00
1556471400000;2019-04-28T18:10:00.000+0100;;;;;;;;;0.90;-100.50;375.20;375.20;375.60;244.00;239.00;238.00;;;;;;;;;;;;;;;;1.0;;;;;;;;;;;;;;;;;;;;;;;;;;;;;;;;;;;;;;;;;;;;50.00;;;;;;;;;;;;;;;;;;;;;;;;;;;;;;;;;;;;;;37.00;44.00;34.00;14.00;;;;30.00;32.00;30.00;;;;;;;;;;;;;;;;;;;;;;;;;;;;;;;;;;;;61.00;59.00;61.00;;;;;;;;;;;;;;;;;;;;;;;244.500;;;;;;;;;;;;;;;;;;;;;;;;;;;;;;;;;;;;;;;;;;;;;;;;;;;;;;;;;;;;;;;;;;;;;;;;;;;;;;;;;;;;;;;;;;;;;;;;;;;;;;;;;;;;;;;;;;;;;;;;;;;;;;;;;;;;;;;;;;;;;;;;;;;;;;;;;;;;;;;;;;;;;;;;;;;;;;;;;;;;;;;;;;;;;;;;;;;;;;;;;;;;;;;;;;;;;;;;;;;;;;;;;;;;;;;;;;;;;;;;;;;;;;;;;;;;;;;;;;;;;;;;;;;;;;;;;;;;;;;;;;;;;;;;;;;;;;;;;;;;;;;;;;;;;;;;;;;;;;;;;;;;;;;;;;;;;;;;;;;;;;;;;;;;;;;;;;;;;;;;;;;;;;;;;;;;;;;;;;;;;;;;;;;;;;;;;;;;;;;;;;;;;;;;;;;;;;;;;;;;;;;;;;;;;;;;;;;;;;;;;;;;;;;;;;;;;;;;;;0;4.80;6.40;2.60;9.50;11.40;8.60;246;544;53;302;307;997.60;;;18354076;11.00;;;;;;24.00
1556472000000;2019-04-28T18:20:00.000+0100;;;;;;;;;0.90;-90.70;375.90;375.80;376.30;270.00;267.00;265.00;;;;;;;;;;;;;;;;3.0;;;;;;;;;;;;;;;;;;;;;;;;;;;;;;;;;;;;;;;;;;;;50.00;;;;;;;;;;;;;;;;;;;;;;;;;;;;;;;;;;;;;;37.00;44.00;34.00;14.00;;;;30.00;32.00;30.00;;;;;;;;;;;;;;;;;;;;;;;;;;;;;;;;;;;;61.00;60.00;61.00;;;;;;;;;;;;;;;;;;;;;;;284.500;;;;;;;;;;;;;;;;;;;;;;;;;;;;;;;;;;;;;;;;;;;;;;;;;;;;;;;;;;;;;;;;;;;;;;;;;;;;;;;;;;;;;;;;;;;;;;;;;;;;;;;;;;;;;;;;;;;;;;;;;;;;;;;;;;;;;;;;;;;;;;;;;;;;;;;;;;;;;;;;;;;;;;;;;;;;;;;;;;;;;;;;;;;;;;;;;;;;;;;;;;;;;;;;;;;;;;;;;;;;;;;;;;;;;;;;;;;;;;;;;;;;;;;;;;;;;;;;;;;;;;;;;;;;;;;;;;;;;;;;;;;;;;;;;;;;;;;;;;;;;;;;;;;;;;;;;;;;;;;;;;;;;;;;;;;;;;;;;;;;;;;;;;;;;;;;;;;;;;;;;;;;;;;;;;;;;;;;;;;;;;;;;;;;;;;;;;;;;;;;;;;;;;;;;;;;;;;;;;;;;;;;;;;;;;;;;;;;;;;;;;;;;;;;;;;;;;;;;;0;5.10;6.90;3.20;9.80;11.70;8.60;284;493;79;302;302;1025.20;;;18354122;11.00;;;;;;24.00
1556472600000;2019-04-28T18:30:00.000+0100;;;;;;;;;1.00;-97.80;375.70;375.70;376.20;346.00;341.00;339.00;;;;;;;;;;;;;;;;1.0;;;;;;;;;;;;;;;;;;;;;;;;;;;;;;;;;;;;;;;;;;;;50.00;;;;;;;;;;;;;;;;;;;;;;;;;;;;;;;;;;;;;;37.00;45.00;34.00;14.00;;;;30.00;32.00;30.00;;;;;;;;;;;;;;;;;;;;;;;;;;;;;;;;;;;;62.00;61.00;62.00;;;;;;;;;;;;;;;;;;;;;;;371.400;;;;;;;;;;;;;;;;;;;;;;;;;;;;;;;;;;;;;;;;;;;;;;;;;;;;;;;;;;;;;;;;;;;;;;;;;;;;;;;;;;;;;;;;;;;;;;;;;;;;;;;;;;;;;;;;;;;;;;;;;;;;;;;;;;;;;;;;;;;;;;;;;;;;;;;;;;;;;;;;;;;;;;;;;;;;;;;;;;;;;;;;;;;;;;;;;;;;;;;;;;;;;;;;;;;;;;;;;;;;;;;;;;;;;;;;;;;;;;;;;;;;;;;;;;;;;;;;;;;;;;;;;;;;;;;;;;;;;;;;;;;;;;;;;;;;;;;;;;;;;;;;;;;;;;;;;;;;;;;;;;;;;;;;;;;;;;;;;;;;;;;;;;;;;;;;;;;;;;;;;;;;;;;;;;;;;;;;;;;;;;;;;;;;;;;;;;;;;;;;;;;;;;;;;;;;;;;;;;;;;;;;;;;;;;;;;;;;;;;;;;;;;;;;;;;;;;;;;;0;5.60;7.30;4.20;10.50;12.70;8.70;372;663;172;302;303;1099.50;;;18354184;11.00;;;;;;24.00
1556473200000;2019-04-28T18:40:00.000+0100;;;;;;;;;0.90;-102.00;375.10;375.10;375.60;223.00;220.00;218.00;;;;;;;;;;;;;;;;3.0;;;;;;;;;;;;;;;;;;;;;;;;;;;;;;;;;;;;;;;;;;;;50.00;;;;;;;;;;;;;;;;;;;;;;;;;;;;;;;;;;;;;;37.00;45.00;34.00;14.00;;;;30.00;32.00;30.00;;;;;;;;;;;;;;;;;;;;;;;;;;;;;;;;;;;;62.00;61.00;62.00;;;;;;;;;;;;;;;;;;;;;;;221.400;;;;;;;;;;;;;;;;;;;;;;;;;;;;;;;;;;;;;;;;;;;;;;;;;;;;;;;;;;;;;;;;;;;;;;;;;;;;;;;;;;;;;;;;;;;;;;;;;;;;;;;;;;;;;;;;;;;;;;;;;;;;;;;;;;;;;;;;;;;;;;;;;;;;;;;;;;;;;;;;;;;;;;;;;;;;;;;;;;;;;;;;;;;;;;;;;;;;;;;;;;;;;;;;;;;;;;;;;;;;;;;;;;;;;;;;;;;;;;;;;;;;;;;;;;;;;;;;;;;;;;;;;;;;;;;;;;;;;;;;;;;;;;;;;;;;;;;;;;;;;;;;;;;;;;;;;;;;;;;;;;;;;;;;;;;;;;;;;;;;;;;;;;;;;;;;;;;;;;;;;;;;;;;;;;;;;;;;;;;;;;;;;;;;;;;;;;;;;;;;;;;;;;;;;;;;;;;;;;;;;;;;;;;;;;;;;;;;;;;;;;;;;;;;;;;;;;;;;;0;4.80;6.70;3.50;9.40;11.50;8.60;221;530;67;306;306;981.00;;;18354220;11.00;;;;;;24.00
1556473800000;2019-04-28T18:50:00.000+0100;;;;;;;;;0.90;-102.00;375.30;375.30;375.80;286.00;282.00;280.00;;;;;;;;;;;;;;;;3.0;;;;;;;;;;;;;;;;;;;;;;;;;;;;;;;;;;;;;;;;;;;;50.00;;;;;;;;;;;;;;;;;;;;;;;;;;;;;;;;;;;;;;37.00;44.00;34.00;14.00;;;;30.00;32.00;30.00;;;;;;;;;;;;;;;;;;;;;;;;;;;;;;;;;;;;62.00;60.00;62.00;;;;;;;;;;;;;;;;;;;;;;;298.600;;;;;;;;;;;;;;;;;;;;;;;;;;;;;;;;;;;;;;;;;;;;;;;;;;;;;;;;;;;;;;;;;;;;;;;;;;;;;;;;;;;;;;;;;;;;;;;;;;;;;;;;;;;;;;;;;;;;;;;;;;;;;;;;;;;;;;;;;;;;;;;;;;;;;;;;;;;;;;;;;;;;;;;;;;;;;;;;;;;;;;;;;;;;;;;;;;;;;;;;;;;;;;;;;;;;;;;;;;;;;;;;;;;;;;;;;;;;;;;;;;;;;;;;;;;;;;;;;;;;;;;;;;;;;;;;;;;;;;;;;;;;;;;;;;;;;;;;;;;;;;;;;;;;;;;;;;;;;;;;;;;;;;;;;;;;;;;;;;;;;;;;;;;;;;;;;;;;;;;;;;;;;;;;;;;;;;;;;;;;;;;;;;;;;;;;;;;;;;;;;;;;;;;;;;;;;;;;;;;;;;;;;;;;;;;;;;;;;;;;;;;;;;;;;;;;;;;;;;0;5.20;6.80;3.70;10.00;12.20;8.70;299;511;118;308;306;1046.00;;;18354270;11.00;;;;;;24.00
1556474400000;2019-04-28T19:00:00.000+0100;;;;;;;;;0.90;-110.70;374.80;374.70;375.30;255.00;251.00;249.00;;;;;;;;;;;;;;;;3.0;;;;;;;;;;;;;;;;;;;;;;;;;;;;;;;;;;;;;;;;;;;;50.00;;;;;;;;;;;;;;;;;;;;;;;;;;;;;;;;;;;;;;37.00;45.00;34.00;14.00;;;;30.00;32.00;30.00;;;;;;;;;;;;;;;;;;;;;;;;;;;;;;;;;;;;62.00;61.00;62.00;;;;;;;;;;;;;;;;;;;;;;;257.600;;;;;;;;;;;;;;;;;;;;;;;;;;;;;;;;;;;;;;;;;;;;;;;;;;;;;;;;;;;;;;;;;;;;;;;;;;;;;;;;;;;;;;;;;;;;;;;;;;;;;;;;;;;;;;;;;;;;;;;;;;;;;;;;;;;;;;;;;;;;;;;;;;;;;;;;;;;;;;;;;;;;;;;;;;;;;;;;;;;;;;;;;;;;;;;;;;;;;;;;;;;;;;;;;;;;;;;;;;;;;;;;;;;;;;;;;;;;;;;;;;;;;;;;;;;;;;;;;;;;;;;;;;;;;;;;;;;;;;;;;;;;;;;;;;;;;;;;;;;;;;;;;;;;;;;;;;;;;;;;;;;;;;;;;;;;;;;;;;;;;;;;;;;;;;;;;;;;;;;;;;;;;;;;;;;;;;;;;;;;;;;;;;;;;;;;;;;;;;;;;;;;;;;;;;;;;;;;;;;;;;;;;;;;;;;;;;;;;;;;;;;;;;;;;;;;;;;;;;0;5.00;6.20;3.70;9.60;11.20;8.60;258;431;73;304;308;999.80;;;18354314;11.00;;;;;;24.00
1556475000000;2019-04-28T19:10:00.000+0100;;;;;;;;;0.80;-114.00;375.10;375.00;375.50;200.00;196.00;193.00;;;;;;;;;;;;;;;;3.0;;;;;;;;;;;;;;;;;;;;;;;;;;;;;;;;;;;;;;;;;;;;50.00;;;;;;;;;;;;;;;;;;;;;;;;;;;;;;;;;;;;;;37.00;44.00;34.00;14.00;;;;30.00;32.00;30.00;;;;;;;;;;;;;;;;;;;;;;;;;;;;;;;;;;;;61.00;60.00;61.00;;;;;;;;;;;;;;;;;;;;;;;187.200;;;;;;;;;;;;;;;;;;;;;;;;;;;;;;;;;;;;;;;;;;;;;;;;;;;;;;;;;;;;;;;;;;;;;;;;;;;;;;;;;;;;;;;;;;;;;;;;;;;;;;;;;;;;;;;;;;;;;;;;;;;;;;;;;;;;;;;;;;;;;;;;;;;;;;;;;;;;;;;;;;;;;;;;;;;;;;;;;;;;;;;;;;;;;;;;;;;;;;;;;;;;;;;;;;;;;;;;;;;;;;;;;;;;;;;;;;;;;;;;;;;;;;;;;;;;;;;;;;;;;;;;;;;;;;;;;;;;;;;;;;;;;;;;;;;;;;;;;;;;;;;;;;;;;;;;;;;;;;;;;;;;;;;;;;;;;;;;;;;;;;;;;;;;;;;;;;;;;;;;;;;;;;;;;;;;;;;;;;;;;;;;;;;;;;;;;;;;;;;;;;;;;;;;;;;;;;;;;;;;;;;;;;;;;;;;;;;;;;;;;;;;;;;;;;;;;;;;;;0;4.60;5.70;3.40;9.00;10.10;8.70;187;283;114;307;306;937.50;;;18354346;11.00;;;;;;24.00
1556475600000;2019-04-28T19:20:00.000+0100;;;;;;;;;0.90;-114.00;375.80;375.70;376.10;245.00;241.00;238.00;;;;;;;;;;;;;;;;3.0;;;;;;;;;;;;;;;;;;;;;;;;;;;;;;;;;;;;;;;;;;;;50.00;;;;;;;;;;;;;;;;;;;;;;;;;;;;;;;;;;;;;;37.00;44.00;34.00;14.00;;;;30.00;32.00;30.00;;;;;;;;;;;;;;;;;;;;;;;;;;;;;;;;;;;;61.00;59.00;61.00;;;;;;;;;;;;;;;;;;;;;;;245.700;;;;;;;;;;;;;;;;;;;;;;;;;;;;;;;;;;;;;;;;;;;;;;;;;;;;;;;;;;;;;;;;;;;;;;;;;;;;;;;;;;;;;;;;;;;;;;;;;;;;;;;;;;;;;;;;;;;;;;;;;;;;;;;;;;;;;;;;;;;;;;;;;;;;;;;;;;;;;;;;;;;;;;;;;;;;;;;;;;;;;;;;;;;;;;;;;;;;;;;;;;;;;;;;;;;;;;;;;;;;;;;;;;;;;;;;;;;;;;;;;;;;;;;;;;;;;;;;;;;;;;;;;;;;;;;;;;;;;;;;;;;;;;;;;;;;;;;;;;;;;;;;;;;;;;;;;;;;;;;;;;;;;;;;;;;;;;;;;;;;;;;;;;;;;;;;;;;;;;;;;;;;;;;;;;;;;;;;;;;;;;;;;;;;;;;;;;;;;;;;;;;;;;;;;;;;;;;;;;;;;;;;;;;;;;;;;;;;;;;;;;;;;;;;;;;;;;;;;;0;5.00;6.00;4.00;9.50;10.70;8.70;246;343;177;308;306;995.00;;;18354386;11.00;;;;;;24.00
1556476200000;2019-04-28T19:30:00.000+0100;;;;;;;;;0.90;-114.00;376.00;375.80;376.50;217.00;213.00;212.00;;;;;;;;;;;;;;;;3.0;;;;;;;;;;;;;;;;;;;;;;;;;;;;;;;;;;;;;;;;;;;;50.00;;;;;;;;;;;;;;;;;;;;;;;;;;;;;;;;;;;;;;37.00;44.00;34.00;14.00;;;;30.00;32.00;30.00;;;;;;;;;;;;;;;;;;;;;;;;;;;;;;;;;;;;61.00;59.00;61.00;;;;;;;;;;;;;;;;;;;;;;;211.300;;;;;;;;;;;;;;;;;;;;;;;;;;;;;;;;;;;;;;;;;;;;;;;;;;;;;;;;;;;;;;;;;;;;;;;;;;;;;;;;;;;;;;;;;;;;;;;;;;;;;;;;;;;;;;;;;;;;;;;;;;;;;;;;;;;;;;;;;;;;;;;;;;;;;;;;;;;;;;;;;;;;;;;;;;;;;;;;;;;;;;;;;;;;;;;;;;;;;;;;;;;;;;;;;;;;;;;;;;;;;;;;;;;;;;;;;;;;;;;;;;;;;;;;;;;;;;;;;;;;;;;;;;;;;;;;;;;;;;;;;;;;;;;;;;;;;;;;;;;;;;;;;;;;;;;;;;;;;;;;;;;;;;;;;;;;;;;;;;;;;;;;;;;;;;;;;;;;;;;;;;;;;;;;;;;;;;;;;;;;;;;;;;;;;;;;;;;;;;;;;;;;;;;;;;;;;;;;;;;;;;;;;;;;;;;;;;;;;;;;;;;;;;;;;;;;;;;;;;0;4.80;5.60;3.70;9.20;10.00;8.60;211;296;117;308;310;960.00;;;18354422;11.00;;;;;;24.00
1556476800000;2019-04-28T19:40:00.000+0100;;;;;;;;;0.80;-114.00;375.60;375.60;376.10;193.00;189.00;186.00;;;;;;;;;;;;;;;;3.0;;;;;;;;;;;;;;;;;;;;;;;;;;;;;;;;;;;;;;;;;;;;50.00;;;;;;;;;;;;;;;;;;;;;;;;;;;;;;;;;;;;;;37.00;44.00;34.00;14.00;;;;30.00;32.00;30.00;;;;;;;;;;;;;;;;;;;;;;;;;;;;;;;;;;;;60.00;59.00;60.00;;;;;;;;;;;;;;;;;;;;;;;179.000;;;;;;;;;;;;;;;;;;;;;;;;;;;;;;;;;;;;;;;;;;;;;;;;;;;;;;;;;;;;;;;;;;;;;;;;;;;;;;;;;;;;;;;;;;;;;;;;;;;;;;;;;;;;;;;;;;;;;;;;;;;;;;;;;;;;;;;;;;;;;;;;;;;;;;;;;;;;;;;;;;;;;;;;;;;;;;;;;;;;;;;;;;;;;;;;;;;;;;;;;;;;;;;;;;;;;;;;;;;;;;;;;;;;;;;;;;;;;;;;;;;;;;;;;;;;;;;;;;;;;;;;;;;;;;;;;;;;;;;;;;;;;;;;;;;;;;;;;;;;;;;;;;;;;;;;;;;;;;;;;;;;;;;;;;;;;;;;;;;;;;;;;;;;;;;;;;;;;;;;;;;;;;;;;;;;;;;;;;;;;;;;;;;;;;;;;;;;;;;;;;;;;;;;;;;;;;;;;;;;;;;;;;;;;;;;;;;;;;;;;;;;;;;;;;;;;;;;;;0;4.60;5.60;3.80;8.90;9.70;8.70;179;237;118;308;311;927.40;;;18354452;10.00;;;;;;24.00
1556477400000;2019-04-28T19:50:00.000+0100;;;;;;;;;0.90;-114.00;375.20;375.10;375.70;216.00;213.00;210.00;;;;;;;;;;;;;;;;1.0;;;;;;;;;;;;;;;;;;;;;;;;;;;;;;;;;;;;;;;;;;;;50.00;;;;;;;;;;;;;;;;;;;;;;;;;;;;;;;;;;;;;;37.00;44.00;34.00;14.00;;;;30.00;32.00;29.00;;;;;;;;;;;;;;;;;;;;;;;;;;;;;;;;;;;;60.00;59.00;60.00;;;;;;;;;;;;;;;;;;;;;;;210.100;;;;;;;;;;;;;;;;;;;;;;;;;;;;;;;;;;;;;;;;;;;;;;;;;;;;;;;;;;;;;;;;;;;;;;;;;;;;;;;;;;;;;;;;;;;;;;;;;;;;;;;;;;;;;;;;;;;;;;;;;;;;;;;;;;;;;;;;;;;;;;;;;;;;;;;;;;;;;;;;;;;;;;;;;;;;;;;;;;;;;;;;;;;;;;;;;;;;;;;;;;;;;;;;;;;;;;;;;;;;;;;;;;;;;;;;;;;;;;;;;;;;;;;;;;;;;;;;;;;;;;;;;;;;;;;;;;;;;;;;;;;;;;;;;;;;;;;;;;;;;;;;;;;;;;;;;;;;;;;;;;;;;;;;;;;;;;;;;;;;;;;;;;;;;;;;;;;;;;;;;;;;;;;;;;;;;;;;;;;;;;;;;;;;;;;;;;;;;;;;;;;;;;;;;;;;;;;;;;;;;;;;;;;;;;;;;;;;;;;;;;;;;;;;;;;;;;;;;;0;4.80;5.70;3.80;9.10;10.00;8.60;210;271;135;308;312;952.50;;;18354486;10.00;;;;;;24.00
1556478000000;2019-04-28T20:00:00.000+0100;;;;;;;;;0.90;-114.00;375.10;374.80;375.70;257.00;252.00;251.00;;;;;;;;;;;;;;;;3.0;;;;;;;;;;;;;;;;;;;;;;;;;;;;;;;;;;;;;;;;;;;;50.00;;;;;;;;;;;;;;;;;;;;;;;;;;;;;;;;;;;;;;37.00;44.00;34.00;14.00;;;;30.00;32.00;29.00;;;;;;;;;;;;;;;;;;;;;;;;;;;;;;;;;;;;60.00;59.00;60.00;;;;;;;;;;;;;;;;;;;;;;;260.400;;;;;;;;;;;;;;;;;;;;;;;;;;;;;;;;;;;;;;;;;;;;;;;;;;;;;;;;;;;;;;;;;;;;;;;;;;;;;;;;;;;;;;;;;;;;;;;;;;;;;;;;;;;;;;;;;;;;;;;;;;;;;;;;;;;;;;;;;;;;;;;;;;;;;;;;;;;;;;;;;;;;;;;;;;;;;;;;;;;;;;;;;;;;;;;;;;;;;;;;;;;;;;;;;;;;;;;;;;;;;;;;;;;;;;;;;;;;;;;;;;;;;;;;;;;;;;;;;;;;;;;;;;;;;;;;;;;;;;;;;;;;;;;;;;;;;;;;;;;;;;;;;;;;;;;;;;;;;;;;;;;;;;;;;;;;;;;;;;;;;;;;;;;;;;;;;;;;;;;;;;;;;;;;;;;;;;;;;;;;;;;;;;;;;;;;;;;;;;;;;;;;;;;;;;;;;;;;;;;;;;;;;;;;;;;;;;;;;;;;;;;;;;;;;;;;;;;;;;0;5.20;5.90;4.30;9.80;10.60;8.70;260;330;157;314;311;1021.90;;;18354530;10.00;;;;;;24.00
1556478600000;2019-04-28T20:10:00.000+0100;;;;;;;;;0.90;-114.00;375.40;375.30;376.00;287.00;282.00;281.00;;;;;;;;;;;;;;;;3.0;;;;;;;;;;;;;;;;;;;;;;;;;;;;;;;;;;;;;;;;;;;;50.00;;;;;;;;;;;;;;;;;;;;;;;;;;;;;;;;;;;;;;37.00;44.00;34.00;14.00;;;;30.00;32.00;29.00;;;;;;;;;;;;;;;;;;;;;;;;;;;;;;;;;;;;61.00;60.00;61.00;;;;;;;;;;;;;;;;;;;;;;;297.300;;;;;;;;;;;;;;;;;;;;;;;;;;;;;;;;;;;;;;;;;;;;;;;;;;;;;;;;;;;;;;;;;;;;;;;;;;;;;;;;;;;;;;;;;;;;;;;;;;;;;;;;;;;;;;;;;;;;;;;;;;;;;;;;;;;;;;;;;;;;;;;;;;;;;;;;;;;;;;;;;;;;;;;;;;;;;;;;;;;;;;;;;;;;;;;;;;;;;;;;;;;;;;;;;;;;;;;;;;;;;;;;;;;;;;;;;;;;;;;;;;;;;;;;;;;;;;;;;;;;;;;;;;;;;;;;;;;;;;;;;;;;;;;;;;;;;;;;;;;;;;;;;;;;;;;;;;;;;;;;;;;;;;;;;;;;;;;;;;;;;;;;;;;;;;;;;;;;;;;;;;;;;;;;;;;;;;;;;;;;;;;;;;;;;;;;;;;;;;;;;;;;;;;;;;;;;;;;;;;;;;;;;;;;;;;;;;;;;;;;;;;;;;;;;;;;;;;;;;0;5.40;5.90;4.80;10.10;10.70;9.50;298;344;254;308;308;1056.00;;;18354578;10.00;;;;;;24.00
1556479200000;2019-04-28T20:20:00.000+0100;;;;;;;;;0.90;-114.00;375.60;375.60;376.20;263.00;259.00;257.00;;;;;;;;;;;;;;;;3.0;;;;;;;;;;;;;;;;;;;;;;;;;;;;;;;;;;;;;;;;;;;;50.00;;;;;;;;;;;;;;;;;;;;;;;;;;;;;;;;;;;;;;37.00;44.00;34.00;14.00;;;;30.00;32.00;29.00;;;;;;;;;;;;;;;;;;;;;;;;;;;;;;;;;;;;61.00;60.00;61.00;;;;;;;;;;;;;;;;;;;;;;;268.500;;;;;;;;;;;;;;;;;;;;;;;;;;;;;;;;;;;;;;;;;;;;;;;;;;;;;;;;;;;;;;;;;;;;;;;;;;;;;;;;;;;;;;;;;;;;;;;;;;;;;;;;;;;;;;;;;;;;;;;;;;;;;;;;;;;;;;;;;;;;;;;;;;;;;;;;;;;;;;;;;;;;;;;;;;;;;;;;;;;;;;;;;;;;;;;;;;;;;;;;;;;;;;;;;;;;;;;;;;;;;;;;;;;;;;;;;;;;;;;;;;;;;;;;;;;;;;;;;;;;;;;;;;;;;;;;;;;;;;;;;;;;;;;;;;;;;;;;;;;;;;;;;;;;;;;;;;;;;;;;;;;;;;;;;;;;;;;;;;;;;;;;;;;;;;;;;;;;;;;;;;;;;;;;;;;;;;;;;;;;;;;;;;;;;;;;;;;;;;;;;;;;;;;;;;;;;;;;;;;;;;;;;;;;;;;;;;;;;;;;;;;;;;;;;;;;;;;;;;0;5.20;5.80;4.60;9.80;10.30;9.20;269;313;208;307;309;1026.50;;;18354624;10.00;;;;;;24.00
1556479800000;2019-04-28T20:30:00.000+0100;;;;;;;;;0.90;-114.00;375.70;375.70;376.20;204.00;200.00;198.00;;;;;;;;;;;;;;;;1.0;;;;;;;;;;;;;;;;;;;;;;;;;;;;;;;;;;;;;;;;;;;;50.00;;;;;;;;;;;;;;;;;;;;;;;;;;;;;;;;;;;;;;37.00;44.00;34.00;14.00;;;;30.00;32.00;29.00;;;;;;;;;;;;;;;;;;;;;;;;;;;;;;;;;;;;61.00;60.00;61.00;;;;;;;;;;;;;;;;;;;;;;;193.900;;;;;;;;;;;;;;;;;;;;;;;;;;;;;;;;;;;;;;;;;;;;;;;;;;;;;;;;;;;;;;;;;;;;;;;;;;;;;;;;;;;;;;;;;;;;;;;;;;;;;;;;;;;;;;;;;;;;;;;;;;;;;;;;;;;;;;;;;;;;;;;;;;;;;;;;;;;;;;;;;;;;;;;;;;;;;;;;;;;;;;;;;;;;;;;;;;;;;;;;;;;;;;;;;;;;;;;;;;;;;;;;;;;;;;;;;;;;;;;;;;;;;;;;;;;;;;;;;;;;;;;;;;;;;;;;;;;;;;;;;;;;;;;;;;;;;;;;;;;;;;;;;;;;;;;;;;;;;;;;;;;;;;;;;;;;;;;;;;;;;;;;;;;;;;;;;;;;;;;;;;;;;;;;;;;;;;;;;;;;;;;;;;;;;;;;;;;;;;;;;;;;;;;;;;;;;;;;;;;;;;;;;;;;;;;;;;;;;;;;;;;;;;;;;;;;;;;;;;0;4.70;5.80;3.20;9.10;10.40;8.60;194;288;101;310;312;955.00;;;18354656;10.00;;;;;;24.00
1556480400000;2019-04-28T20:40:00.000+0100;;;;;;;;;0.90;-102.00;376.20;376.20;376.80;209.00;205.00;204.00;;;;;;;;;;;;;;;;3.0;;;;;;;;;;;;;;;;;;;;;;;;;;;;;;;;;;;;;;;;;;;;50.00;;;;;;;;;;;;;;;;;;;;;;;;;;;;;;;;;;;;;;37.00;44.00;34.00;14.00;;;;30.00;31.00;29.00;;;;;;;;;;;;;;;;;;;;;;;;;;;;;;;;;;;;60.00;59.00;60.00;;;;;;;;;;;;;;;;;;;;;;;208.400;;;;;;;;;;;;;;;;;;;;;;;;;;;;;;;;;;;;;;;;;;;;;;;;;;;;;;;;;;;;;;;;;;;;;;;;;;;;;;;;;;;;;;;;;;;;;;;;;;;;;;;;;;;;;;;;;;;;;;;;;;;;;;;;;;;;;;;;;;;;;;;;;;;;;;;;;;;;;;;;;;;;;;;;;;;;;;;;;;;;;;;;;;;;;;;;;;;;;;;;;;;;;;;;;;;;;;;;;;;;;;;;;;;;;;;;;;;;;;;;;;;;;;;;;;;;;;;;;;;;;;;;;;;;;;;;;;;;;;;;;;;;;;;;;;;;;;;;;;;;;;;;;;;;;;;;;;;;;;;;;;;;;;;;;;;;;;;;;;;;;;;;;;;;;;;;;;;;;;;;;;;;;;;;;;;;;;;;;;;;;;;;;;;;;;;;;;;;;;;;;;;;;;;;;;;;;;;;;;;;;;;;;;;;;;;;;;;;;;;;;;;;;;;;;;;;;;;;;;0;4.80;5.30;4.20;9.10;9.50;8.70;208;252;162;308;309;946.40;;;18354690;10.00;;;;;;24.00
1556481000000;2019-04-28T20:50:00.000+0100;;;;;;;;;0.90;-99.60;376.60;376.50;377.10;200.00;195.00;194.00;;;;;;;;;;;;;;;;1.0;;;;;;;;;;;;;;;;;;;;;;;;;;;;;;;;;;;;;;;;;;;;50.00;;;;;;;;;;;;;;;;;;;;;;;;;;;;;;;;;;;;;;37.00;44.00;34.00;14.00;;;;29.00;31.00;29.00;;;;;;;;;;;;;;;;;;;;;;;;;;;;;;;;;;;;60.00;59.00;60.00;;;;;;;;;;;;;;;;;;;;;;;197.900;;;;;;;;;;;;;;;;;;;;;;;;;;;;;;;;;;;;;;;;;;;;;;;;;;;;;;;;;;;;;;;;;;;;;;;;;;;;;;;;;;;;;;;;;;;;;;;;;;;;;;;;;;;;;;;;;;;;;;;;;;;;;;;;;;;;;;;;;;;;;;;;;;;;;;;;;;;;;;;;;;;;;;;;;;;;;;;;;;;;;;;;;;;;;;;;;;;;;;;;;;;;;;;;;;;;;;;;;;;;;;;;;;;;;;;;;;;;;;;;;;;;;;;;;;;;;;;;;;;;;;;;;;;;;;;;;;;;;;;;;;;;;;;;;;;;;;;;;;;;;;;;;;;;;;;;;;;;;;;;;;;;;;;;;;;;;;;;;;;;;;;;;;;;;;;;;;;;;;;;;;;;;;;;;;;;;;;;;;;;;;;;;;;;;;;;;;;;;;;;;;;;;;;;;;;;;;;;;;;;;;;;;;;;;;;;;;;;;;;;;;;;;;;;;;;;;;;;;;0;4.80;5.40;4.20;9.10;9.70;8.70;198;266;130;308;312;951.30;;;18354724;10.00;;;;;;24.00
1556481600000;2019-04-28T21:00:00.000+0100;;;;;;;;;0.90;-91.00;376.70;376.70;377.30;197.00;193.00;191.00;;;;;;;;;;;;;;;;3.0;;;;;;;;;;;;;;;;;;;;;;;;;;;;;;;;;;;;;;;;;;;;50.00;;;;;;;;;;;;;;;;;;;;;;;;;;;;;;;;;;;;;;37.00;43.00;34.00;14.00;;;;29.00;31.00;29.00;;;;;;;;;;;;;;;;;;;;;;;;;;;;;;;;;;;;60.00;59.00;60.00;;;;;;;;;;;;;;;;;;;;;;;198.400;;;;;;;;;;;;;;;;;;;;;;;;;;;;;;;;;;;;;;;;;;;;;;;;;;;;;;;;;;;;;;;;;;;;;;;;;;;;;;;;;;;;;;;;;;;;;;;;;;;;;;;;;;;;;;;;;;;;;;;;;;;;;;;;;;;;;;;;;;;;;;;;;;;;;;;;;;;;;;;;;;;;;;;;;;;;;;;;;;;;;;;;;;;;;;;;;;;;;;;;;;;;;;;;;;;;;;;;;;;;;;;;;;;;;;;;;;;;;;;;;;;;;;;;;;;;;;;;;;;;;;;;;;;;;;;;;;;;;;;;;;;;;;;;;;;;;;;;;;;;;;;;;;;;;;;;;;;;;;;;;;;;;;;;;;;;;;;;;;;;;;;;;;;;;;;;;;;;;;;;;;;;;;;;;;;;;;;;;;;;;;;;;;;;;;;;;;;;;;;;;;;;;;;;;;;;;;;;;;;;;;;;;;;;;;;;;;;;;;;;;;;;;;;;;;;;;;;;;;0;4.80;5.40;3.20;9.10;9.60;8.70;198;250;125;311;308;954.40;;;18354756;10.00;;;;;;24.00
1556482200000;2019-04-28T21:10:00.000+0100;;;;;;;;;0.90;-91.00;376.70;376.70;377.20;167.00;163.00;161.00;;;;;;;;;;;;;;;;1.0;;;;;;;;;;;;;;;;;;;;;;;;;;;;;;;;;;;;;;;;;;;;50.00;;;;;;;;;;;;;;;;;;;;;;;;;;;;;;;;;;;;;;37.00;43.00;34.00;14.00;;;;29.00;31.00;29.00;;;;;;;;;;;;;;;;;;;;;;;;;;;;;;;;;;;;60.00;58.00;60.00;;;;;;;;;;;;;;;;;;;;;;;159.800;;;;;;;;;;;;;;;;;;;;;;;;;;;;;;;;;;;;;;;;;;;;;;;;;;;;;;;;;;;;;;;;;;;;;;;;;;;;;;;;;;;;;;;;;;;;;;;;;;;;;;;;;;;;;;;;;;;;;;;;;;;;;;;;;;;;;;;;;;;;;;;;;;;;;;;;;;;;;;;;;;;;;;;;;;;;;;;;;;;;;;;;;;;;;;;;;;;;;;;;;;;;;;;;;;;;;;;;;;;;;;;;;;;;;;;;;;;;;;;;;;;;;;;;;;;;;;;;;;;;;;;;;;;;;;;;;;;;;;;;;;;;;;;;;;;;;;;;;;;;;;;;;;;;;;;;;;;;;;;;;;;;;;;;;;;;;;;;;;;;;;;;;;;;;;;;;;;;;;;;;;;;;;;;;;;;;;;;;;;;;;;;;;;;;;;;;;;;;;;;;;;;;;;;;;;;;;;;;;;;;;;;;;;;;;;;;;;;;;;;;;;;;;;;;;;;;;;;;;0;4.30;5.10;2.80;8.80;9.30;8.60;160;242;89;308;312;924.40;;;18354784;10.00;;;;;;24.00
1556482800000;2019-04-28T21:20:00.000+0100;;;;;;;;;0.80;-82.60;377.30;377.30;377.80;141.00;137.00;136.00;;;;;;;;;;;;;;;;1.0;;;;;;;;;;;;;;;;;;;;;;;;;;;;;;;;;;;;;;;;;;;;50.00;;;;;;;;;;;;;;;;;;;;;;;;;;;;;;;;;;;;;;37.00;43.00;34.00;14.00;;;;29.00;31.00;29.00;;;;;;;;;;;;;;;;;;;;;;;;;;;;;;;;;;;;59.00;58.00;59.00;;;;;;;;;;;;;;;;;;;;;;;130.000;;;;;;;;;;;;;;;;;;;;;;;;;;;;;;;;;;;;;;;;;;;;;;;;;;;;;;;;;;;;;;;;;;;;;;;;;;;;;;;;;;;;;;;;;;;;;;;;;;;;;;;;;;;;;;;;;;;;;;;;;;;;;;;;;;;;;;;;;;;;;;;;;;;;;;;;;;;;;;;;;;;;;;;;;;;;;;;;;;;;;;;;;;;;;;;;;;;;;;;;;;;;;;;;;;;;;;;;;;;;;;;;;;;;;;;;;;;;;;;;;;;;;;;;;;;;;;;;;;;;;;;;;;;;;;;;;;;;;;;;;;;;;;;;;;;;;;;;;;;;;;;;;;;;;;;;;;;;;;;;;;;;;;;;;;;;;;;;;;;;;;;;;;;;;;;;;;;;;;;;;;;;;;;;;;;;;;;;;;;;;;;;;;;;;;;;;;;;;;;;;;;;;;;;;;;;;;;;;;;;;;;;;;;;;;;;;;;;;;;;;;;;;;;;;;;;;;;;;;0;3.90;5.00;2.60;8.80;9.00;8.60;130;220;40;314;317;920.90;;;18354806;10.00;;;;;;24.00
1556483400000;2019-04-28T21:30:00.000+0100;;;;;;;;;0.90;-78.00;378.00;378.00;378.40;154.00;149.00;148.00;;;;;;;;;;;;;;;;1.0;;;;;;;;;;;;;;;;;;;;;;;;;;;;;;;;;;;;;;;;;;;;50.00;;;;;;;;;;;;;;;;;;;;;;;;;;;;;;;;;;;;;;36.00;43.00;34.00;14.00;;;;29.00;31.00;29.00;;;;;;;;;;;;;;;;;;;;;;;;;;;;;;;;;;;;59.00;58.00;59.00;;;;;;;;;;;;;;;;;;;;;;;150.000;;;;;;;;;;;;;;;;;;;;;;;;;;;;;;;;;;;;;;;;;;;;;;;;;;;;;;;;;;;;;;;;;;;;;;;;;;;;;;;;;;;;;;;;;;;;;;;;;;;;;;;;;;;;;;;;;;;;;;;;;;;;;;;;;;;;;;;;;;;;;;;;;;;;;;;;;;;;;;;;;;;;;;;;;;;;;;;;;;;;;;;;;;;;;;;;;;;;;;;;;;;;;;;;;;;;;;;;;;;;;;;;;;;;;;;;;;;;;;;;;;;;;;;;;;;;;;;;;;;;;;;;;;;;;;;;;;;;;;;;;;;;;;;;;;;;;;;;;;;;;;;;;;;;;;;;;;;;;;;;;;;;;;;;;;;;;;;;;;;;;;;;;;;;;;;;;;;;;;;;;;;;;;;;;;;;;;;;;;;;;;;;;;;;;;;;;;;;;;;;;;;;;;;;;;;;;;;;;;;;;;;;;;;;;;;;;;;;;;;;;;;;;;;;;;;;;;;;;;0;4.10;5.30;2.50;8.80;9.10;8.50;150;235;58;314;315;920.90;;;18354830;10.00;;;;;;24.00
1556484000000;2019-04-28T21:40:00.000+0100;;;;;;;;;0.90;-68.90;378.30;378.50;378.90;212.00;208.00;206.00;;;;;;;;;;;;;;;;3.0;;;;;;;;;;;;;;;;;;;;;;;;;;;;;;;;;;;;;;;;;;;;50.00;;;;;;;;;;;;;;;;;;;;;;;;;;;;;;;;;;;;;;36.00;43.00;34.00;13.00;;;;29.00;31.00;29.00;;;;;;;;;;;;;;;;;;;;;;;;;;;;;;;;;;;;59.00;58.00;59.00;;;;;;;;;;;;;;;;;;;;;;;224.700;;;;;;;;;;;;;;;;;;;;;;;;;;;;;;;;;;;;;;;;;;;;;;;;;;;;;;;;;;;;;;;;;;;;;;;;;;;;;;;;;;;;;;;;;;;;;;;;;;;;;;;;;;;;;;;;;;;;;;;;;;;;;;;;;;;;;;;;;;;;;;;;;;;;;;;;;;;;;;;;;;;;;;;;;;;;;;;;;;;;;;;;;;;;;;;;;;;;;;;;;;;;;;;;;;;;;;;;;;;;;;;;;;;;;;;;;;;;;;;;;;;;;;;;;;;;;;;;;;;;;;;;;;;;;;;;;;;;;;;;;;;;;;;;;;;;;;;;;;;;;;;;;;;;;;;;;;;;;;;;;;;;;;;;;;;;;;;;;;;;;;;;;;;;;;;;;;;;;;;;;;;;;;;;;;;;;;;;;;;;;;;;;;;;;;;;;;;;;;;;;;;;;;;;;;;;;;;;;;;;;;;;;;;;;;;;;;;;;;;;;;;;;;;;;;;;;;;;;;0;4.60;6.60;2.80;9.20;11.40;8.60;225;487;110;314;313;966.70;;;18354868;10.00;;;;;;24.00
1556484600000;2019-04-28T21:50:00.000+0100;;;;;;;;;0.90;-77.20;378.40;378.70;379.10;259.00;257.00;255.00;;;;;;;;;;;;;;;;3.0;;;;;;;;;;;;;;;;;;;;;;;;;;;;;;;;;;;;;;;;;;;;50.00;;;;;;;;;;;;;;;;;;;;;;;;;;;;;;;;;;;;;;37.00;43.00;34.00;13.00;;;;29.00;31.00;29.00;;;;;;;;;;;;;;;;;;;;;;;;;;;;;;;;;;;;60.00;59.00;60.00;;;;;;;;;;;;;;;;;;;;;;;278.300;;;;;;;;;;;;;;;;;;;;;;;;;;;;;;;;;;;;;;;;;;;;;;;;;;;;;;;;;;;;;;;;;;;;;;;;;;;;;;;;;;;;;;;;;;;;;;;;;;;;;;;;;;;;;;;;;;;;;;;;;;;;;;;;;;;;;;;;;;;;;;;;;;;;;;;;;;;;;;;;;;;;;;;;;;;;;;;;;;;;;;;;;;;;;;;;;;;;;;;;;;;;;;;;;;;;;;;;;;;;;;;;;;;;;;;;;;;;;;;;;;;;;;;;;;;;;;;;;;;;;;;;;;;;;;;;;;;;;;;;;;;;;;;;;;;;;;;;;;;;;;;;;;;;;;;;;;;;;;;;;;;;;;;;;;;;;;;;;;;;;;;;;;;;;;;;;;;;;;;;;;;;;;;;;;;;;;;;;;;;;;;;;;;;;;;;;;;;;;;;;;;;;;;;;;;;;;;;;;;;;;;;;;;;;;;;;;;;;;;;;;;;;;;;;;;;;;;;;;0;5.10;7.90;2.90;10.10;13.10;8.60;279;551;85;314;314;1055.60;;;18354914;10.00;;;;;;24.00
1556485200000;2019-04-28T22:00:00.000+0100;;;;;;;;;0.90;-77.90;378.50;378.70;379.10;200.00;196.00;195.00;;;;;;;;;;;;;;;;3.0;;;;;;;;;;;;;;;;;;;;;;;;;;;;;;;;;;;;;;;;;;;;50.00;;;;;;;;;;;;;;;;;;;;;;;;;;;;;;;;;;;;;;37.00;43.00;34.00;13.00;;;;29.00;31.00;29.00;;;;;;;;;;;;;;;;;;;;;;;;;;;;;;;;;;;;60.00;59.00;60.00;;;;;;;;;;;;;;;;;;;;;;;206.700;;;;;;;;;;;;;;;;;;;;;;;;;;;;;;;;;;;;;;;;;;;;;;;;;;;;;;;;;;;;;;;;;;;;;;;;;;;;;;;;;;;;;;;;;;;;;;;;;;;;;;;;;;;;;;;;;;;;;;;;;;;;;;;;;;;;;;;;;;;;;;;;;;;;;;;;;;;;;;;;;;;;;;;;;;;;;;;;;;;;;;;;;;;;;;;;;;;;;;;;;;;;;;;;;;;;;;;;;;;;;;;;;;;;;;;;;;;;;;;;;;;;;;;;;;;;;;;;;;;;;;;;;;;;;;;;;;;;;;;;;;;;;;;;;;;;;;;;;;;;;;;;;;;;;;;;;;;;;;;;;;;;;;;;;;;;;;;;;;;;;;;;;;;;;;;;;;;;;;;;;;;;;;;;;;;;;;;;;;;;;;;;;;;;;;;;;;;;;;;;;;;;;;;;;;;;;;;;;;;;;;;;;;;;;;;;;;;;;;;;;;;;;;;;;;;;;;;;;;0;4.50;6.60;2.90;9.10;10.70;8.50;208;430;76;314;316;956.00;;;18354948;10.00;;;;;;24.00
1556485800000;2019-04-28T22:10:00.000+0100;;;;;;;;;0.90;-87.30;378.00;378.30;378.60;199.00;195.00;193.00;;;;;;;;;;;;;;;;3.0;;;;;;;;;;;;;;;;;;;;;;;;;;;;;;;;;;;;;;;;;;;;50.00;;;;;;;;;;;;;;;;;;;;;;;;;;;;;;;;;;;;;;37.00;43.00;34.00;13.00;;;;29.00;31.00;29.00;;;;;;;;;;;;;;;;;;;;;;;;;;;;;;;;;;;;60.00;59.00;60.00;;;;;;;;;;;;;;;;;;;;;;;202.000;;;;;;;;;;;;;;;;;;;;;;;;;;;;;;;;;;;;;;;;;;;;;;;;;;;;;;;;;;;;;;;;;;;;;;;;;;;;;;;;;;;;;;;;;;;;;;;;;;;;;;;;;;;;;;;;;;;;;;;;;;;;;;;;;;;;;;;;;;;;;;;;;;;;;;;;;;;;;;;;;;;;;;;;;;;;;;;;;;;;;;;;;;;;;;;;;;;;;;;;;;;;;;;;;;;;;;;;;;;;;;;;;;;;;;;;;;;;;;;;;;;;;;;;;;;;;;;;;;;;;;;;;;;;;;;;;;;;;;;;;;;;;;;;;;;;;;;;;;;;;;;;;;;;;;;;;;;;;;;;;;;;;;;;;;;;;;;;;;;;;;;;;;;;;;;;;;;;;;;;;;;;;;;;;;;;;;;;;;;;;;;;;;;;;;;;;;;;;;;;;;;;;;;;;;;;;;;;;;;;;;;;;;;;;;;;;;;;;;;;;;;;;;;;;;;;;;;;;;0;4.50;6.20;3.00;9.00;10.30;8.50;202;436;78;314;314;942.60;;;18354982;10.00;;;;;;24.00
1556486400000;2019-04-28T22:20:00.000+0100;;;;;;;;;0.90;-87.00;378.40;378.60;378.80;234.00;230.00;228.00;;;;;;;;;;;;;;;;1.0;;;;;;;;;;;;;;;;;;;;;;;;;;;;;;;;;;;;;;;;;;;;50.00;;;;;;;;;;;;;;;;;;;;;;;;;;;;;;;;;;;;;;37.00;43.00;34.00;13.00;;;;29.00;31.00;28.00;;;;;;;;;;;;;;;;;;;;;;;;;;;;;;;;;;;;60.00;59.00;60.00;;;;;;;;;;;;;;;;;;;;;;;242.900;;;;;;;;;;;;;;;;;;;;;;;;;;;;;;;;;;;;;;;;;;;;;;;;;;;;;;;;;;;;;;;;;;;;;;;;;;;;;;;;;;;;;;;;;;;;;;;;;;;;;;;;;;;;;;;;;;;;;;;;;;;;;;;;;;;;;;;;;;;;;;;;;;;;;;;;;;;;;;;;;;;;;;;;;;;;;;;;;;;;;;;;;;;;;;;;;;;;;;;;;;;;;;;;;;;;;;;;;;;;;;;;;;;;;;;;;;;;;;;;;;;;;;;;;;;;;;;;;;;;;;;;;;;;;;;;;;;;;;;;;;;;;;;;;;;;;;;;;;;;;;;;;;;;;;;;;;;;;;;;;;;;;;;;;;;;;;;;;;;;;;;;;;;;;;;;;;;;;;;;;;;;;;;;;;;;;;;;;;;;;;;;;;;;;;;;;;;;;;;;;;;;;;;;;;;;;;;;;;;;;;;;;;;;;;;;;;;;;;;;;;;;;;;;;;;;;;;;;;0;4.80;6.80;3.20;9.50;11.40;8.60;243;533;56;314;313;996.40;;;18355024;10.00;;;;;;24.00
1556487000000;2019-04-28T22:30:00.000+0100;;;;;;;;;0.80;-106.00;377.70;377.90;378.10;176.00;173.00;170.00;;;;;;;;;;;;;;;;1.0;;;;;;;;;;;;;;;;;;;;;;;;;;;;;;;;;;;;;;;;;;;;50.00;;;;;;;;;;;;;;;;;;;;;;;;;;;;;;;;;;;;;;37.00;43.00;34.00;13.00;;;;29.00;31.00;28.00;;;;;;;;;;;;;;;;;;;;;;;;;;;;;;;;;;;;60.00;59.00;60.00;;;;;;;;;;;;;;;;;;;;;;;158.800;;;;;;;;;;;;;;;;;;;;;;;;;;;;;;;;;;;;;;;;;;;;;;;;;;;;;;;;;;;;;;;;;;;;;;;;;;;;;;;;;;;;;;;;;;;;;;;;;;;;;;;;;;;;;;;;;;;;;;;;;;;;;;;;;;;;;;;;;;;;;;;;;;;;;;;;;;;;;;;;;;;;;;;;;;;;;;;;;;;;;;;;;;;;;;;;;;;;;;;;;;;;;;;;;;;;;;;;;;;;;;;;;;;;;;;;;;;;;;;;;;;;;;;;;;;;;;;;;;;;;;;;;;;;;;;;;;;;;;;;;;;;;;;;;;;;;;;;;;;;;;;;;;;;;;;;;;;;;;;;;;;;;;;;;;;;;;;;;;;;;;;;;;;;;;;;;;;;;;;;;;;;;;;;;;;;;;;;;;;;;;;;;;;;;;;;;;;;;;;;;;;;;;;;;;;;;;;;;;;;;;;;;;;;;;;;;;;;;;;;;;;;;;;;;;;;;;;;;;0;4.10;6.30;2.60;9.00;10.70;8.50;159;392;15;316;319;936.90;;;18355050;10.00;;;;;;23.00
1556487600000;2019-04-28T22:40:00.000+0100;;;;;;;;;0.70;-114.00;377.10;377.50;377.50;166.00;162.00;160.00;;;;;;;;;;;;;;;;1.0;;;;;;;;;;;;;;;;;;;;;;;;;;;;;;;;;;;;;;;;;;;;50.00;;;;;;;;;;;;;;;;;;;;;;;;;;;;;;;;;;;;;;37.00;43.00;34.00;13.00;;;;29.00;30.00;28.00;;;;;;;;;;;;;;;;;;;;;;;;;;;;;;;;;;;;59.00;58.00;59.00;;;;;;;;;;;;;;;;;;;;;;;140.000;;;;;;;;;;;;;;;;;;;;;;;;;;;;;;;;;;;;;;;;;;;;;;;;;;;;;;;;;;;;;;;;;;;;;;;;;;;;;;;;;;;;;;;;;;;;;;;;;;;;;;;;;;;;;;;;;;;;;;;;;;;;;;;;;;;;;;;;;;;;;;;;;;;;;;;;;;;;;;;;;;;;;;;;;;;;;;;;;;;;;;;;;;;;;;;;;;;;;;;;;;;;;;;;;;;;;;;;;;;;;;;;;;;;;;;;;;;;;;;;;;;;;;;;;;;;;;;;;;;;;;;;;;;;;;;;;;;;;;;;;;;;;;;;;;;;;;;;;;;;;;;;;;;;;;;;;;;;;;;;;;;;;;;;;;;;;;;;;;;;;;;;;;;;;;;;;;;;;;;;;;;;;;;;;;;;;;;;;;;;;;;;;;;;;;;;;;;;;;;;;;;;;;;;;;;;;;;;;;;;;;;;;;;;;;;;;;;;;;;;;;;;;;;;;;;;;;;;;;0;4.10;5.40;2.70;8.90;9.60;8.60;140;250;40;320;317;929.50;;;18355072;10.00;;;;;;24.00
1556488200000;2019-04-28T22:50:00.000+0100;;;;;;;;;0.70;-114.00;377.30;377.70;377.70;149.00;146.00;143.00;;;;;;;;;;;;;;;;1.0;;;;;;;;;;;;;;;;;;;;;;;;;;;;;;;;;;;;;;;;;;;;50.00;;;;;;;;;;;;;;;;;;;;;;;;;;;;;;;;;;;;;;36.00;42.00;34.00;13.00;;;;29.00;30.00;28.00;;;;;;;;;;;;;;;;;;;;;;;;;;;;;;;;;;;;59.00;58.00;59.00;;;;;;;;;;;;;;;;;;;;;;;114.700;;;;;;;;;;;;;;;;;;;;;;;;;;;;;;;;;;;;;;;;;;;;;;;;;;;;;;;;;;;;;;;;;;;;;;;;;;;;;;;;;;;;;;;;;;;;;;;;;;;;;;;;;;;;;;;;;;;;;;;;;;;;;;;;;;;;;;;;;;;;;;;;;;;;;;;;;;;;;;;;;;;;;;;;;;;;;;;;;;;;;;;;;;;;;;;;;;;;;;;;;;;;;;;;;;;;;;;;;;;;;;;;;;;;;;;;;;;;;;;;;;;;;;;;;;;;;;;;;;;;;;;;;;;;;;;;;;;;;;;;;;;;;;;;;;;;;;;;;;;;;;;;;;;;;;;;;;;;;;;;;;;;;;;;;;;;;;;;;;;;;;;;;;;;;;;;;;;;;;;;;;;;;;;;;;;;;;;;;;;;;;;;;;;;;;;;;;;;;;;;;;;;;;;;;;;;;;;;;;;;;;;;;;;;;;;;;;;;;;;;;;;;;;;;;;;;;;;;;;0;3.80;5.60;2.50;8.80;9.50;8.50;115;252;33;316;316;923.10;;;18355092;9.00;;;;;;24.00
1556488800000;2019-04-28T23:00:00.000+0100;;;;;;;;;0.80;-114.00;377.60;377.90;378.10;186.00;182.00;180.00;;;;;;;;;;;;;;;;1.0;;;;;;;;;;;;;;;;;;;;;;;;;;;;;;;;;;;;;;;;;;;;50.00;;;;;;;;;;;;;;;;;;;;;;;;;;;;;;;;;;;;;;36.00;42.00;34.00;13.00;;;;28.00;30.00;28.00;;;;;;;;;;;;;;;;;;;;;;;;;;;;;;;;;;;;59.00;58.00;59.00;;;;;;;;;;;;;;;;;;;;;;;166.300;;;;;;;;;;;;;;;;;;;;;;;;;;;;;;;;;;;;;;;;;;;;;;;;;;;;;;;;;;;;;;;;;;;;;;;;;;;;;;;;;;;;;;;;;;;;;;;;;;;;;;;;;;;;;;;;;;;;;;;;;;;;;;;;;;;;;;;;;;;;;;;;;;;;;;;;;;;;;;;;;;;;;;;;;;;;;;;;;;;;;;;;;;;;;;;;;;;;;;;;;;;;;;;;;;;;;;;;;;;;;;;;;;;;;;;;;;;;;;;;;;;;;;;;;;;;;;;;;;;;;;;;;;;;;;;;;;;;;;;;;;;;;;;;;;;;;;;;;;;;;;;;;;;;;;;;;;;;;;;;;;;;;;;;;;;;;;;;;;;;;;;;;;;;;;;;;;;;;;;;;;;;;;;;;;;;;;;;;;;;;;;;;;;;;;;;;;;;;;;;;;;;;;;;;;;;;;;;;;;;;;;;;;;;;;;;;;;;;;;;;;;;;;;;;;;;;;;;;;0;4.30;6.10;2.60;9.10;10.80;8.60;166;405;47;317;312;952.10;;;18355120;9.00;;;;;;24.00
1556489400000;2019-04-28T23:10:00.000+0100;;;;;;;;;0.80;-114.00;377.20;377.60;377.70;192.00;189.00;187.00;;;;;;;;;;;;;;;;3.0;;;;;;;;;;;;;;;;;;;;;;;;;;;;;;;;;;;;;;;;;;;;49.90;;;;;;;;;;;;;;;;;;;;;;;;;;;;;;;;;;;;;;36.00;42.00;34.00;13.00;;;;28.00;30.00;28.00;;;;;;;;;;;;;;;;;;;;;;;;;;;;;;;;;;;;59.00;58.00;59.00;;;;;;;;;;;;;;;;;;;;;;;177.200;;;;;;;;;;;;;;;;;;;;;;;;;;;;;;;;;;;;;;;;;;;;;;;;;;;;;;;;;;;;;;;;;;;;;;;;;;;;;;;;;;;;;;;;;;;;;;;;;;;;;;;;;;;;;;;;;;;;;;;;;;;;;;;;;;;;;;;;;;;;;;;;;;;;;;;;;;;;;;;;;;;;;;;;;;;;;;;;;;;;;;;;;;;;;;;;;;;;;;;;;;;;;;;;;;;;;;;;;;;;;;;;;;;;;;;;;;;;;;;;;;;;;;;;;;;;;;;;;;;;;;;;;;;;;;;;;;;;;;;;;;;;;;;;;;;;;;;;;;;;;;;;;;;;;;;;;;;;;;;;;;;;;;;;;;;;;;;;;;;;;;;;;;;;;;;;;;;;;;;;;;;;;;;;;;;;;;;;;;;;;;;;;;;;;;;;;;;;;;;;;;;;;;;;;;;;;;;;;;;;;;;;;;;;;;;;;;;;;;;;;;;;;;;;;;;;;;;;;;0;4.40;6.00;3.00;9.00;10.40;8.60;177;342;47;312;313;945.70;;;18355150;9.00;;;;;;24.00
1556490000000;2019-04-28T23:20:00.000+0100;;;;;;;;;0.80;-114.00;377.60;378.00;378.20;189.00;185.00;184.00;;;;;;;;;;;;;;;;1.0;;;;;;;;;;;;;;;;;;;;;;;;;;;;;;;;;;;;;;;;;;;;50.00;;;;;;;;;;;;;;;;;;;;;;;;;;;;;;;;;;;;;;36.00;42.00;34.00;13.00;;;;28.00;30.00;28.00;;;;;;;;;;;;;;;;;;;;;;;;;;;;;;;;;;;;59.00;58.00;59.00;;;;;;;;;;;;;;;;;;;;;;;172.600;;;;;;;;;;;;;;;;;;;;;;;;;;;;;;;;;;;;;;;;;;;;;;;;;;;;;;;;;;;;;;;;;;;;;;;;;;;;;;;;;;;;;;;;;;;;;;;;;;;;;;;;;;;;;;;;;;;;;;;;;;;;;;;;;;;;;;;;;;;;;;;;;;;;;;;;;;;;;;;;;;;;;;;;;;;;;;;;;;;;;;;;;;;;;;;;;;;;;;;;;;;;;;;;;;;;;;;;;;;;;;;;;;;;;;;;;;;;;;;;;;;;;;;;;;;;;;;;;;;;;;;;;;;;;;;;;;;;;;;;;;;;;;;;;;;;;;;;;;;;;;;;;;;;;;;;;;;;;;;;;;;;;;;;;;;;;;;;;;;;;;;;;;;;;;;;;;;;;;;;;;;;;;;;;;;;;;;;;;;;;;;;;;;;;;;;;;;;;;;;;;;;;;;;;;;;;;;;;;;;;;;;;;;;;;;;;;;;;;;;;;;;;;;;;;;;;;;;;;0;4.40;6.00;3.10;9.10;10.60;8.50;173;336;74;321;318;950.90;;;18355178;9.00;;;;;;24.00
1556490600000;2019-04-28T23:30:00.000+0100;;;;;;;;;0.70;-114.00;377.40;377.70;378.00;154.00;150.00;149.00;;;;;;;;;;;;;;;;1.0;;;;;;;;;;;;;;;;;;;;;;;;;;;;;;;;;;;;;;;;;;;;50.00;;;;;;;;;;;;;;;;;;;;;;;;;;;;;;;;;;;;;;36.00;42.00;34.00;13.00;;;;28.00;30.00;28.00;;;;;;;;;;;;;;;;;;;;;;;;;;;;;;;;;;;;59.00;58.00;59.00;;;;;;;;;;;;;;;;;;;;;;;122.400;;;;;;;;;;;;;;;;;;;;;;;;;;;;;;;;;;;;;;;;;;;;;;;;;;;;;;;;;;;;;;;;;;;;;;;;;;;;;;;;;;;;;;;;;;;;;;;;;;;;;;;;;;;;;;;;;;;;;;;;;;;;;;;;;;;;;;;;;;;;;;;;;;;;;;;;;;;;;;;;;;;;;;;;;;;;;;;;;;;;;;;;;;;;;;;;;;;;;;;;;;;;;;;;;;;;;;;;;;;;;;;;;;;;;;;;;;;;;;;;;;;;;;;;;;;;;;;;;;;;;;;;;;;;;;;;;;;;;;;;;;;;;;;;;;;;;;;;;;;;;;;;;;;;;;;;;;;;;;;;;;;;;;;;;;;;;;;;;;;;;;;;;;;;;;;;;;;;;;;;;;;;;;;;;;;;;;;;;;;;;;;;;;;;;;;;;;;;;;;;;;;;;;;;;;;;;;;;;;;;;;;;;;;;;;;;;;;;;;;;;;;;;;;;;;;;;;;;;;0;4.00;5.60;2.20;8.90;9.70;8.60;122;281;30;321;322;926.60;;;18355198;9.00;;;;;;24.00
1556491200000;2019-04-28T23:40:00.000+0100;;;;;;;;;0.70;-114.00;377.60;378.00;378.20;160.00;156.00;156.00;;;;;;;;;;;;;;;;1.0;;;;;;;;;;;;;;;;;;;;;;;;;;;;;;;;;;;;;;;;;;;;50.00;;;;;;;;;;;;;;;;;;;;;;;;;;;;;;;;;;;;;;36.00;42.00;34.00;13.00;;;;28.00;30.00;28.00;;;;;;;;;;;;;;;;;;;;;;;;;;;;;;;;;;;;58.00;58.00;59.00;;;;;;;;;;;;;;;;;;;;;;;131.100;;;;;;;;;;;;;;;;;;;;;;;;;;;;;;;;;;;;;;;;;;;;;;;;;;;;;;;;;;;;;;;;;;;;;;;;;;;;;;;;;;;;;;;;;;;;;;;;;;;;;;;;;;;;;;;;;;;;;;;;;;;;;;;;;;;;;;;;;;;;;;;;;;;;;;;;;;;;;;;;;;;;;;;;;;;;;;;;;;;;;;;;;;;;;;;;;;;;;;;;;;;;;;;;;;;;;;;;;;;;;;;;;;;;;;;;;;;;;;;;;;;;;;;;;;;;;;;;;;;;;;;;;;;;;;;;;;;;;;;;;;;;;;;;;;;;;;;;;;;;;;;;;;;;;;;;;;;;;;;;;;;;;;;;;;;;;;;;;;;;;;;;;;;;;;;;;;;;;;;;;;;;;;;;;;;;;;;;;;;;;;;;;;;;;;;;;;;;;;;;;;;;;;;;;;;;;;;;;;;;;;;;;;;;;;;;;;;;;;;;;;;;;;;;;;;;;;;;;;0;4.00;5.40;2.50;8.80;9.20;8.50;131;283;40;321;321;922.90;;;18355220;9.00;;;;;;24.00
1556491800000;2019-04-28T23:50:00.000+0100;;;;;;;;;0.80;-114.00;377.80;378.30;378.30;176.00;173.00;171.00;;;;;;;;;;;;;;;;3.0;;;;;;;;;;;;;;;;;;;;;;;;;;;;;;;;;;;;;;;;;;;;50.00;;;;;;;;;;;;;;;;;;;;;;;;;;;;;;;;;;;;;;36.00;42.00;34.00;13.00;;;;28.00;30.00;28.00;;;;;;;;;;;;;;;;;;;;;;;;;;;;;;;;;;;;58.00;57.00;59.00;;;;;;;;;;;;;;;;;;;;;;;156.100;;;;;;;;;;;;;;;;;;;;;;;;;;;;;;;;;;;;;;;;;;;;;;;;;;;;;;;;;;;;;;;;;;;;;;;;;;;;;;;;;;;;;;;;;;;;;;;;;;;;;;;;;;;;;;;;;;;;;;;;;;;;;;;;;;;;;;;;;;;;;;;;;;;;;;;;;;;;;;;;;;;;;;;;;;;;;;;;;;;;;;;;;;;;;;;;;;;;;;;;;;;;;;;;;;;;;;;;;;;;;;;;;;;;;;;;;;;;;;;;;;;;;;;;;;;;;;;;;;;;;;;;;;;;;;;;;;;;;;;;;;;;;;;;;;;;;;;;;;;;;;;;;;;;;;;;;;;;;;;;;;;;;;;;;;;;;;;;;;;;;;;;;;;;;;;;;;;;;;;;;;;;;;;;;;;;;;;;;;;;;;;;;;;;;;;;;;;;;;;;;;;;;;;;;;;;;;;;;;;;;;;;;;;;;;;;;;;;;;;;;;;;;;;;;;;;;;;;;;0;4.20;5.60;2.90;8.80;9.60;8.60;156;299;50;321;325;925.00;;;18355246;9.00;;;;;;23.00
