Timestamp;DateTime;T Generatorkuehlluft;T Gear Bearing Temperatur HS-ROT;T Wellenlager;Scheinleistung;U ac;I ac;Operation Mode;Turmauslenkung;Grid Production CosPhi (avg);Blindleistung;Spannung L1-N;Spannung L2-N;Spannung L3-N;Strom L1;Strom L2;Strom L3;Pitch Angle 1 (avg);Gondelumdrehung;Generatordrehzahl;DC Modules;Windabweichung 1 sek;Pitch Angle 2 (avg);Pitch Angle 3 (avg);Blattwinkel 1 (Soll);Blattwinkel 2 (Soll);Blattwinkel 3 (Soll);cos phi (Soll);n-Soll 1;n-Soll 2;Drehmoment;Drehmoment (Soll);Max. Operatingstate;Gondelbild;Windabweichung 10 sek;Schnelllaufzahl;Digital 1;Digital 2;Leistungsschalter Zuschaltungen;Triebstr.beschleunigung;Turmbeschleunigung;Anlagenzustand;Gear Bearing High Speed Shaft Generator Temperature (avg);Hydraulikvordruck;T.1(202);T.2(205);T.3(208);T.4(211);T.5(214);T.6(217);T.7(220);T.8(224);T.9(227);T.10(231);T.11(234);Int.Temp.;T.Sub1(202);T.Sub2(205);T.Sub3(208);T.Sub4(211);T.Sub5(214);T.Sub6(217);T.Sub7(220);T.Sub8(224);T.Sub9(227);T.Sub10(231);T.Sub11(234);Intern T.Sub;Windg. 1+2;T. SAMI;A.Ein(236);A.Ein(239);A.Ein(242);A.Ein(245);A.Aus(400);A.Aus(404);Netz Freq.;Grid voltage;Drehstromsteller Soll;Deviation Wind Direction To Nacelle Direction (avg);Leistungsmittelwert 5 Sek;Leistungsmittelwert 30 Sek;zugeschaltete Blindleistung;Leistungsklasse;Zustand Blatt;Anzahl Komp. Stufen;T Stator;Subtotal Energy Generator 1;Subtotal Energy Generator 2;Subtotal Production Time Generator 1;Subtotal Production Time Generator 2;Subtotal Availability Total Hours;Subtotal Availability Total Error;Subtotal Availability;Subtotal Wind Average;Subtotal Wind Maximum;Subtotal Availability Wind OK Hours;Subtotal Availability Braked Hours;Subtotal Availability External Error Hours;Subtotal Availability Grid Error Hours;Total Energy Generator 1;Total Energy Generator 2;Total Production Time Generator 1;Total Production Time Generator 2;Total Availability Total Hours;Total Availability Total Error;Total Availability;Total Wind Average;Total Wind Maximum;Total Availability Wind OK Hours;Total Availability Braked Hours;Total Availability External Error Hours;Total Availability Grid Error Hours;Blattwinkel;T Hydraulic Oil;T Gear Oil;T Generator Cooling Water;T Spin;Generator Slip Ring Top Temperature (avg);FreeForReuse;T Spin Slip Ring;High Voltage Trafo Phase 1 Temperature (avg);High Voltage Trafo Phase 2 Temperature (avg);High Voltage Trafo Phase 3 Temperature (avg);Event;Event Modul;Air Pressure;Niederschlag;Wingeschwindigkeit (Extern);Windrichtungsabweichung Max;Windrichtungsabweichung Min;Windrichtungsabweichung (Extern);Generatordrehzahl Max;Generatordrehzahl Min;Blindleistung Max;Blindleistung Min;Netzspannung Max;Netzspannung Min;Netzstrom;Netzstrom Max;Netzstrom Min;Statorstrom;Blattwinkel Durchschnitt;Blattwinkel Max;Blattwinkel Min;Leistung Bezug;Scheinleistung Bezug;Scheinleistung Bezug Max;Active Power Reference Value;Reactive Power Reference Value;Schwingungssensor 1 X Achse Max;Schwingungssensor 1 Y Achse Max;Schwingungssensor 2 X Achse Max;Schwingungssensor 2 Y Achse Max;Energie Produktion;Energie Bezug;Blindenergie Produktion;Blindenergie Bezug;Gondelposition Sensor;Statortemperatur L1;Statortemperatur L2;Statortemperatur L3;Blatt1 Motortemperatur;Blatt2 Motortemperatur;Blatt3 Motortemperatur;Umrichter (Generator zu Gleich) Temperatur;Umrichter (Gleich zu Netz) Temperatur;Produktionsstunden;Bezugszaehler;Setpoint frequenzy;t (Total);t (Produktionsbetrieb);t (Innerhalb Windgrenzen);Setpoint voltage;Produktion Zaehler-Lebenszeit kWh;Exported active energy;Exported active energy (red. op-mode);Setpoint in percent;Setpoint active power in percent;Internal setpoint max power;Internal setpoint stop WTG;Internal setpoint start WTG;Betriebsstunden Gen. 1;Betriebsstunden Gen. 2;Grid Possible Power (avg);Air Density;Max. Grid Active Power (Setpoint);Min. Grid Active Power (Setpoint);Max. Possible Grid Active Power (Setpoint);Full Power Operation Time;Power Reduced Operation Time;Min. Operatingstate;Wind Speed 2;Wind Speed 3;Wind Direction 2;Relative Humidity;T Generator Bearing DE;T Generator Bearing NDE;Radiation Module [W/m2];Radiation Horizontal [W/m2];Module Temperature;Wind Speed 4;Wind Speed 5;Wind Speed 6;Wind Speed 7;Wind Speed 8;Wind Direction 3;Wind Direction 4;Temperature Outside 2;Availability Wind Sensor 1;Availability Wind Sensor 2;Active Wind Sector In Period LaPM / Boost);Sector Angle Begin In Period (LaPM / Boost);Sector Angle End In Period (LaPM / Boost);Sector Time In Period (LaPM / Boost);Wind Direction Leading To Power Management (LaPM / Boost);Number Of Currently Main Wind Sensor;Active Wind Sensor;Relative Wind Direction (avg);Relative Wind Direction (min);Relative Wind Direction (max);Relative Wind Direction (stddev);Relative Wind Direction Sensor 1 (avg);Relative Wind Direction Sensor 1 (min);Relative Wind Direction Sensor 1 (max);Relative Wind Direction Sensor 1 (stddev);Relative Wind Direction Sensor 2 (avg);Relative Wind Direction Sensor 2 (min);Relative Wind Direction Sensor 2 (max);Relative Wind Direction Sensor 2 (stddev);Estimated Wind Speed (avg);Estimated Wind Speed (min);Estimated Wind Speed (max);Estimated Wind Speed (stddev);Wind Speed (stddev);Wind Speed Sensor 1 (avg);Wind Speed Sensor 1 (min);Wind Speed Sensor 1 (max);Wind Speed Sensor 1 (stddev);Wind Speed Sensor 2 (avg);Wind Speed Sensor 2 (min);Wind Speed Sensor 2 (max);Wind Speed Sensor 2 (stddev);Pitch Angle 1 (min);Pitch Angle 1 (max);Pitch Angle 1 (stddev);Ground Controller Temperature (avg);Ground Controller Temperature (min);Ground Controller Temperature (max);Ground Controller Temperature (std);Hub Controller Temperature (avg);Hub Controller Temperature (min);Hub Controller Temperature (max);Hub Controller Temperature (stddev);Top Controller Temperature (avg);Top Controller Temperature (min);Top Controller Temperature (max);Top Controller Temperature (stddev);VCP Choke Coil Temperature (avg);VCP Choke Coil Temperature (min);VCP Choke Coil Temperature (max);VCP Choke Coil Temperature (stddev);VCP Temperature (avg);VCP Temperature (min);VCP Temperature (max);VCP Temperature (stddev);VCP Wtr Temperatur (avg);VCP Wtr Temperatur (min);VCP Wtr Temperatur (max);VCP Wtr Temperatur (stddev);Gear Bearing Temperature A (avg);Gear Bearing Temperature A (min);Gear Bearing Temperature A (max);Gear Bearing Temperature A (stddev);Gear Bearing Temperature B (avg);Gear Bearing Temperature B (min);Gear Bearing Temperature B (max);Fermenter Niveau;Fermenter Druck;Fermenter ph-Wert;Fermenter Redoxpotential;Fermenter Temperatur 1;Fermenter Gasanalyse CO2;Fermenter Gasanalyse H2S;Fermenter Gasanalyse CH4;Fermenter Gasanalyse O2;Fermenter TS-Gehalt;Fermenter oTS-Gehalt;Fermenter1 Niveau;Fermenter1 Druck;Fermenter1 ph-Wert;Fermenter1 Redoxpotential;Fermenter1 Temperatur 1;Fermenter1 Gasanalyse CO2;Fermenter1 Gasanalyse H2S;Fermenter1 Gasanalyse CH4;Fermenter1 Gasanalyse O2;Fermenter1 TS-Gehalt;Fermenter1 oTS-Gehalt;Fermenter2 Niveau;Fermenter2 Druck;Fermenter2 ph-Wert;Fermenter2 Redoxpotential;Fermenter2 Temperatur 1;Fermenter2 Gasanalyse CO2;Fermenter2 Gasanalyse H2S;Fermenter2 Gasanalyse CH4;Fermenter2 Gasanalyse O2;Fermenter2 TS-Gehalt;Fermenter2 oTS-Gehalt;Fermenter3 Niveau;Fermenter3 Druck;Fermenter3 ph-Wert;Fermenter3 Redoxpotential;Fermenter3 Temperatur 1;Fermenter3 Gasanalyse CO2;Fermenter3 Gasanalyse H2S;Fermenter3 Gasanalyse CH4;Fermenter3 Gasanalyse O2;Fermenter3 TS-Gehalt;Fermenter3 oTS-Gehalt;Fermenter4 Niveau;Fermenter4 Druck;Fermenter4 ph-Wert;Fermenter4 Redoxpotential;Fermenter4 Temperatur 1;Fermenter4 Gasanalyse CO2;Fermenter4 Gasanalyse H2S;Fermenter4 Gasanalyse CH4;Fermenter4 Gasanalyse O2;Fermenter4 TS-Gehalt;Fermenter4 oTS-Gehalt;Fermenter5 Niveau;Fermenter5 Druck;Fermenter5 ph-Wert;Fermenter5 Redoxpotential;Fermenter5 Temperatur 1;Fermenter5 Gasanalyse CO2;Fermenter5 Gasanalyse H2S;Fermenter5 Gasanalyse CH4;Fermenter5 Gasanalyse O2;Fermenter5 TS-Gehalt;Fermenter5 oTS-Gehalt;Nachgaerer Niveau;Nachgaerer Kopfdruckmessung;Nachgaerer Temperatur 1;Nachgaerer TS-Gehalt;Nachgaerer oTS-Gehalt;Nachgaerer1 Niveau;Nachgaerer1 Kopfdruckmessung;Nachgaerer1 Temperatur 1;Nachgaerer1 TS-Gehalt;Nachgaerer1 oTS-Gehalt;Nachgaerer2 Niveau;Nachgaerer2 Kopfdruckmessung;Nachgaerer2 Temperatur 1;Nachgaerer2 TS-Gehalt;Nachgaerer2 oTS-Gehalt;Nachgaerer3 Niveau;Nachgaerer3 Kopfdruckmessung;Nachgaerer3 Temperatur 1;Nachgaerer3 TS-Gehalt;Nachgaerer3 oTS-Gehalt;Nachgaerer4 Niveau;Nachgaerer4 Kopfdruckmessung;Nachgaerer4 Temperatur 1;Nachgaerer4 TS-Gehalt;Nachgaerer4 oTS-Gehalt;Nachgaerer5 Niveau;Nachgaerer5 Kopfdruckmessung;Nachgaerer5 Temperatur 1;Nachgaerer5 TS-Gehalt;Nachgaerer5 oTS-Gehalt;Rohstofflager Fuellstand;Rohstofflager TS-Gehalt;Rohstofflager oTS-Gehalt;Gasspeicher Fuellstand 1;Gasspeicher Gasdruck;Gasspeicher Temperatur;Gasspeicher1 Fuellstand 1;Gasspeicher1 Gasdruck;Gasspeicher1 Temperatur;Gasspeicher2 Fuellstand 1;Gasspeicher2 Gasdruck;Gasspeicher2 Temperatur;Gasspeicher3 Fuellstand 1;Gasspeicher3 Gasdruck;Gasspeicher3 Temperatur;Gasspeicher4 Fuellstand 1;Gasspeicher4 Gasdruck;Gasspeicher4 Temperatur;Gasspeicher5 Fuellstand 1;Gasspeicher5 Gasdruck;Gasspeicher5 Temperatur;BHKW Leistung;BHKW Gasdurchfluss;BHKW Vorlauftemperatur Fermenter;BHKW Ruecklauftemperatur Fermenter;BHKW Gasanalyse CO2;BHKW Gasanalyse H2S;BHKW Gasanalyse O2;BHKW Gasanalyse CH4;BHKW Gasanalyse H2;BHKW1 Leistung;BHKW1 Gasdurchfluss;BHKW1 Vorlauftemperatur Fermenter;BHKW1 Ruecklauftemperatur Fermenter;BHKW1 Gasanalyse CO2;BHKW1 Gasanalyse H2S;BHKW1 Gasanalyse O2;BHKW1 Gasanalyse CH4;BHKW1 Gasanalyse H2;BHKW2 Leistung;BHKW2 Gasdurchfluss;BHKW2 Vorlauftemperatur Fermenter;BHKW2 Ruecklauftemperatur Fermenter;BHKW2 Gasanalyse CO2;BHKW2 Gasanalyse H2S;BHKW2 Gasanalyse O2;BHKW2 Gasanalyse CH4;BHKW2 Gasanalyse H2;BHKW3 Leistung;BHKW3 Gasdurchfluss;BHKW3 Vorlauftemperatur Fermenter;BHKW3 Ruecklauftemperatur Fermenter;BHKW3 Gasanalyse CO2;BHKW3 Gasanalyse H2S;BHKW3 Gasanalyse O2;BHKW3 Gasanalyse CH4;BHKW3 Gasanalyse H2;BHKW4 Leistung;BHKW4 Gasdurchfluss;BHKW4 Vorlauftemperatur Fermenter;BHKW4 Ruecklauftemperatur Fermenter;BHKW4 Gasanalyse CO2;BHKW4 Gasanalyse H2S;BHKW4 Gasanalyse O2;BHKW4 Gasanalyse CH4;BHKW4 Gasanalyse H2;BHKW5 Leistung;BHKW5 Gasdurchfluss;BHKW5 Vorlauftemperatur Fermenter;BHKW5 Ruecklauftemperatur Fermenter;BHKW5 Gasanalyse CO2;BHKW5 Gasanalyse H2S;BHKW5 Gasanalyse O2;BHKW5 Gasanalyse CH4;BHKW5 Gasanalyse H2;ZM-Pumpe Druckmessung;ZM-Pumpe Temperatur;ZM-Pumpe Durchflussmessung;Durchflussmenge;Leitapparat;Oberpegel;Pegel;BHKW Gesamtleistungsbezug Eigenbedarf;BHKW Gasverbrauch heute;BHKW Gasverbrauch gesamt;Fuellstand Vorgrube;Niederschlag max;Niederschlag min;T Mittelspannungstrafo Windung U ;T Mittelspannungstrafo Windung V;T Mittelspannungstrafo Windung W ;T Mittelspannungstrafo Umbegung;Ice Level;External setpoint power factor;Free For Reuse;Water Flow Rate;Upstream Water Level;Downstream Water Level;Weir Water Level;Setpoint power from grid operator;Setpoint power from direct marketer;Setpoint power from customer;Vmin;Vmax;Vout;Iout;%Wout;Freq;%Cap;Vbat;TupsC;%VAout;Setpoint active power controller;Wind Average of Running plants;Gear Bearing Temperature B (stddev);Gear Bearing Temperature C (avg);Gear Bearing Temperature C (min);Gear Bearing Temperature C (max);Gear Bearing Temperature C (stddev);Gear Bearing Hollow Shaft Generator Temperature (avg);Gear Bearing Hollow Shaft Generator Temperature (min);Gear Bearing Hollow Shaft Generator Temperature (max);Gear Bearing Hollow Shaft Generator Temperature (stddev);Gear Bearing Hollow Shaft Rotor Temperature (avg);Gear Bearing Hollow Shaft Rotor Temperature (min);Gear Bearing Hollow Shaft Rotor Temperature (max);Gear Bearing Hollow Shaft Rotor Temperature (stddev);Gear Bearing High Speed Generator Temperature (min);Gear Bearing High Speed Generator Temperature (max);Gear Bearing High Speed Generator Temperature (stddev);Gear Bearing High Speed Middle Temperature (avg);Gear Bearing High Speed Middle Temperature (min);Gear Bearing High Speed Middle Temperature (max);Gear Bearing High Speed Middle Temperature (stddev);Gear Bearing High Speed Rotor Temperature (avg);Gear Bearing High Speed Rotor Temperature (min);Gear Bearing High Speed Rotor Temperature (max);Gear Bearing High Speed Rotor Temperature (stddev);Gear Bearing Intermediate Shaft 1 Temperature (avg);Gear Bearing Intermediate Shaft 1 Temperature (min);Gear Bearing Intermediate Shaft 1 Temperature (max);Gear Bearing Intermediate Shaft 1 Temperature (stddev);Gear Bearing Intermediate Shaft 2 Temperature (avg);Gear Bearing Intermediate Shaft 2 Temperature (min);Gear Bearing Intermediate Shaft 2 Temperature (max);Gear Bearing Intermediate Shaft 2 Temperature (stddev);Gear Bearing Intermediate Shaft 3 Temperature (avg);Gear Bearing Intermediate Shaft 3 Temperature (min);Gear Bearing Intermediate Shaft 3 Temperature (max);Gear Bearing Intermediate Shaft 3 Temperature (stddev);Gear Cooling Water Temperature (avg);Gear Cooling Water Temperature (min);Gear Cooling Water Temperature (max);Gear Cooling Water Temperature (stddev);Gear Lubrication Oil Temperature (avg);Gear Lubrication Oil Temperature (min);Gear Lubrication Oil Temperature (max);Gear Lubrication Oil Temperature (stddev);Gear Main Bearing Temperature (avg);Gear Main Bearing Temperature (min);Gear Main Bearing Temperature (max);Gear Main Bearing Temperature (stddev);Gear Main Tank Oil Temperature (avg);Gear Main Tank Oil Temperature (min);Gear Main Tank Oil Temperature (max);Gear Main Tank Oil Temperature (stddev);Gear Oil Inlet Temperature (avg);Gear Oil Inlet Temperature (min);Gear Oil Inlet Temperature (max);Gear Oil Inlet Temperature (stddev);Generator RPM (min);Generator RPM (max);Generator RPM (stddev);Generator Slip Ring Top Temperature (min);Generator Slip Ring Top Temperature (max);Generator Slip Ring Top Temperature (stddev);Grid Busbar Temperature (avg);Grid Busbar Temperature (min);Grid Busbar Temperature (max);Grid Busbar Temperature (stddev);Grid Production CosPhi (min);Grid Production CosPhi (max);Grid Production CosPhi (stddev);Grid Possible Power (min);Grid Possible Power (max);Grid Possible Power (stddev);Grid Produced Power Internal Derate State;Grid Produced Power Internal Derate Time;Grid Produced Power Standard Deviation;Grid Rotor (Inverter) Phase 1 Current (avg);Grid Rotor (Inverter) Phase 1 Current (min);Grid Rotor (Inverter) Phase 1 Current (max);Grid Rotor (Inverter) Phase 1 Current (stddec);Grid Rotor (Inverter) Phase 1 Temperature (avg);Grid Rotor (Inverter) Phase 2 Current (avg);Grid Rotor (Inverter) Phase 2 Current (min);Grid Rotor (Inverter) Phase 2 Current (max);Grid Rotor (Inverter) Phase 2 Current (stddev);Grid Rotor (Inverter) Phase 2 Temperature (avg);Grid Rotor (Inverter) Phase 2 Temperature (min);Grid Rotor (Inverter) Phase 2 Temperature (max);Grid Rotor (Inverter) Phase 2 Temperature (stddev);Grid Rotor (Inverter) Phase 3 Current (avg);Grid Rotor (Inverter) Phase 3 Current (min);Grid Rotor (Inverter) Phase 3 Current (max);Grid Rotor (Inverter) Phase 3 Current (stddev);Grid Rotor (Inverter) Phase 3 Temperature (avg);Grid Rotor (Inverter) Phase 3 Temperature (min);Grid Rotor (Inverter) Phase 3 Temperature (max);Grid Rotor (Inverter) Phase 3 Temperature (stddev);Active Power Reference Value (min);Active Power Reference Value (max);Active Power Setting Source;Reactive Power Setting Source;VCRS Chopper Temperature (avg);High Voltage Trafo Air Outlet Temperature (avg);High Voltage Trafo Core Temperature 1 (avg);High Voltage Trafo Core Temperature 1 (min);High Voltage Trafo Core Temperature 1 (max);High Voltage Trafo Core Temperature 1 (stddev);High Voltage Trafo Core Temperature 2 (avg);High Voltage Trafo Core Temperature 2 (min);High Voltage Trafo Core Temperature 2 (max);High Voltage Trafo Core Temperature 2 (stddev);High Voltage Trafo Phase 1 Temperature (min);High Voltage Trafo Phase 1 Temperature (max);High Voltage Trafo Phase 1 Temperature (stddev);High Voltage Trafo Phase 2 Temperature (min);High Voltage Trafo Phase 2 Temperature (max);High Voltage Trafo Phase 2 Temperature (stddev);High Voltage Trafo Phase 3 Temperature (min);High Voltage Trafo Phase 3 Temperature (max);High Voltage Trafo Phase 3 Temperature (stddev);Nacelle Damper Temperature (avg);Nacelle Damper Temperature (min);Nacelle Damper Temperature (max);Nacelle Damper Temperature (stddev);Rotor RPM (stddev);First Active Alarm Parameter 1;First Active Alarm Parameter 2;Tower Acceleration X Axis;Tower Acceleration Y Axis;Yaw Motors Temperature (avg);Yaw Motors Temperature (min);Yaw Motors Temperature (max);Yaw Motors Temperature (stddev);High Voltage Trafo Phase 1 Core Temperature (avg);High Voltage Trafo Phase 1 Core Temperature (min);High Voltage Trafo Phase 1 Core Temperature (max);High Voltage Trafo Phase 1 Core Temperature (stddev);High Voltage Trafo Phase 2 Core Temperature (avg);High Voltage Trafo Phase 2 Core Temperature (min);High Voltage Trafo Phase 2 Core Temperature (max);High Voltage Trafo Phase 2 Core Temperature (stddev);High Voltage Trafo Phase 3 Core Temperature (avg);High Voltage Trafo Phase 3 Core Temperature (min);High Voltage Trafo Phase 3 Core Temperature (max);High Voltage Trafo Phase 3 Core Temperature (stddev);PowerBoost gain (absolute) [kWh];Nacelle Orientation (max) [degrees];Nacelle Orientation (min) [degrees];Regulator power reference [kW];DMI power demand [kW];Utility power demand [kW];Visibility Range (avg);Visibility Range (min);Visibility Range (max);T Outside Ground Level (avg);Calculated By ROTORsoft;Fehlernummer;Windgeschwindigkeit;Windgeschwindigkeit Max;Windgeschwindigkeit Min;Rotor RPM (avg);Rotor RPM (max);Rotor RPM (min);Leistung;Leistung Max;Leistung Min;Gondelposition;Windrichtung;Generator RPM (avg);Stop Fault;Schwingung;Produktion Zaehler;T Outside Nacelle Level (avg);T Gen1;T Gen2;T Getriebe;T Lager A;T Lager B;T Inside Nacelle (avg)
1507762800000;2017-10-12T00:00:00.000+0100;;;;;;;;;0.40;-752.80;362.40;363.40;362.90;792.00;779.00;787.00;;;;;;;;;;;;;;;;;;;;;;;;;;;;;;;;;;;;;;;;;;;;;;;;;;;;;;;;;;;;50.00;;;;;;;;;;;;;;;;;;;;;;;;;;;;;;;;;;;;;;35.00;46.00;36.00;16.00;;;;42.00;45.00;42.00;;;;;;;;;;;;;;;;;;;;;;;;;;;;;;;;;;;;66.00;62.00;67.00;;;;;;;;;;;;;;;;;;;;;;;1248.600;;;;;;;;;;;;;;;;;;;;;;;;;;;;;;;;;;;;;;;;;;;;;;;;;;;;;;;;;;;;;;;;;;;;;;;;;;;;;;;;;;;;;;;;;;;;;;;;;;;;;;;;;;;;;;;;;;;;;;;;;;;;;;;;;;;;;;;;;;;;;;;;;;;;;;;;;;;;;;;;;;;;;;;;;;;;;;;;;;;;;;;;;;;;;;;;;;;;;;;;;;;;;;;;;;;;;;;;;;;;;;;;;;;;;;;;;;;;;;;;;;;;;;;;;;;;;;;;;;;;;;;;;;;;;;;;;;;;;;;;;;;;;;;;;;;;;;;;;;;;;;;;;;;;;;;;;;;;;;;;;;;;;;;;;;;;;;;;;;;;;;;;;;;;;;;;;;;;;;;;;;;;;;;;;;;;;;;;;;;;;;;;;;;;;;;;;;;;;;;;;;;;;;;;;;;;;;;;;;;;;;;;;;;;;;;;;;;;;;;;;;;;;;;;;;;;;;;;;;0;5.50;8.80;2.80;10.60;14.00;7.60;375;656;122;217;214;1108.60;;;17761458;14.00;;;;;;26.00
1507763400000;2017-10-12T00:10:00.000+0100;;;;;;;;;0.40;-750.60;360.60;361.60;361.00;796.00;782.00;791.00;;;;;;;;;;;;;;;;;;;;;;;;;;;;;;;;;;;;;;;;;;;;;;;;;;;;;;;;;;;;50.00;;;;;;;;;;;;;;;;;;;;;;;;;;;;;;;;;;;;;;35.00;46.00;36.00;16.00;;;;42.00;45.00;42.00;;;;;;;;;;;;;;;;;;;;;;;;;;;;;;;;;;;;66.00;62.00;67.00;;;;;;;;;;;;;;;;;;;;;;;1278.000;;;;;;;;;;;;;;;;;;;;;;;;;;;;;;;;;;;;;;;;;;;;;;;;;;;;;;;;;;;;;;;;;;;;;;;;;;;;;;;;;;;;;;;;;;;;;;;;;;;;;;;;;;;;;;;;;;;;;;;;;;;;;;;;;;;;;;;;;;;;;;;;;;;;;;;;;;;;;;;;;;;;;;;;;;;;;;;;;;;;;;;;;;;;;;;;;;;;;;;;;;;;;;;;;;;;;;;;;;;;;;;;;;;;;;;;;;;;;;;;;;;;;;;;;;;;;;;;;;;;;;;;;;;;;;;;;;;;;;;;;;;;;;;;;;;;;;;;;;;;;;;;;;;;;;;;;;;;;;;;;;;;;;;;;;;;;;;;;;;;;;;;;;;;;;;;;;;;;;;;;;;;;;;;;;;;;;;;;;;;;;;;;;;;;;;;;;;;;;;;;;;;;;;;;;;;;;;;;;;;;;;;;;;;;;;;;;;;;;;;;;;;;;;;;;;;;;;;;;0;5.50;8.50;3.20;10.60;13.70;7.40;378;639;119;217;215;1105.80;;;17761520;14.00;;;;;;27.00
1507764000000;2017-10-12T00:20:00.000+0100;;;;;;;;;0.50;-750.10;363.50;364.30;363.80;798.00;785.00;792.00;;;;;;;;;;;;;;;;;;;;;;;;;;;;;;;;;;;;;;;;;;;;;;;;;;;;;;;;;;;;50.00;;;;;;;;;;;;;;;;;;;;;;;;;;;;;;;;;;;;;;35.00;46.00;36.00;16.00;;;;42.00;45.00;42.00;;;;;;;;;;;;;;;;;;;;;;;;;;;;;;;;;;;;67.00;63.00;68.00;;;;;;;;;;;;;;;;;;;;;;;1314.900;;;;;;;;;;;;;;;;;;;;;;;;;;;;;;;;;;;;;;;;;;;;;;;;;;;;;;;;;;;;;;;;;;;;;;;;;;;;;;;;;;;;;;;;;;;;;;;;;;;;;;;;;;;;;;;;;;;;;;;;;;;;;;;;;;;;;;;;;;;;;;;;;;;;;;;;;;;;;;;;;;;;;;;;;;;;;;;;;;;;;;;;;;;;;;;;;;;;;;;;;;;;;;;;;;;;;;;;;;;;;;;;;;;;;;;;;;;;;;;;;;;;;;;;;;;;;;;;;;;;;;;;;;;;;;;;;;;;;;;;;;;;;;;;;;;;;;;;;;;;;;;;;;;;;;;;;;;;;;;;;;;;;;;;;;;;;;;;;;;;;;;;;;;;;;;;;;;;;;;;;;;;;;;;;;;;;;;;;;;;;;;;;;;;;;;;;;;;;;;;;;;;;;;;;;;;;;;;;;;;;;;;;;;;;;;;;;;;;;;;;;;;;;;;;;;;;;;;;;0;5.60;8.40;3.50;10.80;13.30;8.70;403;641;133;217;216;1119.50;;;17761586;14.00;;;;;;26.00
1507764600000;2017-10-12T00:30:00.000+0100;;;;;;;;;0.50;-711.30;366.60;367.60;367.00;780.00;768.00;774.00;;;;;;;;;;;;;;;;;;;;;;;;;;;;;;;;;;;;;;;;;;;;;;;;;;;;;;;;;;;;50.00;;;;;;;;;;;;;;;;;;;;;;;;;;;;;;;;;;;;;;35.00;47.00;36.00;16.00;;;;42.00;45.00;42.00;;;;;;;;;;;;;;;;;;;;;;;;;;;;;;;;;;;;68.00;64.00;68.00;;;;;;;;;;;;;;;;;;;;;;;1416.800;;;;;;;;;;;;;;;;;;;;;;;;;;;;;;;;;;;;;;;;;;;;;;;;;;;;;;;;;;;;;;;;;;;;;;;;;;;;;;;;;;;;;;;;;;;;;;;;;;;;;;;;;;;;;;;;;;;;;;;;;;;;;;;;;;;;;;;;;;;;;;;;;;;;;;;;;;;;;;;;;;;;;;;;;;;;;;;;;;;;;;;;;;;;;;;;;;;;;;;;;;;;;;;;;;;;;;;;;;;;;;;;;;;;;;;;;;;;;;;;;;;;;;;;;;;;;;;;;;;;;;;;;;;;;;;;;;;;;;;;;;;;;;;;;;;;;;;;;;;;;;;;;;;;;;;;;;;;;;;;;;;;;;;;;;;;;;;;;;;;;;;;;;;;;;;;;;;;;;;;;;;;;;;;;;;;;;;;;;;;;;;;;;;;;;;;;;;;;;;;;;;;;;;;;;;;;;;;;;;;;;;;;;;;;;;;;;;;;;;;;;;;;;;;;;;;;;;;;;0;5.80;9.00;3.60;11.00;13.90;8.00;443;660;201;217;218;1145.80;;;17761662;14.00;;;;;;26.00
1507765200000;2017-10-12T00:40:00.000+0100;;;;;;;;;0.70;-603.90;365.80;366.80;366.20;744.00;734.00;738.00;;;;;;;;;;;;;;;;;;;;;;;;;;;;;;;;;;;;;;;;;;;;;;;;;;;;;;;;;;;;50.00;;;;;;;;;;;;;;;;;;;;;;;;;;;;;;;;;;;;;;35.00;47.00;36.00;16.00;;;;42.00;45.00;42.00;;;;;;;;;;;;;;;;;;;;;;;;;;;;;;;;;;;;69.00;64.00;69.00;;;;;;;;;;;;;;;;;;;;;;;1527.400;;;;;;;;;;;;;;;;;;;;;;;;;;;;;;;;;;;;;;;;;;;;;;;;;;;;;;;;;;;;;;;;;;;;;;;;;;;;;;;;;;;;;;;;;;;;;;;;;;;;;;;;;;;;;;;;;;;;;;;;;;;;;;;;;;;;;;;;;;;;;;;;;;;;;;;;;;;;;;;;;;;;;;;;;;;;;;;;;;;;;;;;;;;;;;;;;;;;;;;;;;;;;;;;;;;;;;;;;;;;;;;;;;;;;;;;;;;;;;;;;;;;;;;;;;;;;;;;;;;;;;;;;;;;;;;;;;;;;;;;;;;;;;;;;;;;;;;;;;;;;;;;;;;;;;;;;;;;;;;;;;;;;;;;;;;;;;;;;;;;;;;;;;;;;;;;;;;;;;;;;;;;;;;;;;;;;;;;;;;;;;;;;;;;;;;;;;;;;;;;;;;;;;;;;;;;;;;;;;;;;;;;;;;;;;;;;;;;;;;;;;;;;;;;;;;;;;;;;;0;6.30;9.80;4.10;11.80;14.90;9.10;527;661;257;221;220;1230.40;;;17761748;14.00;;;;;;25.00
1507765800000;2017-10-12T00:50:00.000+0100;;;;;;;;;0.60;-643.30;360.90;362.10;361.40;760.00;748.00;754.00;;;;;;;;;;;;;;;;;;;;;;;;;;;;;;;;;;;;;;;;;;;;;;;;;;;;;;;;;;;;50.00;;;;;;;;;;;;;;;;;;;;;;;;;;;;;;;;;;;;;;35.00;47.00;36.00;16.00;;;;42.00;45.00;42.00;;;;;;;;;;;;;;;;;;;;;;;;;;;;;;;;;;;;70.00;65.00;70.00;;;;;;;;;;;;;;;;;;;;;;;1580.700;;;;;;;;;;;;;;;;;;;;;;;;;;;;;;;;;;;;;;;;;;;;;;;;;;;;;;;;;;;;;;;;;;;;;;;;;;;;;;;;;;;;;;;;;;;;;;;;;;;;;;;;;;;;;;;;;;;;;;;;;;;;;;;;;;;;;;;;;;;;;;;;;;;;;;;;;;;;;;;;;;;;;;;;;;;;;;;;;;;;;;;;;;;;;;;;;;;;;;;;;;;;;;;;;;;;;;;;;;;;;;;;;;;;;;;;;;;;;;;;;;;;;;;;;;;;;;;;;;;;;;;;;;;;;;;;;;;;;;;;;;;;;;;;;;;;;;;;;;;;;;;;;;;;;;;;;;;;;;;;;;;;;;;;;;;;;;;;;;;;;;;;;;;;;;;;;;;;;;;;;;;;;;;;;;;;;;;;;;;;;;;;;;;;;;;;;;;;;;;;;;;;;;;;;;;;;;;;;;;;;;;;;;;;;;;;;;;;;;;;;;;;;;;;;;;;;;;;;;0;6.00;8.80;3.80;11.40;13.60;9.20;490;652;261;222;219;1189.60;;;17761830;14.00;;;;;;24.00
1507766400000;2017-10-12T01:00:00.000+0100;;;;;;;;;0.60;-614.50;367.60;368.70;368.00;748.00;737.00;742.00;;;;;;;;;;;;;;;;;;;;;;;;;;;;;;;;;;;;;;;;;;;;;;;;;;;;;;;;;;;;50.00;;;;;;;;;;;;;;;;;;;;;;;;;;;;;;;;;;;;;;36.00;47.00;36.00;16.00;;;;42.00;45.00;42.00;;;;;;;;;;;;;;;;;;;;;;;;;;;;;;;;;;;;70.00;66.00;71.00;;;;;;;;;;;;;;;;;;;;;;;1504.000;;;;;;;;;;;;;;;;;;;;;;;;;;;;;;;;;;;;;;;;;;;;;;;;;;;;;;;;;;;;;;;;;;;;;;;;;;;;;;;;;;;;;;;;;;;;;;;;;;;;;;;;;;;;;;;;;;;;;;;;;;;;;;;;;;;;;;;;;;;;;;;;;;;;;;;;;;;;;;;;;;;;;;;;;;;;;;;;;;;;;;;;;;;;;;;;;;;;;;;;;;;;;;;;;;;;;;;;;;;;;;;;;;;;;;;;;;;;;;;;;;;;;;;;;;;;;;;;;;;;;;;;;;;;;;;;;;;;;;;;;;;;;;;;;;;;;;;;;;;;;;;;;;;;;;;;;;;;;;;;;;;;;;;;;;;;;;;;;;;;;;;;;;;;;;;;;;;;;;;;;;;;;;;;;;;;;;;;;;;;;;;;;;;;;;;;;;;;;;;;;;;;;;;;;;;;;;;;;;;;;;;;;;;;;;;;;;;;;;;;;;;;;;;;;;;;;;;;;;0;6.50;10.60;3.70;12.20;15.10;9.40;520;655;200;213;213;1269.80;;;17761918;14.00;;;;;;24.00
1507767000000;2017-10-12T01:10:00.000+0100;;;;;;;;;0.80;-495.30;368.00;369.00;368.40;721.00;712.00;715.00;;;;;;;;;;;;;;;;;;;;;;;;;;;;;;;;;;;;;;;;;;;;;;;;;;;;;;;;;;;;50.00;;;;;;;;;;;;;;;;;;;;;;;;;;;;;;;;;;;;;;36.00;48.00;36.00;16.00;;;;42.00;45.00;42.00;;;;;;;;;;;;;;;;;;;;;;;;;;;;;;;;;;;;73.00;68.00;74.00;;;;;;;;;;;;;;;;;;;;;;;1060.700;;;;;;;;;;;;;;;;;;;;;;;;;;;;;;;;;;;;;;;;;;;;;;;;;;;;;;;;;;;;;;;;;;;;;;;;;;;;;;;;;;;;;;;;;;;;;;;;;;;;;;;;;;;;;;;;;;;;;;;;;;;;;;;;;;;;;;;;;;;;;;;;;;;;;;;;;;;;;;;;;;;;;;;;;;;;;;;;;;;;;;;;;;;;;;;;;;;;;;;;;;;;;;;;;;;;;;;;;;;;;;;;;;;;;;;;;;;;;;;;;;;;;;;;;;;;;;;;;;;;;;;;;;;;;;;;;;;;;;;;;;;;;;;;;;;;;;;;;;;;;;;;;;;;;;;;;;;;;;;;;;;;;;;;;;;;;;;;;;;;;;;;;;;;;;;;;;;;;;;;;;;;;;;;;;;;;;;;;;;;;;;;;;;;;;;;;;;;;;;;;;;;;;;;;;;;;;;;;;;;;;;;;;;;;;;;;;;;;;;;;;;;;;;;;;;;;;;;;;0;7.80;10.10;4.10;14.20;15.20;11.60;617;655;476;216;214;1475.20;;;17762020;14.00;;;;;;24.00
1507767600000;2017-10-12T01:20:00.000+0100;;;;;;;;;0.80;-486.10;363.80;364.90;364.20;727.00;717.00;721.00;;;;;;;;;;;;;;;;;;;;;;;;;;;;;;;;;;;;;;;;;;;;;;;;;;;;;;;;;;;;50.00;;;;;;;;;;;;;;;;;;;;;;;;;;;;;;;;;;;;;;36.00;49.00;36.00;16.00;;;;42.00;45.00;42.00;;;;;;;;;;;;;;;;;;;;;;;;;;;;;;;;;;;;76.00;70.00;76.00;;;;;;;;;;;;;;;;;;;;;;;1234.600;;;;;;;;;;;;;;;;;;;;;;;;;;;;;;;;;;;;;;;;;;;;;;;;;;;;;;;;;;;;;;;;;;;;;;;;;;;;;;;;;;;;;;;;;;;;;;;;;;;;;;;;;;;;;;;;;;;;;;;;;;;;;;;;;;;;;;;;;;;;;;;;;;;;;;;;;;;;;;;;;;;;;;;;;;;;;;;;;;;;;;;;;;;;;;;;;;;;;;;;;;;;;;;;;;;;;;;;;;;;;;;;;;;;;;;;;;;;;;;;;;;;;;;;;;;;;;;;;;;;;;;;;;;;;;;;;;;;;;;;;;;;;;;;;;;;;;;;;;;;;;;;;;;;;;;;;;;;;;;;;;;;;;;;;;;;;;;;;;;;;;;;;;;;;;;;;;;;;;;;;;;;;;;;;;;;;;;;;;;;;;;;;;;;;;;;;;;;;;;;;;;;;;;;;;;;;;;;;;;;;;;;;;;;;;;;;;;;;;;;;;;;;;;;;;;;;;;;;;0;8.80;10.80;6.00;14.80;15.20;12.90;621;643;589;213;213;1544.20;;;17762124;14.00;;;;;;24.00
1507768200000;2017-10-12T01:30:00.000+0100;;;;;;;;;0.80;-494.60;370.40;371.50;370.90;719.00;710.00;712.00;;;;;;;;;;;;;;;;;;;;;;;;;;;;;;;;;;;;;;;;;;;;;;;;;;;;;;;;;;;;50.00;;;;;;;;;;;;;;;;;;;;;;;;;;;;;;;;;;;;;;36.00;49.00;36.00;16.00;;;;42.00;44.00;42.00;;;;;;;;;;;;;;;;;;;;;;;;;;;;;;;;;;;;77.00;72.00;78.00;;;;;;;;;;;;;;;;;;;;;;;1077.400;;;;;;;;;;;;;;;;;;;;;;;;;;;;;;;;;;;;;;;;;;;;;;;;;;;;;;;;;;;;;;;;;;;;;;;;;;;;;;;;;;;;;;;;;;;;;;;;;;;;;;;;;;;;;;;;;;;;;;;;;;;;;;;;;;;;;;;;;;;;;;;;;;;;;;;;;;;;;;;;;;;;;;;;;;;;;;;;;;;;;;;;;;;;;;;;;;;;;;;;;;;;;;;;;;;;;;;;;;;;;;;;;;;;;;;;;;;;;;;;;;;;;;;;;;;;;;;;;;;;;;;;;;;;;;;;;;;;;;;;;;;;;;;;;;;;;;;;;;;;;;;;;;;;;;;;;;;;;;;;;;;;;;;;;;;;;;;;;;;;;;;;;;;;;;;;;;;;;;;;;;;;;;;;;;;;;;;;;;;;;;;;;;;;;;;;;;;;;;;;;;;;;;;;;;;;;;;;;;;;;;;;;;;;;;;;;;;;;;;;;;;;;;;;;;;;;;;;;;0;8.10;9.70;5.60;14.60;15.30;12.60;620;641;590;209;211;1520.20;;;17762226;14.00;;;;;;24.00
1507768800000;2017-10-12T01:40:00.000+0100;;;;;;;;;0.80;-494.80;370.20;371.20;370.70;719.00;710.00;713.00;;;;;;;;;;;;;;;;;;;;;;;;;;;;;;;;;;;;;;;;;;;;;;;;;;;;;;;;;;;;50.00;;;;;;;;;;;;;;;;;;;;;;;;;;;;;;;;;;;;;;36.00;50.00;36.00;16.00;;;;42.00;44.00;42.00;;;;;;;;;;;;;;;;;;;;;;;;;;;;;;;;;;;;78.00;72.00;78.00;;;;;;;;;;;;;;;;;;;;;;;1036.000;;;;;;;;;;;;;;;;;;;;;;;;;;;;;;;;;;;;;;;;;;;;;;;;;;;;;;;;;;;;;;;;;;;;;;;;;;;;;;;;;;;;;;;;;;;;;;;;;;;;;;;;;;;;;;;;;;;;;;;;;;;;;;;;;;;;;;;;;;;;;;;;;;;;;;;;;;;;;;;;;;;;;;;;;;;;;;;;;;;;;;;;;;;;;;;;;;;;;;;;;;;;;;;;;;;;;;;;;;;;;;;;;;;;;;;;;;;;;;;;;;;;;;;;;;;;;;;;;;;;;;;;;;;;;;;;;;;;;;;;;;;;;;;;;;;;;;;;;;;;;;;;;;;;;;;;;;;;;;;;;;;;;;;;;;;;;;;;;;;;;;;;;;;;;;;;;;;;;;;;;;;;;;;;;;;;;;;;;;;;;;;;;;;;;;;;;;;;;;;;;;;;;;;;;;;;;;;;;;;;;;;;;;;;;;;;;;;;;;;;;;;;;;;;;;;;;;;;;;0;8.00;10.10;5.30;14.50;15.20;12.20;620;642;581;209;211;1505.90;;;17762330;14.00;;;;;;24.00
1507769400000;2017-10-12T01:50:00.000+0100;;;;;;;;;0.80;-492.70;369.20;370.30;369.70;720.00;711.00;714.00;;;;;;;;;;;;;;;;;;;;;;;;;;;;;;;;;;;;;;;;;;;;;;;;;;;;;;;;;;;;50.00;;;;;;;;;;;;;;;;;;;;;;;;;;;;;;;;;;;;;;36.00;50.00;36.00;16.00;;;;42.00;44.00;42.00;;;;;;;;;;;;;;;;;;;;;;;;;;;;;;;;;;;;78.00;73.00;79.00;;;;;;;;;;;;;;;;;;;;;;;1014.700;;;;;;;;;;;;;;;;;;;;;;;;;;;;;;;;;;;;;;;;;;;;;;;;;;;;;;;;;;;;;;;;;;;;;;;;;;;;;;;;;;;;;;;;;;;;;;;;;;;;;;;;;;;;;;;;;;;;;;;;;;;;;;;;;;;;;;;;;;;;;;;;;;;;;;;;;;;;;;;;;;;;;;;;;;;;;;;;;;;;;;;;;;;;;;;;;;;;;;;;;;;;;;;;;;;;;;;;;;;;;;;;;;;;;;;;;;;;;;;;;;;;;;;;;;;;;;;;;;;;;;;;;;;;;;;;;;;;;;;;;;;;;;;;;;;;;;;;;;;;;;;;;;;;;;;;;;;;;;;;;;;;;;;;;;;;;;;;;;;;;;;;;;;;;;;;;;;;;;;;;;;;;;;;;;;;;;;;;;;;;;;;;;;;;;;;;;;;;;;;;;;;;;;;;;;;;;;;;;;;;;;;;;;;;;;;;;;;;;;;;;;;;;;;;;;;;;;;;;0;8.10;9.70;6.40;14.70;15.20;13.60;621;642;587;209;210;1530.70;;;17762434;14.00;;;;;;24.00
1507770000000;2017-10-12T02:00:00.000+0100;;;;;;;;;0.70;-115.60;379.20;380.10;379.60;775.00;768.00;771.00;;;;;;;;;;;;;;;;;;;;;;;;;;;;;;;;;;;;;;;;;;;;;;;;;;;;;;;;;;;;50.00;;;;;;;;;;;;;;;;;;;;;;;;;;;;;;;;;;;;;;36.00;50.00;36.00;16.00;;;;41.00;44.00;42.00;;;;;;;;;;;;;;;;;;;;;;;;;;;;;;;;;;;;79.00;73.00;79.00;;;;;;;;;;;;;;;;;;;;;;;949.400;;;;;;;;;;;;;;;;;;;;;;;;;;;;;;;;;;;;;;;;;;;;;;;;;;;;;;;;;;;;;;;;;;;;;;;;;;;;;;;;;;;;;;;;;;;;;;;;;;;;;;;;;;;;;;;;;;;;;;;;;;;;;;;;;;;;;;;;;;;;;;;;;;;;;;;;;;;;;;;;;;;;;;;;;;;;;;;;;;;;;;;;;;;;;;;;;;;;;;;;;;;;;;;;;;;;;;;;;;;;;;;;;;;;;;;;;;;;;;;;;;;;;;;;;;;;;;;;;;;;;;;;;;;;;;;;;;;;;;;;;;;;;;;;;;;;;;;;;;;;;;;;;;;;;;;;;;;;;;;;;;;;;;;;;;;;;;;;;;;;;;;;;;;;;;;;;;;;;;;;;;;;;;;;;;;;;;;;;;;;;;;;;;;;;;;;;;;;;;;;;;;;;;;;;;;;;;;;;;;;;;;;;;;;;;;;;;;;;;;;;;;;;;;;;;;;;;;;;;0;7.80;9.50;6.30;14.60;15.30;13.60;620;647;565;209;208;1516.50;;;17762538;14.00;;;;;;25.00
1507770600000;2017-10-12T02:10:00.000+0100;;;;;;;;;0.50;1011.30;405.20;405.60;405.50;976.00;974.00;977.00;;;;;;;;;;;;;;;;;;;;;;;;;;;;;;;;;;;;;;;;;;;;;;;;;;;;;;;;;;;;50.00;;;;;;;;;;;;;;;;;;;;;;;;;;;;;;;;;;;;;;36.00;50.00;36.00;16.00;;;;42.00;45.00;42.00;;;;;;;;;;;;;;;;;;;;;;;;;;;;;;;;;;;;80.00;74.00;80.00;;;;;;;;;;;;;;;;;;;;;;;1089.200;;;;;;;;;;;;;;;;;;;;;;;;;;;;;;;;;;;;;;;;;;;;;;;;;;;;;;;;;;;;;;;;;;;;;;;;;;;;;;;;;;;;;;;;;;;;;;;;;;;;;;;;;;;;;;;;;;;;;;;;;;;;;;;;;;;;;;;;;;;;;;;;;;;;;;;;;;;;;;;;;;;;;;;;;;;;;;;;;;;;;;;;;;;;;;;;;;;;;;;;;;;;;;;;;;;;;;;;;;;;;;;;;;;;;;;;;;;;;;;;;;;;;;;;;;;;;;;;;;;;;;;;;;;;;;;;;;;;;;;;;;;;;;;;;;;;;;;;;;;;;;;;;;;;;;;;;;;;;;;;;;;;;;;;;;;;;;;;;;;;;;;;;;;;;;;;;;;;;;;;;;;;;;;;;;;;;;;;;;;;;;;;;;;;;;;;;;;;;;;;;;;;;;;;;;;;;;;;;;;;;;;;;;;;;;;;;;;;;;;;;;;;;;;;;;;;;;;;;;0;8.10;10.00;5.70;14.50;15.20;12.40;620;661;552;209;209;1514.20;;;17762640;14.00;;;;;;25.00
1507771200000;2017-10-12T02:20:00.000+0100;;;;;;;;;0.50;1010.30;405.00;405.30;405.20;976.00;973.00;976.00;;;;;;;;;;;;;;;;;;;;;;;;;;;;;;;;;;;;;;;;;;;;;;;;;;;;;;;;;;;;50.00;;;;;;;;;;;;;;;;;;;;;;;;;;;;;;;;;;;;;;37.00;51.00;36.00;16.00;;;;43.00;46.00;44.00;;;;;;;;;;;;;;;;;;;;;;;;;;;;;;;;;;;;81.00;75.00;81.00;;;;;;;;;;;;;;;;;;;;;;;1175.700;;;;;;;;;;;;;;;;;;;;;;;;;;;;;;;;;;;;;;;;;;;;;;;;;;;;;;;;;;;;;;;;;;;;;;;;;;;;;;;;;;;;;;;;;;;;;;;;;;;;;;;;;;;;;;;;;;;;;;;;;;;;;;;;;;;;;;;;;;;;;;;;;;;;;;;;;;;;;;;;;;;;;;;;;;;;;;;;;;;;;;;;;;;;;;;;;;;;;;;;;;;;;;;;;;;;;;;;;;;;;;;;;;;;;;;;;;;;;;;;;;;;;;;;;;;;;;;;;;;;;;;;;;;;;;;;;;;;;;;;;;;;;;;;;;;;;;;;;;;;;;;;;;;;;;;;;;;;;;;;;;;;;;;;;;;;;;;;;;;;;;;;;;;;;;;;;;;;;;;;;;;;;;;;;;;;;;;;;;;;;;;;;;;;;;;;;;;;;;;;;;;;;;;;;;;;;;;;;;;;;;;;;;;;;;;;;;;;;;;;;;;;;;;;;;;;;;;;;;0;8.40;10.00;6.50;14.80;15.20;14.30;618;638;516;207;206;1543.60;;;17762744;14.00;;;;;;25.00
1507771800000;2017-10-12T02:30:00.000+0100;;;;;;;;;0.50;1009.30;405.20;405.60;405.40;976.00;973.00;977.00;;;;;;;;;;;;;;;;;;;;;;;;;;;;;;;;;;;;;;;;;;;;;;;;;;;;;;;;;;;;50.00;;;;;;;;;;;;;;;;;;;;;;;;;;;;;;;;;;;;;;36.00;51.00;36.00;16.00;;;;44.00;47.00;45.00;;;;;;;;;;;;;;;;;;;;;;;;;;;;;;;;;;;;81.00;75.00;82.00;;;;;;;;;;;;;;;;;;;;;;;1288.000;;;;;;;;;;;;;;;;;;;;;;;;;;;;;;;;;;;;;;;;;;;;;;;;;;;;;;;;;;;;;;;;;;;;;;;;;;;;;;;;;;;;;;;;;;;;;;;;;;;;;;;;;;;;;;;;;;;;;;;;;;;;;;;;;;;;;;;;;;;;;;;;;;;;;;;;;;;;;;;;;;;;;;;;;;;;;;;;;;;;;;;;;;;;;;;;;;;;;;;;;;;;;;;;;;;;;;;;;;;;;;;;;;;;;;;;;;;;;;;;;;;;;;;;;;;;;;;;;;;;;;;;;;;;;;;;;;;;;;;;;;;;;;;;;;;;;;;;;;;;;;;;;;;;;;;;;;;;;;;;;;;;;;;;;;;;;;;;;;;;;;;;;;;;;;;;;;;;;;;;;;;;;;;;;;;;;;;;;;;;;;;;;;;;;;;;;;;;;;;;;;;;;;;;;;;;;;;;;;;;;;;;;;;;;;;;;;;;;;;;;;;;;;;;;;;;;;;;;;0;8.90;11.10;6.10;14.90;15.50;14.10;622;646;594;209;210;1546.80;;;17762848;14.00;;;;;;25.00
1507772400000;2017-10-12T02:40:00.000+0100;;;;;;;;;0.50;1013.60;404.20;404.50;404.40;973.00;970.00;974.00;;;;;;;;;;;;;;;;;;;;;;;;;;;;;;;;;;;;;;;;;;;;;;;;;;;;;;;;;;;;50.00;;;;;;;;;;;;;;;;;;;;;;;;;;;;;;;;;;;;;;36.00;51.00;36.00;17.00;;;;45.00;48.00;46.00;;;;;;;;;;;;;;;;;;;;;;;;;;;;;;;;;;;;81.00;75.00;82.00;;;;;;;;;;;;;;;;;;;;;;;1146.900;;;;;;;;;;;;;;;;;;;;;;;;;;;;;;;;;;;;;;;;;;;;;;;;;;;;;;;;;;;;;;;;;;;;;;;;;;;;;;;;;;;;;;;;;;;;;;;;;;;;;;;;;;;;;;;;;;;;;;;;;;;;;;;;;;;;;;;;;;;;;;;;;;;;;;;;;;;;;;;;;;;;;;;;;;;;;;;;;;;;;;;;;;;;;;;;;;;;;;;;;;;;;;;;;;;;;;;;;;;;;;;;;;;;;;;;;;;;;;;;;;;;;;;;;;;;;;;;;;;;;;;;;;;;;;;;;;;;;;;;;;;;;;;;;;;;;;;;;;;;;;;;;;;;;;;;;;;;;;;;;;;;;;;;;;;;;;;;;;;;;;;;;;;;;;;;;;;;;;;;;;;;;;;;;;;;;;;;;;;;;;;;;;;;;;;;;;;;;;;;;;;;;;;;;;;;;;;;;;;;;;;;;;;;;;;;;;;;;;;;;;;;;;;;;;;;;;;;;;0;8.20;10.90;5.40;14.40;15.40;11.90;599;646;365;211;212;1504.10;;;17762946;14.00;;;;;;25.00
1507773000000;2017-10-12T02:50:00.000+0100;;;;;;;;;0.50;1004.90;403.60;403.80;403.80;977.00;974.00;977.00;;;;;;;;;;;;;;;;;;;;;;;;;;;;;;;;;;;;;;;;;;;;;;;;;;;;;;;;;;;;50.00;;;;;;;;;;;;;;;;;;;;;;;;;;;;;;;;;;;;;;36.00;51.00;36.00;17.00;;;;46.00;49.00;46.00;;;;;;;;;;;;;;;;;;;;;;;;;;;;;;;;;;;;81.00;75.00;82.00;;;;;;;;;;;;;;;;;;;;;;;1232.200;;;;;;;;;;;;;;;;;;;;;;;;;;;;;;;;;;;;;;;;;;;;;;;;;;;;;;;;;;;;;;;;;;;;;;;;;;;;;;;;;;;;;;;;;;;;;;;;;;;;;;;;;;;;;;;;;;;;;;;;;;;;;;;;;;;;;;;;;;;;;;;;;;;;;;;;;;;;;;;;;;;;;;;;;;;;;;;;;;;;;;;;;;;;;;;;;;;;;;;;;;;;;;;;;;;;;;;;;;;;;;;;;;;;;;;;;;;;;;;;;;;;;;;;;;;;;;;;;;;;;;;;;;;;;;;;;;;;;;;;;;;;;;;;;;;;;;;;;;;;;;;;;;;;;;;;;;;;;;;;;;;;;;;;;;;;;;;;;;;;;;;;;;;;;;;;;;;;;;;;;;;;;;;;;;;;;;;;;;;;;;;;;;;;;;;;;;;;;;;;;;;;;;;;;;;;;;;;;;;;;;;;;;;;;;;;;;;;;;;;;;;;;;;;;;;;;;;;;;0;8.80;11.50;4.60;14.70;15.30;12.50;621;648;587;214;213;1530.00;;;17763050;14.00;;;;;;25.00
1507773600000;2017-10-12T03:00:00.000+0100;;;;;;;;;0.50;1009.10;402.50;402.70;402.60;975.00;972.00;976.00;;;;;;;;;;;;;;;;;;;;;;;;;;;;;;;;;;;;;;;;;;;;;;;;;;;;;;;;;;;;50.00;;;;;;;;;;;;;;;;;;;;;;;;;;;;;;;;;;;;;;37.00;51.00;36.00;17.00;;;;47.00;50.00;47.00;;;;;;;;;;;;;;;;;;;;;;;;;;;;;;;;;;;;81.00;75.00;82.00;;;;;;;;;;;;;;;;;;;;;;;1216.700;;;;;;;;;;;;;;;;;;;;;;;;;;;;;;;;;;;;;;;;;;;;;;;;;;;;;;;;;;;;;;;;;;;;;;;;;;;;;;;;;;;;;;;;;;;;;;;;;;;;;;;;;;;;;;;;;;;;;;;;;;;;;;;;;;;;;;;;;;;;;;;;;;;;;;;;;;;;;;;;;;;;;;;;;;;;;;;;;;;;;;;;;;;;;;;;;;;;;;;;;;;;;;;;;;;;;;;;;;;;;;;;;;;;;;;;;;;;;;;;;;;;;;;;;;;;;;;;;;;;;;;;;;;;;;;;;;;;;;;;;;;;;;;;;;;;;;;;;;;;;;;;;;;;;;;;;;;;;;;;;;;;;;;;;;;;;;;;;;;;;;;;;;;;;;;;;;;;;;;;;;;;;;;;;;;;;;;;;;;;;;;;;;;;;;;;;;;;;;;;;;;;;;;;;;;;;;;;;;;;;;;;;;;;;;;;;;;;;;;;;;;;;;;;;;;;;;;;;;0;8.70;12.50;5.90;14.80;15.60;12.90;602;650;354;214;213;1535.90;;;17763150;14.00;;;;;;25.00
1507774200000;2017-10-12T03:10:00.000+0100;;;;;;;;;0.50;1005.90;403.10;403.50;403.30;978.00;976.00;979.00;;;;;;;;;;;;;;;;;;;;;;;;;;;;;;;;;;;;;;;;;;;;;;;;;;;;;;;;;;;;50.00;;;;;;;;;;;;;;;;;;;;;;;;;;;;;;;;;;;;;;37.00;51.00;36.00;17.00;;;;47.00;50.00;48.00;;;;;;;;;;;;;;;;;;;;;;;;;;;;;;;;;;;;82.00;75.00;82.00;;;;;;;;;;;;;;;;;;;;;;;1369.900;;;;;;;;;;;;;;;;;;;;;;;;;;;;;;;;;;;;;;;;;;;;;;;;;;;;;;;;;;;;;;;;;;;;;;;;;;;;;;;;;;;;;;;;;;;;;;;;;;;;;;;;;;;;;;;;;;;;;;;;;;;;;;;;;;;;;;;;;;;;;;;;;;;;;;;;;;;;;;;;;;;;;;;;;;;;;;;;;;;;;;;;;;;;;;;;;;;;;;;;;;;;;;;;;;;;;;;;;;;;;;;;;;;;;;;;;;;;;;;;;;;;;;;;;;;;;;;;;;;;;;;;;;;;;;;;;;;;;;;;;;;;;;;;;;;;;;;;;;;;;;;;;;;;;;;;;;;;;;;;;;;;;;;;;;;;;;;;;;;;;;;;;;;;;;;;;;;;;;;;;;;;;;;;;;;;;;;;;;;;;;;;;;;;;;;;;;;;;;;;;;;;;;;;;;;;;;;;;;;;;;;;;;;;;;;;;;;;;;;;;;;;;;;;;;;;;;;;;;0;8.90;11.80;5.60;14.80;15.60;12.80;620;648;544;215;213;1538.90;;;17763254;14.00;;;;;;26.00
1507774800000;2017-10-12T03:20:00.000+0100;;;;;;;;;0.80;527.40;383.90;384.40;384.20;713.00;712.00;713.00;;;;;;;;;;;;;;;;;;;;;;;;;;;;;;;;;;;;;;;;;;;;;;;;;;;;;;;;;;;;50.00;;;;;;;;;;;;;;;;;;;;;;;;;;;;;;;;;;;;;;37.00;51.00;36.00;17.00;;;;47.00;50.00;48.00;;;;;;;;;;;;;;;;;;;;;;;;;;;;;;;;;;;;81.00;75.00;81.00;;;;;;;;;;;;;;;;;;;;;;;1266.900;;;;;;;;;;;;;;;;;;;;;;;;;;;;;;;;;;;;;;;;;;;;;;;;;;;;;;;;;;;;;;;;;;;;;;;;;;;;;;;;;;;;;;;;;;;;;;;;;;;;;;;;;;;;;;;;;;;;;;;;;;;;;;;;;;;;;;;;;;;;;;;;;;;;;;;;;;;;;;;;;;;;;;;;;;;;;;;;;;;;;;;;;;;;;;;;;;;;;;;;;;;;;;;;;;;;;;;;;;;;;;;;;;;;;;;;;;;;;;;;;;;;;;;;;;;;;;;;;;;;;;;;;;;;;;;;;;;;;;;;;;;;;;;;;;;;;;;;;;;;;;;;;;;;;;;;;;;;;;;;;;;;;;;;;;;;;;;;;;;;;;;;;;;;;;;;;;;;;;;;;;;;;;;;;;;;;;;;;;;;;;;;;;;;;;;;;;;;;;;;;;;;;;;;;;;;;;;;;;;;;;;;;;;;;;;;;;;;;;;;;;;;;;;;;;;;;;;;;;0;7.80;11.30;4.00;13.70;15.50;10.00;606;669;448;215;216;1427.20;;;17763356;14.00;;;;;;26.00
1507775400000;2017-10-12T03:30:00.000+0100;;;;;;;;;0.90;361.50;377.90;378.50;378.40;636.00;636.00;635.00;;;;;;;;;;;;;;;;;;;;;;;;;;;;;;;;;;;;;;;;;;;;;;;;;;;;;;;;;;;;50.00;;;;;;;;;;;;;;;;;;;;;;;;;;;;;;;;;;;;;;37.00;51.00;36.00;17.00;;;;46.00;49.00;46.00;;;;;;;;;;;;;;;;;;;;;;;;;;;;;;;;;;;;79.00;74.00;80.00;;;;;;;;;;;;;;;;;;;;;;;1188.400;;;;;;;;;;;;;;;;;;;;;;;;;;;;;;;;;;;;;;;;;;;;;;;;;;;;;;;;;;;;;;;;;;;;;;;;;;;;;;;;;;;;;;;;;;;;;;;;;;;;;;;;;;;;;;;;;;;;;;;;;;;;;;;;;;;;;;;;;;;;;;;;;;;;;;;;;;;;;;;;;;;;;;;;;;;;;;;;;;;;;;;;;;;;;;;;;;;;;;;;;;;;;;;;;;;;;;;;;;;;;;;;;;;;;;;;;;;;;;;;;;;;;;;;;;;;;;;;;;;;;;;;;;;;;;;;;;;;;;;;;;;;;;;;;;;;;;;;;;;;;;;;;;;;;;;;;;;;;;;;;;;;;;;;;;;;;;;;;;;;;;;;;;;;;;;;;;;;;;;;;;;;;;;;;;;;;;;;;;;;;;;;;;;;;;;;;;;;;;;;;;;;;;;;;;;;;;;;;;;;;;;;;;;;;;;;;;;;;;;;;;;;;;;;;;;;;;;;;;0;7.80;10.70;5.00;14.10;15.30;12.00;624;653;559;215;215;1462.70;;;17763458;14.00;;;;;;26.00
1507776000000;2017-10-12T03:40:00.000+0100;;;;;;;;;0.90;334.00;381.00;381.50;381.30;621.00;620.00;617.00;;;;;;;;;;;;;;;;;;;;;;;;;;;;;;;;;;;;;;;;;;;;;;;;;;;;;;;;;;;;50.00;;;;;;;;;;;;;;;;;;;;;;;;;;;;;;;;;;;;;;37.00;51.00;36.00;17.00;;;;45.00;48.00;45.00;;;;;;;;;;;;;;;;;;;;;;;;;;;;;;;;;;;;79.00;74.00;80.00;;;;;;;;;;;;;;;;;;;;;;;1171.700;;;;;;;;;;;;;;;;;;;;;;;;;;;;;;;;;;;;;;;;;;;;;;;;;;;;;;;;;;;;;;;;;;;;;;;;;;;;;;;;;;;;;;;;;;;;;;;;;;;;;;;;;;;;;;;;;;;;;;;;;;;;;;;;;;;;;;;;;;;;;;;;;;;;;;;;;;;;;;;;;;;;;;;;;;;;;;;;;;;;;;;;;;;;;;;;;;;;;;;;;;;;;;;;;;;;;;;;;;;;;;;;;;;;;;;;;;;;;;;;;;;;;;;;;;;;;;;;;;;;;;;;;;;;;;;;;;;;;;;;;;;;;;;;;;;;;;;;;;;;;;;;;;;;;;;;;;;;;;;;;;;;;;;;;;;;;;;;;;;;;;;;;;;;;;;;;;;;;;;;;;;;;;;;;;;;;;;;;;;;;;;;;;;;;;;;;;;;;;;;;;;;;;;;;;;;;;;;;;;;;;;;;;;;;;;;;;;;;;;;;;;;;;;;;;;;;;;;;;0;8.10;10.50;4.60;14.50;15.30;11.50;624;661;548;215;215;1505.40;;;17763562;14.00;;;;;;26.00
1507776600000;2017-10-12T03:50:00.000+0100;;;;;;;;;0.90;314.00;380.60;381.20;381.10;613.00;611.00;608.00;;;;;;;;;;;;;;;;;;;;;;;;;;;;;;;;;;;;;;;;;;;;;;;;;;;;;;;;;;;;50.00;;;;;;;;;;;;;;;;;;;;;;;;;;;;;;;;;;;;;;37.00;51.00;36.00;17.00;;;;44.00;47.00;44.00;;;;;;;;;;;;;;;;;;;;;;;;;;;;;;;;;;;;79.00;73.00;80.00;;;;;;;;;;;;;;;;;;;;;;;1067.100;;;;;;;;;;;;;;;;;;;;;;;;;;;;;;;;;;;;;;;;;;;;;;;;;;;;;;;;;;;;;;;;;;;;;;;;;;;;;;;;;;;;;;;;;;;;;;;;;;;;;;;;;;;;;;;;;;;;;;;;;;;;;;;;;;;;;;;;;;;;;;;;;;;;;;;;;;;;;;;;;;;;;;;;;;;;;;;;;;;;;;;;;;;;;;;;;;;;;;;;;;;;;;;;;;;;;;;;;;;;;;;;;;;;;;;;;;;;;;;;;;;;;;;;;;;;;;;;;;;;;;;;;;;;;;;;;;;;;;;;;;;;;;;;;;;;;;;;;;;;;;;;;;;;;;;;;;;;;;;;;;;;;;;;;;;;;;;;;;;;;;;;;;;;;;;;;;;;;;;;;;;;;;;;;;;;;;;;;;;;;;;;;;;;;;;;;;;;;;;;;;;;;;;;;;;;;;;;;;;;;;;;;;;;;;;;;;;;;;;;;;;;;;;;;;;;;;;;;;0;7.90;10.90;4.40;14.30;15.10;11.20;623;667;525;214;215;1483.90;;;17763666;14.00;;;;;;26.00
1507777200000;2017-10-12T04:00:00.000+0100;;;;;;;;;0.90;308.00;381.40;382.00;381.90;595.00;594.00;590.00;;;;;;;;;;;;;;;;;;;;;;;;;;;;;;;;;;;;;;;;;;;;;;;;;;;;;;;;;;;;50.00;;;;;;;;;;;;;;;;;;;;;;;;;;;;;;;;;;;;;;37.00;51.00;36.00;17.00;;;;43.00;46.00;43.00;;;;;;;;;;;;;;;;;;;;;;;;;;;;;;;;;;;;79.00;73.00;79.00;;;;;;;;;;;;;;;;;;;;;;;1218.000;;;;;;;;;;;;;;;;;;;;;;;;;;;;;;;;;;;;;;;;;;;;;;;;;;;;;;;;;;;;;;;;;;;;;;;;;;;;;;;;;;;;;;;;;;;;;;;;;;;;;;;;;;;;;;;;;;;;;;;;;;;;;;;;;;;;;;;;;;;;;;;;;;;;;;;;;;;;;;;;;;;;;;;;;;;;;;;;;;;;;;;;;;;;;;;;;;;;;;;;;;;;;;;;;;;;;;;;;;;;;;;;;;;;;;;;;;;;;;;;;;;;;;;;;;;;;;;;;;;;;;;;;;;;;;;;;;;;;;;;;;;;;;;;;;;;;;;;;;;;;;;;;;;;;;;;;;;;;;;;;;;;;;;;;;;;;;;;;;;;;;;;;;;;;;;;;;;;;;;;;;;;;;;;;;;;;;;;;;;;;;;;;;;;;;;;;;;;;;;;;;;;;;;;;;;;;;;;;;;;;;;;;;;;;;;;;;;;;;;;;;;;;;;;;;;;;;;;;;0;7.50;10.60;4.20;13.60;15.30;11.80;604;667;266;213;214;1417.60;;;17763768;14.00;;;;;;26.00
1507777800000;2017-10-12T04:10:00.000+0100;;;;;;;;;0.90;305.20;377.50;378.20;378.00;599.00;598.00;594.00;;;;;;;;;;;;;;;;;;;;;;;;;;;;;;;;;;;;;;;;;;;;;;;;;;;;;;;;;;;;50.00;;;;;;;;;;;;;;;;;;;;;;;;;;;;;;;;;;;;;;37.00;51.00;36.00;17.00;;;;42.00;45.00;42.00;;;;;;;;;;;;;;;;;;;;;;;;;;;;;;;;;;;;77.00;72.00;78.00;;;;;;;;;;;;;;;;;;;;;;;1173.000;;;;;;;;;;;;;;;;;;;;;;;;;;;;;;;;;;;;;;;;;;;;;;;;;;;;;;;;;;;;;;;;;;;;;;;;;;;;;;;;;;;;;;;;;;;;;;;;;;;;;;;;;;;;;;;;;;;;;;;;;;;;;;;;;;;;;;;;;;;;;;;;;;;;;;;;;;;;;;;;;;;;;;;;;;;;;;;;;;;;;;;;;;;;;;;;;;;;;;;;;;;;;;;;;;;;;;;;;;;;;;;;;;;;;;;;;;;;;;;;;;;;;;;;;;;;;;;;;;;;;;;;;;;;;;;;;;;;;;;;;;;;;;;;;;;;;;;;;;;;;;;;;;;;;;;;;;;;;;;;;;;;;;;;;;;;;;;;;;;;;;;;;;;;;;;;;;;;;;;;;;;;;;;;;;;;;;;;;;;;;;;;;;;;;;;;;;;;;;;;;;;;;;;;;;;;;;;;;;;;;;;;;;;;;;;;;;;;;;;;;;;;;;;;;;;;;;;;;;0;7.10;9.90;4.10;13.30;15.30;9.60;604;664;421;215;215;1384.90;;;17763868;14.00;;;;;;25.00
1507778400000;2017-10-12T04:20:00.000+0100;;;;;;;;;0.90;311.20;377.70;378.30;378.20;613.00;612.00;610.00;;;;;;;;;;;;;;;;;;;;;;;;;;;;;;;;;;;;;;;;;;;;;;;;;;;;;;;;;;;;50.00;;;;;;;;;;;;;;;;;;;;;;;;;;;;;;;;;;;;;;37.00;51.00;36.00;17.00;;;;41.00;44.00;41.00;;;;;;;;;;;;;;;;;;;;;;;;;;;;;;;;;;;;77.00;72.00;78.00;;;;;;;;;;;;;;;;;;;;;;;1223.900;;;;;;;;;;;;;;;;;;;;;;;;;;;;;;;;;;;;;;;;;;;;;;;;;;;;;;;;;;;;;;;;;;;;;;;;;;;;;;;;;;;;;;;;;;;;;;;;;;;;;;;;;;;;;;;;;;;;;;;;;;;;;;;;;;;;;;;;;;;;;;;;;;;;;;;;;;;;;;;;;;;;;;;;;;;;;;;;;;;;;;;;;;;;;;;;;;;;;;;;;;;;;;;;;;;;;;;;;;;;;;;;;;;;;;;;;;;;;;;;;;;;;;;;;;;;;;;;;;;;;;;;;;;;;;;;;;;;;;;;;;;;;;;;;;;;;;;;;;;;;;;;;;;;;;;;;;;;;;;;;;;;;;;;;;;;;;;;;;;;;;;;;;;;;;;;;;;;;;;;;;;;;;;;;;;;;;;;;;;;;;;;;;;;;;;;;;;;;;;;;;;;;;;;;;;;;;;;;;;;;;;;;;;;;;;;;;;;;;;;;;;;;;;;;;;;;;;;;;0;8.00;10.60;5.10;14.00;15.20;10.40;620;646;458;216;215;1460.50;;;17763972;14.00;;;;;;25.00
1507779000000;2017-10-12T04:30:00.000+0100;;;;;;;;;0.90;313.80;377.90;378.50;378.40;619.00;618.00;618.00;;;;;;;;;;;;;;;;;;;;;;;;;;;;;;;;;;;;;;;;;;;;;;;;;;;;;;;;;;;;50.00;;;;;;;;;;;;;;;;;;;;;;;;;;;;;;;;;;;;;;37.00;51.00;36.00;17.00;;;;41.00;44.00;41.00;;;;;;;;;;;;;;;;;;;;;;;;;;;;;;;;;;;;78.00;73.00;79.00;;;;;;;;;;;;;;;;;;;;;;;1221.400;;;;;;;;;;;;;;;;;;;;;;;;;;;;;;;;;;;;;;;;;;;;;;;;;;;;;;;;;;;;;;;;;;;;;;;;;;;;;;;;;;;;;;;;;;;;;;;;;;;;;;;;;;;;;;;;;;;;;;;;;;;;;;;;;;;;;;;;;;;;;;;;;;;;;;;;;;;;;;;;;;;;;;;;;;;;;;;;;;;;;;;;;;;;;;;;;;;;;;;;;;;;;;;;;;;;;;;;;;;;;;;;;;;;;;;;;;;;;;;;;;;;;;;;;;;;;;;;;;;;;;;;;;;;;;;;;;;;;;;;;;;;;;;;;;;;;;;;;;;;;;;;;;;;;;;;;;;;;;;;;;;;;;;;;;;;;;;;;;;;;;;;;;;;;;;;;;;;;;;;;;;;;;;;;;;;;;;;;;;;;;;;;;;;;;;;;;;;;;;;;;;;;;;;;;;;;;;;;;;;;;;;;;;;;;;;;;;;;;;;;;;;;;;;;;;;;;;;;;0;8.40;10.90;5.70;14.60;15.50;12.60;627;651;595;216;215;1517.70;;;17764076;14.00;;;;;;25.00
1507779600000;2017-10-12T04:40:00.000+0100;;;;;;;;;0.90;312.60;378.20;378.70;378.60;616.00;615.00;615.00;;;;;;;;;;;;;;;;;;;;;;;;;;;;;;;;;;;;;;;;;;;;;;;;;;;;;;;;;;;;50.00;;;;;;;;;;;;;;;;;;;;;;;;;;;;;;;;;;;;;;37.00;52.00;36.00;17.00;;;;40.00;44.00;41.00;;;;;;;;;;;;;;;;;;;;;;;;;;;;;;;;;;;;79.00;73.00;79.00;;;;;;;;;;;;;;;;;;;;;;;1250.100;;;;;;;;;;;;;;;;;;;;;;;;;;;;;;;;;;;;;;;;;;;;;;;;;;;;;;;;;;;;;;;;;;;;;;;;;;;;;;;;;;;;;;;;;;;;;;;;;;;;;;;;;;;;;;;;;;;;;;;;;;;;;;;;;;;;;;;;;;;;;;;;;;;;;;;;;;;;;;;;;;;;;;;;;;;;;;;;;;;;;;;;;;;;;;;;;;;;;;;;;;;;;;;;;;;;;;;;;;;;;;;;;;;;;;;;;;;;;;;;;;;;;;;;;;;;;;;;;;;;;;;;;;;;;;;;;;;;;;;;;;;;;;;;;;;;;;;;;;;;;;;;;;;;;;;;;;;;;;;;;;;;;;;;;;;;;;;;;;;;;;;;;;;;;;;;;;;;;;;;;;;;;;;;;;;;;;;;;;;;;;;;;;;;;;;;;;;;;;;;;;;;;;;;;;;;;;;;;;;;;;;;;;;;;;;;;;;;;;;;;;;;;;;;;;;;;;;;;;0;8.40;10.90;4.00;14.50;15.40;11.20;625;662;533;216;216;1513.60;;;17764180;14.00;;;;;;25.00
1507780200000;2017-10-12T04:50:00.000+0100;;;;;;;;;0.90;313.40;377.50;378.00;377.90;620.00;618.00;618.00;;;;;;;;;;;;;;;;;;;;;;;;;;;;;;;;;;;;;;;;;;;;;;;;;;;;;;;;;;;;50.00;;;;;;;;;;;;;;;;;;;;;;;;;;;;;;;;;;;;;;37.00;52.00;36.00;17.00;;;;40.00;43.00;40.00;;;;;;;;;;;;;;;;;;;;;;;;;;;;;;;;;;;;79.00;73.00;80.00;;;;;;;;;;;;;;;;;;;;;;;1096.100;;;;;;;;;;;;;;;;;;;;;;;;;;;;;;;;;;;;;;;;;;;;;;;;;;;;;;;;;;;;;;;;;;;;;;;;;;;;;;;;;;;;;;;;;;;;;;;;;;;;;;;;;;;;;;;;;;;;;;;;;;;;;;;;;;;;;;;;;;;;;;;;;;;;;;;;;;;;;;;;;;;;;;;;;;;;;;;;;;;;;;;;;;;;;;;;;;;;;;;;;;;;;;;;;;;;;;;;;;;;;;;;;;;;;;;;;;;;;;;;;;;;;;;;;;;;;;;;;;;;;;;;;;;;;;;;;;;;;;;;;;;;;;;;;;;;;;;;;;;;;;;;;;;;;;;;;;;;;;;;;;;;;;;;;;;;;;;;;;;;;;;;;;;;;;;;;;;;;;;;;;;;;;;;;;;;;;;;;;;;;;;;;;;;;;;;;;;;;;;;;;;;;;;;;;;;;;;;;;;;;;;;;;;;;;;;;;;;;;;;;;;;;;;;;;;;;;;;;;0;8.20;11.00;5.40;14.50;15.40;12.60;627;650;596;215;215;1508.40;;;17764284;14.00;;;;;;25.00
1507780800000;2017-10-12T05:00:00.000+0100;;;;;;;;;0.90;308.00;377.70;378.20;378.20;615.00;613.00;613.00;;;;;;;;;;;;;;;;;;;;;;;;;;;;;;;;;;;;;;;;;;;;;;;;;;;;;;;;;;;;50.00;;;;;;;;;;;;;;;;;;;;;;;;;;;;;;;;;;;;;;37.00;52.00;36.00;17.00;;;;40.00;43.00;40.00;;;;;;;;;;;;;;;;;;;;;;;;;;;;;;;;;;;;79.00;73.00;79.00;;;;;;;;;;;;;;;;;;;;;;;1196.200;;;;;;;;;;;;;;;;;;;;;;;;;;;;;;;;;;;;;;;;;;;;;;;;;;;;;;;;;;;;;;;;;;;;;;;;;;;;;;;;;;;;;;;;;;;;;;;;;;;;;;;;;;;;;;;;;;;;;;;;;;;;;;;;;;;;;;;;;;;;;;;;;;;;;;;;;;;;;;;;;;;;;;;;;;;;;;;;;;;;;;;;;;;;;;;;;;;;;;;;;;;;;;;;;;;;;;;;;;;;;;;;;;;;;;;;;;;;;;;;;;;;;;;;;;;;;;;;;;;;;;;;;;;;;;;;;;;;;;;;;;;;;;;;;;;;;;;;;;;;;;;;;;;;;;;;;;;;;;;;;;;;;;;;;;;;;;;;;;;;;;;;;;;;;;;;;;;;;;;;;;;;;;;;;;;;;;;;;;;;;;;;;;;;;;;;;;;;;;;;;;;;;;;;;;;;;;;;;;;;;;;;;;;;;;;;;;;;;;;;;;;;;;;;;;;;;;;;;;0;8.20;11.30;4.10;14.40;15.30;11.00;623;666;508;215;214;1494.20;;;17764388;14.00;;;;;;25.00
1507781400000;2017-10-12T05:10:00.000+0100;;;;;;;;;0.60;102.90;375.20;375.70;375.70;144.00;145.00;142.00;;;;;;;;;;;;;;;;;;;;;;;;;;;;;;;;;;;;;;;;;;;;;;;;;;;;;;;;;;;;50.10;;;;;;;;;;;;;;;;;;;;;;;;;;;;;;;;;;;;;;37.00;51.00;35.00;17.00;;;;40.00;43.00;40.00;;;;;;;;;;;;;;;;;;;;;;;;;;;;;;;;;;;;78.00;73.00;79.00;;;;;;;;;;;;;;;;;;;;;;;1394.000;;;;;;;;;;;;;;;;;;;;;;;;;;;;;;;;;;;;;;;;;;;;;;;;;;;;;;;;;;;;;;;;;;;;;;;;;;;;;;;;;;;;;;;;;;;;;;;;;;;;;;;;;;;;;;;;;;;;;;;;;;;;;;;;;;;;;;;;;;;;;;;;;;;;;;;;;;;;;;;;;;;;;;;;;;;;;;;;;;;;;;;;;;;;;;;;;;;;;;;;;;;;;;;;;;;;;;;;;;;;;;;;;;;;;;;;;;;;;;;;;;;;;;;;;;;;;;;;;;;;;;;;;;;;;;;;;;;;;;;;;;;;;;;;;;;;;;;;;;;;;;;;;;;;;;;;;;;;;;;;;;;;;;;;;;;;;;;;;;;;;;;;;;;;;;;;;;;;;;;;;;;;;;;;;;;;;;;;;;;;;;;;;;;;;;;;;;;;;;;;;;;;;;;;;;;;;;;;;;;;;;;;;;;;;;;;;;;;;;;;;;;;;;;;;;;;;;;;;;0;8.80;10.90;6.20;14.80;15.40;13.70;103;638;15;219;221;1544.50;;;17764404;14.00;;;;;;25.00
1507782000000;2017-10-12T05:20:00.000+0100;;;;;;;;;0.90;126.60;374.20;374.80;374.70;396.00;395.00;393.00;;;;;;;;;;;;;;;;;;;;;;;;;;;;;;;;;;;;;;;;;;;;;;;;;;;;;;;;;;;;50.00;;;;;;;;;;;;;;;;;;;;;;;;;;;;;;;;;;;;;;37.00;50.00;35.00;17.00;;;;38.00;41.00;38.00;;;;;;;;;;;;;;;;;;;;;;;;;;;;;;;;;;;;78.00;72.00;79.00;;;;;;;;;;;;;;;;;;;;;;;1588.500;;;;;;;;;;;;;;;;;;;;;;;;;;;;;;;;;;;;;;;;;;;;;;;;;;;;;;;;;;;;;;;;;;;;;;;;;;;;;;;;;;;;;;;;;;;;;;;;;;;;;;;;;;;;;;;;;;;;;;;;;;;;;;;;;;;;;;;;;;;;;;;;;;;;;;;;;;;;;;;;;;;;;;;;;;;;;;;;;;;;;;;;;;;;;;;;;;;;;;;;;;;;;;;;;;;;;;;;;;;;;;;;;;;;;;;;;;;;;;;;;;;;;;;;;;;;;;;;;;;;;;;;;;;;;;;;;;;;;;;;;;;;;;;;;;;;;;;;;;;;;;;;;;;;;;;;;;;;;;;;;;;;;;;;;;;;;;;;;;;;;;;;;;;;;;;;;;;;;;;;;;;;;;;;;;;;;;;;;;;;;;;;;;;;;;;;;;;;;;;;;;;;;;;;;;;;;;;;;;;;;;;;;;;;;;;;;;;;;;;;;;;;;;;;;;;;;;;;;;0;8.90;12.10;6.50;14.80;15.70;14.00;419;650;22;225;226;1540.10;;;17764474;14.00;;;;;;25.00
1507782600000;2017-10-12T05:30:00.000+0100;;;;;;;;;1.00;160.40;375.10;375.70;375.70;575.00;572.00;571.00;;;;;;;;;;;;;;;;;;;;;;;;;;;;;;;;;;;;;;;;;;;;;;;;;;;;;;;;;;;;50.00;;;;;;;;;;;;;;;;;;;;;;;;;;;;;;;;;;;;;;37.00;51.00;36.00;17.00;;;;38.00;41.00;38.00;;;;;;;;;;;;;;;;;;;;;;;;;;;;;;;;;;;;78.00;73.00;79.00;;;;;;;;;;;;;;;;;;;;;;;1384.600;;;;;;;;;;;;;;;;;;;;;;;;;;;;;;;;;;;;;;;;;;;;;;;;;;;;;;;;;;;;;;;;;;;;;;;;;;;;;;;;;;;;;;;;;;;;;;;;;;;;;;;;;;;;;;;;;;;;;;;;;;;;;;;;;;;;;;;;;;;;;;;;;;;;;;;;;;;;;;;;;;;;;;;;;;;;;;;;;;;;;;;;;;;;;;;;;;;;;;;;;;;;;;;;;;;;;;;;;;;;;;;;;;;;;;;;;;;;;;;;;;;;;;;;;;;;;;;;;;;;;;;;;;;;;;;;;;;;;;;;;;;;;;;;;;;;;;;;;;;;;;;;;;;;;;;;;;;;;;;;;;;;;;;;;;;;;;;;;;;;;;;;;;;;;;;;;;;;;;;;;;;;;;;;;;;;;;;;;;;;;;;;;;;;;;;;;;;;;;;;;;;;;;;;;;;;;;;;;;;;;;;;;;;;;;;;;;;;;;;;;;;;;;;;;;;;;;;;;;0;8.30;12.40;5.00;14.40;15.30;11.90;625;652;551;227;228;1501.40;;;17764578;13.00;;;;;;25.00
1507783200000;2017-10-12T05:40:00.000+0100;;;;;;;;;1.00;160.40;374.80;375.50;375.60;571.00;568.00;568.00;;;;;;;;;;;;;;;;;;;;;;;;;;;;;;;;;;;;;;;;;;;;;;;;;;;;;;;;;;;;50.00;;;;;;;;;;;;;;;;;;;;;;;;;;;;;;;;;;;;;;37.00;51.00;36.00;17.00;;;;38.00;41.00;38.00;;;;;;;;;;;;;;;;;;;;;;;;;;;;;;;;;;;;79.00;73.00;79.00;;;;;;;;;;;;;;;;;;;;;;;1412.200;;;;;;;;;;;;;;;;;;;;;;;;;;;;;;;;;;;;;;;;;;;;;;;;;;;;;;;;;;;;;;;;;;;;;;;;;;;;;;;;;;;;;;;;;;;;;;;;;;;;;;;;;;;;;;;;;;;;;;;;;;;;;;;;;;;;;;;;;;;;;;;;;;;;;;;;;;;;;;;;;;;;;;;;;;;;;;;;;;;;;;;;;;;;;;;;;;;;;;;;;;;;;;;;;;;;;;;;;;;;;;;;;;;;;;;;;;;;;;;;;;;;;;;;;;;;;;;;;;;;;;;;;;;;;;;;;;;;;;;;;;;;;;;;;;;;;;;;;;;;;;;;;;;;;;;;;;;;;;;;;;;;;;;;;;;;;;;;;;;;;;;;;;;;;;;;;;;;;;;;;;;;;;;;;;;;;;;;;;;;;;;;;;;;;;;;;;;;;;;;;;;;;;;;;;;;;;;;;;;;;;;;;;;;;;;;;;;;;;;;;;;;;;;;;;;;;;;;;;0;8.00;11.90;5.20;14.00;15.80;11.30;620;656;541;226;226;1460.50;;;17764682;13.00;;;;;;25.00
1507783800000;2017-10-12T05:50:00.000+0100;;;;;;;;;1.00;160.90;375.90;376.50;376.70;565.00;562.00;562.00;;;;;;;;;;;;;;;;;;;;;;;;;;;;;;;;;;;;;;;;;;;;;;;;;;;;;;;;;;;;50.00;;;;;;;;;;;;;;;;;;;;;;;;;;;;;;;;;;;;;;37.00;51.00;36.00;17.00;;;;38.00;41.00;38.00;;;;;;;;;;;;;;;;;;;;;;;;;;;;;;;;;;;;78.00;72.00;78.00;;;;;;;;;;;;;;;;;;;;;;;1412.400;;;;;;;;;;;;;;;;;;;;;;;;;;;;;;;;;;;;;;;;;;;;;;;;;;;;;;;;;;;;;;;;;;;;;;;;;;;;;;;;;;;;;;;;;;;;;;;;;;;;;;;;;;;;;;;;;;;;;;;;;;;;;;;;;;;;;;;;;;;;;;;;;;;;;;;;;;;;;;;;;;;;;;;;;;;;;;;;;;;;;;;;;;;;;;;;;;;;;;;;;;;;;;;;;;;;;;;;;;;;;;;;;;;;;;;;;;;;;;;;;;;;;;;;;;;;;;;;;;;;;;;;;;;;;;;;;;;;;;;;;;;;;;;;;;;;;;;;;;;;;;;;;;;;;;;;;;;;;;;;;;;;;;;;;;;;;;;;;;;;;;;;;;;;;;;;;;;;;;;;;;;;;;;;;;;;;;;;;;;;;;;;;;;;;;;;;;;;;;;;;;;;;;;;;;;;;;;;;;;;;;;;;;;;;;;;;;;;;;;;;;;;;;;;;;;;;;;;;;0;7.30;11.20;4.40;13.50;15.20;11.20;614;665;435;224;225;1401.30;;;17764784;13.00;;;;;;25.00
1507784400000;2017-10-12T06:00:00.000+0100;;;;;;;;;1.00;161.20;379.20;379.60;379.90;561.00;559.00;558.00;;;;;;;;;;;;;;;;;;;;;;;;;;;;;;;;;;;;;;;;;;;;;;;;;;;;;;;;;;;;50.00;;;;;;;;;;;;;;;;;;;;;;;;;;;;;;;;;;;;;;37.00;51.00;36.00;17.00;;;;38.00;41.00;38.00;;;;;;;;;;;;;;;;;;;;;;;;;;;;;;;;;;;;77.00;72.00;78.00;;;;;;;;;;;;;;;;;;;;;;;1361.400;;;;;;;;;;;;;;;;;;;;;;;;;;;;;;;;;;;;;;;;;;;;;;;;;;;;;;;;;;;;;;;;;;;;;;;;;;;;;;;;;;;;;;;;;;;;;;;;;;;;;;;;;;;;;;;;;;;;;;;;;;;;;;;;;;;;;;;;;;;;;;;;;;;;;;;;;;;;;;;;;;;;;;;;;;;;;;;;;;;;;;;;;;;;;;;;;;;;;;;;;;;;;;;;;;;;;;;;;;;;;;;;;;;;;;;;;;;;;;;;;;;;;;;;;;;;;;;;;;;;;;;;;;;;;;;;;;;;;;;;;;;;;;;;;;;;;;;;;;;;;;;;;;;;;;;;;;;;;;;;;;;;;;;;;;;;;;;;;;;;;;;;;;;;;;;;;;;;;;;;;;;;;;;;;;;;;;;;;;;;;;;;;;;;;;;;;;;;;;;;;;;;;;;;;;;;;;;;;;;;;;;;;;;;;;;;;;;;;;;;;;;;;;;;;;;;;;;;;;0;7.60;10.70;4.60;13.90;15.50;10.50;616;654;498;223;225;1442.30;;;17764888;13.00;;;;;;25.00
1507785000000;2017-10-12T06:10:00.000+0100;;;;;;;;;1.00;164.20;379.50;379.90;380.20;569.00;566.00;566.00;;;;;;;;;;;;;;;;;;;;;;;;;;;;;;;;;;;;;;;;;;;;;;;;;;;;;;;;;;;;50.10;;;;;;;;;;;;;;;;;;;;;;;;;;;;;;;;;;;;;;37.00;51.00;36.00;17.00;;;;38.00;40.00;38.00;;;;;;;;;;;;;;;;;;;;;;;;;;;;;;;;;;;;77.00;72.00;78.00;;;;;;;;;;;;;;;;;;;;;;;1405.900;;;;;;;;;;;;;;;;;;;;;;;;;;;;;;;;;;;;;;;;;;;;;;;;;;;;;;;;;;;;;;;;;;;;;;;;;;;;;;;;;;;;;;;;;;;;;;;;;;;;;;;;;;;;;;;;;;;;;;;;;;;;;;;;;;;;;;;;;;;;;;;;;;;;;;;;;;;;;;;;;;;;;;;;;;;;;;;;;;;;;;;;;;;;;;;;;;;;;;;;;;;;;;;;;;;;;;;;;;;;;;;;;;;;;;;;;;;;;;;;;;;;;;;;;;;;;;;;;;;;;;;;;;;;;;;;;;;;;;;;;;;;;;;;;;;;;;;;;;;;;;;;;;;;;;;;;;;;;;;;;;;;;;;;;;;;;;;;;;;;;;;;;;;;;;;;;;;;;;;;;;;;;;;;;;;;;;;;;;;;;;;;;;;;;;;;;;;;;;;;;;;;;;;;;;;;;;;;;;;;;;;;;;;;;;;;;;;;;;;;;;;;;;;;;;;;;;;;;;0;8.30;11.60;4.90;14.40;15.40;11.90;625;652;549;226;224;1494.30;;;17764990;13.00;;;;;;25.00
1507785600000;2017-10-12T06:20:00.000+0100;;;;;;;;;1.00;163.20;378.90;379.30;379.70;569.00;566.00;567.00;;;;;;;;;;;;;;;;;;;;;;;;;;;;;;;;;;;;;;;;;;;;;;;;;;;;;;;;;;;;50.00;;;;;;;;;;;;;;;;;;;;;;;;;;;;;;;;;;;;;;37.00;51.00;36.00;17.00;;;;37.00;40.00;38.00;;;;;;;;;;;;;;;;;;;;;;;;;;;;;;;;;;;;78.00;73.00;79.00;;;;;;;;;;;;;;;;;;;;;;;1342.100;;;;;;;;;;;;;;;;;;;;;;;;;;;;;;;;;;;;;;;;;;;;;;;;;;;;;;;;;;;;;;;;;;;;;;;;;;;;;;;;;;;;;;;;;;;;;;;;;;;;;;;;;;;;;;;;;;;;;;;;;;;;;;;;;;;;;;;;;;;;;;;;;;;;;;;;;;;;;;;;;;;;;;;;;;;;;;;;;;;;;;;;;;;;;;;;;;;;;;;;;;;;;;;;;;;;;;;;;;;;;;;;;;;;;;;;;;;;;;;;;;;;;;;;;;;;;;;;;;;;;;;;;;;;;;;;;;;;;;;;;;;;;;;;;;;;;;;;;;;;;;;;;;;;;;;;;;;;;;;;;;;;;;;;;;;;;;;;;;;;;;;;;;;;;;;;;;;;;;;;;;;;;;;;;;;;;;;;;;;;;;;;;;;;;;;;;;;;;;;;;;;;;;;;;;;;;;;;;;;;;;;;;;;;;;;;;;;;;;;;;;;;;;;;;;;;;;;;;;0;8.10;11.70;5.10;14.30;15.50;11.70;624;656;563;224;223;1490.80;;;17765096;13.00;;;;;;25.00
1507786200000;2017-10-12T06:30:00.000+0100;;;;;;;;;1.00;157.00;378.20;378.70;379.00;539.00;537.00;536.00;;;;;;;;;;;;;;;;;;;;;;;;;;;;;;;;;;;;;;;;;;;;;;;;;;;;;;;;;;;;50.00;;;;;;;;;;;;;;;;;;;;;;;;;;;;;;;;;;;;;;37.00;51.00;36.00;16.00;;;;37.00;40.00;37.00;;;;;;;;;;;;;;;;;;;;;;;;;;;;;;;;;;;;77.00;72.00;78.00;;;;;;;;;;;;;;;;;;;;;;;1300.500;;;;;;;;;;;;;;;;;;;;;;;;;;;;;;;;;;;;;;;;;;;;;;;;;;;;;;;;;;;;;;;;;;;;;;;;;;;;;;;;;;;;;;;;;;;;;;;;;;;;;;;;;;;;;;;;;;;;;;;;;;;;;;;;;;;;;;;;;;;;;;;;;;;;;;;;;;;;;;;;;;;;;;;;;;;;;;;;;;;;;;;;;;;;;;;;;;;;;;;;;;;;;;;;;;;;;;;;;;;;;;;;;;;;;;;;;;;;;;;;;;;;;;;;;;;;;;;;;;;;;;;;;;;;;;;;;;;;;;;;;;;;;;;;;;;;;;;;;;;;;;;;;;;;;;;;;;;;;;;;;;;;;;;;;;;;;;;;;;;;;;;;;;;;;;;;;;;;;;;;;;;;;;;;;;;;;;;;;;;;;;;;;;;;;;;;;;;;;;;;;;;;;;;;;;;;;;;;;;;;;;;;;;;;;;;;;;;;;;;;;;;;;;;;;;;;;;;;;;0;6.90;10.10;4.00;12.90;15.10;9.50;589;665;427;223;225;1342.60;;;17765194;13.00;;;;;;25.00
1507786800000;2017-10-12T06:40:00.000+0100;;;;;;;;;1.00;161.10;379.00;379.40;379.70;552.00;549.00;550.00;;;;;;;;;;;;;;;;;;;;;;;;;;;;;;;;;;;;;;;;;;;;;;;;;;;;;;;;;;;;50.00;;;;;;;;;;;;;;;;;;;;;;;;;;;;;;;;;;;;;;37.00;51.00;36.00;16.00;;;;37.00;40.00;37.00;;;;;;;;;;;;;;;;;;;;;;;;;;;;;;;;;;;;77.00;71.00;77.00;;;;;;;;;;;;;;;;;;;;;;;1324.400;;;;;;;;;;;;;;;;;;;;;;;;;;;;;;;;;;;;;;;;;;;;;;;;;;;;;;;;;;;;;;;;;;;;;;;;;;;;;;;;;;;;;;;;;;;;;;;;;;;;;;;;;;;;;;;;;;;;;;;;;;;;;;;;;;;;;;;;;;;;;;;;;;;;;;;;;;;;;;;;;;;;;;;;;;;;;;;;;;;;;;;;;;;;;;;;;;;;;;;;;;;;;;;;;;;;;;;;;;;;;;;;;;;;;;;;;;;;;;;;;;;;;;;;;;;;;;;;;;;;;;;;;;;;;;;;;;;;;;;;;;;;;;;;;;;;;;;;;;;;;;;;;;;;;;;;;;;;;;;;;;;;;;;;;;;;;;;;;;;;;;;;;;;;;;;;;;;;;;;;;;;;;;;;;;;;;;;;;;;;;;;;;;;;;;;;;;;;;;;;;;;;;;;;;;;;;;;;;;;;;;;;;;;;;;;;;;;;;;;;;;;;;;;;;;;;;;;;;;0;7.20;11.00;4.00;13.30;15.50;10.00;605;665;466;220;221;1387.90;;;17765294;13.00;;;;;;25.00
1507787400000;2017-10-12T06:50:00.000+0100;;;;;;;;;1.00;151.30;378.00;378.40;378.70;504.00;502.00;501.00;;;;;;;;;;;;;;;;;;;;;;;;;;;;;;;;;;;;;;;;;;;;;;;;;;;;;;;;;;;;50.00;;;;;;;;;;;;;;;;;;;;;;;;;;;;;;;;;;;;;;37.00;51.00;35.00;16.00;;;;37.00;40.00;37.00;;;;;;;;;;;;;;;;;;;;;;;;;;;;;;;;;;;;75.00;70.00;76.00;;;;;;;;;;;;;;;;;;;;;;;1497.100;;;;;;;;;;;;;;;;;;;;;;;;;;;;;;;;;;;;;;;;;;;;;;;;;;;;;;;;;;;;;;;;;;;;;;;;;;;;;;;;;;;;;;;;;;;;;;;;;;;;;;;;;;;;;;;;;;;;;;;;;;;;;;;;;;;;;;;;;;;;;;;;;;;;;;;;;;;;;;;;;;;;;;;;;;;;;;;;;;;;;;;;;;;;;;;;;;;;;;;;;;;;;;;;;;;;;;;;;;;;;;;;;;;;;;;;;;;;;;;;;;;;;;;;;;;;;;;;;;;;;;;;;;;;;;;;;;;;;;;;;;;;;;;;;;;;;;;;;;;;;;;;;;;;;;;;;;;;;;;;;;;;;;;;;;;;;;;;;;;;;;;;;;;;;;;;;;;;;;;;;;;;;;;;;;;;;;;;;;;;;;;;;;;;;;;;;;;;;;;;;;;;;;;;;;;;;;;;;;;;;;;;;;;;;;;;;;;;;;;;;;;;;;;;;;;;;;;;;;0;6.20;8.80;3.20;11.70;14.00;9.10;549;664;384;224;225;1219.80;;;17765386;13.00;;;;;;25.00
1507788000000;2017-10-12T07:00:00.000+0100;;;;;;;;;1.00;156.20;378.10;378.50;378.80;529.00;526.00;526.00;;;;;;;;;;;;;;;;;;;;;;;;;;;;;;;;;;;;;;;;;;;;;;;;;;;;;;;;;;;;50.00;;;;;;;;;;;;;;;;;;;;;;;;;;;;;;;;;;;;;;37.00;51.00;35.00;16.00;;;;37.00;39.00;37.00;;;;;;;;;;;;;;;;;;;;;;;;;;;;;;;;;;;;74.00;69.00;75.00;;;;;;;;;;;;;;;;;;;;;;;1421.700;;;;;;;;;;;;;;;;;;;;;;;;;;;;;;;;;;;;;;;;;;;;;;;;;;;;;;;;;;;;;;;;;;;;;;;;;;;;;;;;;;;;;;;;;;;;;;;;;;;;;;;;;;;;;;;;;;;;;;;;;;;;;;;;;;;;;;;;;;;;;;;;;;;;;;;;;;;;;;;;;;;;;;;;;;;;;;;;;;;;;;;;;;;;;;;;;;;;;;;;;;;;;;;;;;;;;;;;;;;;;;;;;;;;;;;;;;;;;;;;;;;;;;;;;;;;;;;;;;;;;;;;;;;;;;;;;;;;;;;;;;;;;;;;;;;;;;;;;;;;;;;;;;;;;;;;;;;;;;;;;;;;;;;;;;;;;;;;;;;;;;;;;;;;;;;;;;;;;;;;;;;;;;;;;;;;;;;;;;;;;;;;;;;;;;;;;;;;;;;;;;;;;;;;;;;;;;;;;;;;;;;;;;;;;;;;;;;;;;;;;;;;;;;;;;;;;;;;;;0;6.70;10.40;4.50;12.50;15.00;9.90;577;653;396;224;225;1303.50;;;17765482;13.00;;;;;;25.00
1507788600000;2017-10-12T07:10:00.000+0100;;;;;;;;;1.00;161.10;378.50;378.90;379.30;553.00;551.00;550.00;;;;;;;;;;;;;;;;;;;;;;;;;;;;;;;;;;;;;;;;;;;;;;;;;;;;;;;;;;;;50.00;;;;;;;;;;;;;;;;;;;;;;;;;;;;;;;;;;;;;;37.00;51.00;36.00;16.00;;;;37.00;39.00;37.00;;;;;;;;;;;;;;;;;;;;;;;;;;;;;;;;;;;;75.00;70.00;76.00;;;;;;;;;;;;;;;;;;;;;;;1177.500;;;;;;;;;;;;;;;;;;;;;;;;;;;;;;;;;;;;;;;;;;;;;;;;;;;;;;;;;;;;;;;;;;;;;;;;;;;;;;;;;;;;;;;;;;;;;;;;;;;;;;;;;;;;;;;;;;;;;;;;;;;;;;;;;;;;;;;;;;;;;;;;;;;;;;;;;;;;;;;;;;;;;;;;;;;;;;;;;;;;;;;;;;;;;;;;;;;;;;;;;;;;;;;;;;;;;;;;;;;;;;;;;;;;;;;;;;;;;;;;;;;;;;;;;;;;;;;;;;;;;;;;;;;;;;;;;;;;;;;;;;;;;;;;;;;;;;;;;;;;;;;;;;;;;;;;;;;;;;;;;;;;;;;;;;;;;;;;;;;;;;;;;;;;;;;;;;;;;;;;;;;;;;;;;;;;;;;;;;;;;;;;;;;;;;;;;;;;;;;;;;;;;;;;;;;;;;;;;;;;;;;;;;;;;;;;;;;;;;;;;;;;;;;;;;;;;;;;;;0;6.90;9.30;4.10;13.10;15.10;8.80;605;659;340;224;226;1359.40;;;17765582;13.00;;;;;;25.00
1507789200000;2017-10-12T07:20:00.000+0100;;;;;;;;;1.00;158.40;379.00;379.40;379.80;543.00;541.00;540.00;;;;;;;;;;;;;;;;;;;;;;;;;;;;;;;;;;;;;;;;;;;;;;;;;;;;;;;;;;;;50.00;;;;;;;;;;;;;;;;;;;;;;;;;;;;;;;;;;;;;;37.00;51.00;36.00;16.00;;;;36.00;39.00;37.00;;;;;;;;;;;;;;;;;;;;;;;;;;;;;;;;;;;;75.00;70.00;75.00;;;;;;;;;;;;;;;;;;;;;;;1387.500;;;;;;;;;;;;;;;;;;;;;;;;;;;;;;;;;;;;;;;;;;;;;;;;;;;;;;;;;;;;;;;;;;;;;;;;;;;;;;;;;;;;;;;;;;;;;;;;;;;;;;;;;;;;;;;;;;;;;;;;;;;;;;;;;;;;;;;;;;;;;;;;;;;;;;;;;;;;;;;;;;;;;;;;;;;;;;;;;;;;;;;;;;;;;;;;;;;;;;;;;;;;;;;;;;;;;;;;;;;;;;;;;;;;;;;;;;;;;;;;;;;;;;;;;;;;;;;;;;;;;;;;;;;;;;;;;;;;;;;;;;;;;;;;;;;;;;;;;;;;;;;;;;;;;;;;;;;;;;;;;;;;;;;;;;;;;;;;;;;;;;;;;;;;;;;;;;;;;;;;;;;;;;;;;;;;;;;;;;;;;;;;;;;;;;;;;;;;;;;;;;;;;;;;;;;;;;;;;;;;;;;;;;;;;;;;;;;;;;;;;;;;;;;;;;;;;;;;;;0;6.70;8.90;4.70;12.80;15.20;9.90;595;661;371;229;230;1328.60;;;17765682;13.00;;;;;;25.00
1507789800000;2017-10-12T07:30:00.000+0100;;;;;;;;;1.00;161.40;380.60;381.00;381.40;549.00;547.00;546.00;;;;;;;;;;;;;;;;;;;;;;;;;;;;;;;;;;;;;;;;;;;;;;;;;;;;;;;;;;;;50.00;;;;;;;;;;;;;;;;;;;;;;;;;;;;;;;;;;;;;;37.00;51.00;36.00;16.00;;;;36.00;39.00;37.00;;;;;;;;;;;;;;;;;;;;;;;;;;;;;;;;;;;;75.00;70.00;76.00;;;;;;;;;;;;;;;;;;;;;;;1262.100;;;;;;;;;;;;;;;;;;;;;;;;;;;;;;;;;;;;;;;;;;;;;;;;;;;;;;;;;;;;;;;;;;;;;;;;;;;;;;;;;;;;;;;;;;;;;;;;;;;;;;;;;;;;;;;;;;;;;;;;;;;;;;;;;;;;;;;;;;;;;;;;;;;;;;;;;;;;;;;;;;;;;;;;;;;;;;;;;;;;;;;;;;;;;;;;;;;;;;;;;;;;;;;;;;;;;;;;;;;;;;;;;;;;;;;;;;;;;;;;;;;;;;;;;;;;;;;;;;;;;;;;;;;;;;;;;;;;;;;;;;;;;;;;;;;;;;;;;;;;;;;;;;;;;;;;;;;;;;;;;;;;;;;;;;;;;;;;;;;;;;;;;;;;;;;;;;;;;;;;;;;;;;;;;;;;;;;;;;;;;;;;;;;;;;;;;;;;;;;;;;;;;;;;;;;;;;;;;;;;;;;;;;;;;;;;;;;;;;;;;;;;;;;;;;;;;;;;;;0;7.20;10.80;3.80;13.30;15.30;9.20;604;672;389;234;234;1379.20;;;17765784;13.00;;;;;;25.00
1507790400000;2017-10-12T07:40:00.000+0100;;;;;;;;;1.00;160.50;380.20;380.60;380.90;547.00;546.00;545.00;;;;;;;;;;;;;;;;;;;;;;;;;;;;;;;;;;;;;;;;;;;;;;;;;;;;;;;;;;;;50.00;;;;;;;;;;;;;;;;;;;;;;;;;;;;;;;;;;;;;;37.00;51.00;36.00;17.00;;;;36.00;39.00;36.00;;;;;;;;;;;;;;;;;;;;;;;;;;;;;;;;;;;;75.00;70.00;76.00;;;;;;;;;;;;;;;;;;;;;;;1353.500;;;;;;;;;;;;;;;;;;;;;;;;;;;;;;;;;;;;;;;;;;;;;;;;;;;;;;;;;;;;;;;;;;;;;;;;;;;;;;;;;;;;;;;;;;;;;;;;;;;;;;;;;;;;;;;;;;;;;;;;;;;;;;;;;;;;;;;;;;;;;;;;;;;;;;;;;;;;;;;;;;;;;;;;;;;;;;;;;;;;;;;;;;;;;;;;;;;;;;;;;;;;;;;;;;;;;;;;;;;;;;;;;;;;;;;;;;;;;;;;;;;;;;;;;;;;;;;;;;;;;;;;;;;;;;;;;;;;;;;;;;;;;;;;;;;;;;;;;;;;;;;;;;;;;;;;;;;;;;;;;;;;;;;;;;;;;;;;;;;;;;;;;;;;;;;;;;;;;;;;;;;;;;;;;;;;;;;;;;;;;;;;;;;;;;;;;;;;;;;;;;;;;;;;;;;;;;;;;;;;;;;;;;;;;;;;;;;;;;;;;;;;;;;;;;;;;;;;;;0;7.20;11.00;4.40;13.20;15.70;9.80;602;661;343;233;232;1369.50;;;17765884;14.00;;;;;;25.00
1507791000000;2017-10-12T07:50:00.000+0100;;;;;;;;;1.00;164.90;380.40;380.90;381.20;568.00;566.00;566.00;;;;;;;;;;;;;;;;;;;;;;;;;;;;;;;;;;;;;;;;;;;;;;;;;;;;;;;;;;;;50.00;;;;;;;;;;;;;;;;;;;;;;;;;;;;;;;;;;;;;;37.00;51.00;36.00;17.00;;;;36.00;39.00;36.00;;;;;;;;;;;;;;;;;;;;;;;;;;;;;;;;;;;;76.00;71.00;77.00;;;;;;;;;;;;;;;;;;;;;;;1542.700;;;;;;;;;;;;;;;;;;;;;;;;;;;;;;;;;;;;;;;;;;;;;;;;;;;;;;;;;;;;;;;;;;;;;;;;;;;;;;;;;;;;;;;;;;;;;;;;;;;;;;;;;;;;;;;;;;;;;;;;;;;;;;;;;;;;;;;;;;;;;;;;;;;;;;;;;;;;;;;;;;;;;;;;;;;;;;;;;;;;;;;;;;;;;;;;;;;;;;;;;;;;;;;;;;;;;;;;;;;;;;;;;;;;;;;;;;;;;;;;;;;;;;;;;;;;;;;;;;;;;;;;;;;;;;;;;;;;;;;;;;;;;;;;;;;;;;;;;;;;;;;;;;;;;;;;;;;;;;;;;;;;;;;;;;;;;;;;;;;;;;;;;;;;;;;;;;;;;;;;;;;;;;;;;;;;;;;;;;;;;;;;;;;;;;;;;;;;;;;;;;;;;;;;;;;;;;;;;;;;;;;;;;;;;;;;;;;;;;;;;;;;;;;;;;;;;;;;;;0;9.00;12.20;5.20;14.60;15.80;12.10;626;659;564;237;237;1515.30;;;17765988;14.00;;;;;;25.00
1507791600000;2017-10-12T08:00:00.000+0100;;;;;;;;;1.00;161.20;376.20;376.80;376.90;572.00;569.00;568.00;;;;;;;;;;;;;;;;;;;;;;;;;;;;;;;;;;;;;;;;;;;;;;;;;;;;;;;;;;;;50.00;;;;;;;;;;;;;;;;;;;;;;;;;;;;;;;;;;;;;;37.00;51.00;36.00;17.00;;;;36.00;39.00;36.00;;;;;;;;;;;;;;;;;;;;;;;;;;;;;;;;;;;;77.00;72.00;78.00;;;;;;;;;;;;;;;;;;;;;;;1177.200;;;;;;;;;;;;;;;;;;;;;;;;;;;;;;;;;;;;;;;;;;;;;;;;;;;;;;;;;;;;;;;;;;;;;;;;;;;;;;;;;;;;;;;;;;;;;;;;;;;;;;;;;;;;;;;;;;;;;;;;;;;;;;;;;;;;;;;;;;;;;;;;;;;;;;;;;;;;;;;;;;;;;;;;;;;;;;;;;;;;;;;;;;;;;;;;;;;;;;;;;;;;;;;;;;;;;;;;;;;;;;;;;;;;;;;;;;;;;;;;;;;;;;;;;;;;;;;;;;;;;;;;;;;;;;;;;;;;;;;;;;;;;;;;;;;;;;;;;;;;;;;;;;;;;;;;;;;;;;;;;;;;;;;;;;;;;;;;;;;;;;;;;;;;;;;;;;;;;;;;;;;;;;;;;;;;;;;;;;;;;;;;;;;;;;;;;;;;;;;;;;;;;;;;;;;;;;;;;;;;;;;;;;;;;;;;;;;;;;;;;;;;;;;;;;;;;;;;;;0;7.70;11.30;4.60;14.00;15.30;12.00;623;653;551;235;234;1457.50;;;17766090;14.00;;;;;;25.00
1507792200000;2017-10-12T08:10:00.000+0100;;;;;;;;;1.00;159.00;375.10;375.60;375.80;555.00;552.00;552.00;;;;;;;;;;;;;;;;;;;;;;;;;;;;;;;;;;;;;;;;;;;;;;;;;;;;;;;;;;;;50.00;;;;;;;;;;;;;;;;;;;;;;;;;;;;;;;;;;;;;;37.00;51.00;36.00;17.00;;;;36.00;39.00;36.00;;;;;;;;;;;;;;;;;;;;;;;;;;;;;;;;;;;;77.00;72.00;78.00;;;;;;;;;;;;;;;;;;;;;;;1315.000;;;;;;;;;;;;;;;;;;;;;;;;;;;;;;;;;;;;;;;;;;;;;;;;;;;;;;;;;;;;;;;;;;;;;;;;;;;;;;;;;;;;;;;;;;;;;;;;;;;;;;;;;;;;;;;;;;;;;;;;;;;;;;;;;;;;;;;;;;;;;;;;;;;;;;;;;;;;;;;;;;;;;;;;;;;;;;;;;;;;;;;;;;;;;;;;;;;;;;;;;;;;;;;;;;;;;;;;;;;;;;;;;;;;;;;;;;;;;;;;;;;;;;;;;;;;;;;;;;;;;;;;;;;;;;;;;;;;;;;;;;;;;;;;;;;;;;;;;;;;;;;;;;;;;;;;;;;;;;;;;;;;;;;;;;;;;;;;;;;;;;;;;;;;;;;;;;;;;;;;;;;;;;;;;;;;;;;;;;;;;;;;;;;;;;;;;;;;;;;;;;;;;;;;;;;;;;;;;;;;;;;;;;;;;;;;;;;;;;;;;;;;;;;;;;;;;;;;;;0;7.40;10.90;4.20;13.50;15.40;10.10;602;666;407;231;232;1402.40;;;17766190;14.00;;;;;;25.00
1507792800000;2017-10-12T08:20:00.000+0100;;;;;;;;;1.00;158.00;374.70;375.30;375.50;552.00;550.00;549.00;;;;;;;;;;;;;;;;;;;;;;;;;;;;;;;;;;;;;;;;;;;;;;;;;;;;;;;;;;;;50.00;;;;;;;;;;;;;;;;;;;;;;;;;;;;;;;;;;;;;;37.00;51.00;36.00;17.00;;;;36.00;39.00;36.00;;;;;;;;;;;;;;;;;;;;;;;;;;;;;;;;;;;;77.00;71.00;77.00;;;;;;;;;;;;;;;;;;;;;;;1280.400;;;;;;;;;;;;;;;;;;;;;;;;;;;;;;;;;;;;;;;;;;;;;;;;;;;;;;;;;;;;;;;;;;;;;;;;;;;;;;;;;;;;;;;;;;;;;;;;;;;;;;;;;;;;;;;;;;;;;;;;;;;;;;;;;;;;;;;;;;;;;;;;;;;;;;;;;;;;;;;;;;;;;;;;;;;;;;;;;;;;;;;;;;;;;;;;;;;;;;;;;;;;;;;;;;;;;;;;;;;;;;;;;;;;;;;;;;;;;;;;;;;;;;;;;;;;;;;;;;;;;;;;;;;;;;;;;;;;;;;;;;;;;;;;;;;;;;;;;;;;;;;;;;;;;;;;;;;;;;;;;;;;;;;;;;;;;;;;;;;;;;;;;;;;;;;;;;;;;;;;;;;;;;;;;;;;;;;;;;;;;;;;;;;;;;;;;;;;;;;;;;;;;;;;;;;;;;;;;;;;;;;;;;;;;;;;;;;;;;;;;;;;;;;;;;;;;;;;;;0;7.60;12.00;3.70;13.60;15.40;9.50;599;649;387;232;233;1419.90;;;17766292;14.00;;;;;;25.00
1507793400000;2017-10-12T08:30:00.000+0100;;;;;;;;;1.00;161.10;377.50;378.10;378.20;559.00;556.00;556.00;;;;;;;;;;;;;;;;;;;;;;;;;;;;;;;;;;;;;;;;;;;;;;;;;;;;;;;;;;;;50.00;;;;;;;;;;;;;;;;;;;;;;;;;;;;;;;;;;;;;;37.00;51.00;36.00;17.00;;;;36.00;39.00;36.00;;;;;;;;;;;;;;;;;;;;;;;;;;;;;;;;;;;;77.00;71.00;77.00;;;;;;;;;;;;;;;;;;;;;;;1338.200;;;;;;;;;;;;;;;;;;;;;;;;;;;;;;;;;;;;;;;;;;;;;;;;;;;;;;;;;;;;;;;;;;;;;;;;;;;;;;;;;;;;;;;;;;;;;;;;;;;;;;;;;;;;;;;;;;;;;;;;;;;;;;;;;;;;;;;;;;;;;;;;;;;;;;;;;;;;;;;;;;;;;;;;;;;;;;;;;;;;;;;;;;;;;;;;;;;;;;;;;;;;;;;;;;;;;;;;;;;;;;;;;;;;;;;;;;;;;;;;;;;;;;;;;;;;;;;;;;;;;;;;;;;;;;;;;;;;;;;;;;;;;;;;;;;;;;;;;;;;;;;;;;;;;;;;;;;;;;;;;;;;;;;;;;;;;;;;;;;;;;;;;;;;;;;;;;;;;;;;;;;;;;;;;;;;;;;;;;;;;;;;;;;;;;;;;;;;;;;;;;;;;;;;;;;;;;;;;;;;;;;;;;;;;;;;;;;;;;;;;;;;;;;;;;;;;;;;;;0;7.50;11.80;5.10;13.60;15.50;11.00;610;664;493;232;232;1417.90;;;17766392;14.00;;;;;;25.00
1507794000000;2017-10-12T08:40:00.000+0100;;;;;;;;;1.00;161.30;378.90;379.40;379.60;553.00;551.00;550.00;;;;;;;;;;;;;;;;;;;;;;;;;;;;;;;;;;;;;;;;;;;;;;;;;;;;;;;;;;;;50.00;;;;;;;;;;;;;;;;;;;;;;;;;;;;;;;;;;;;;;37.00;51.00;36.00;17.00;;;;36.00;39.00;36.00;;;;;;;;;;;;;;;;;;;;;;;;;;;;;;;;;;;;77.00;71.00;77.00;;;;;;;;;;;;;;;;;;;;;;;1376.800;;;;;;;;;;;;;;;;;;;;;;;;;;;;;;;;;;;;;;;;;;;;;;;;;;;;;;;;;;;;;;;;;;;;;;;;;;;;;;;;;;;;;;;;;;;;;;;;;;;;;;;;;;;;;;;;;;;;;;;;;;;;;;;;;;;;;;;;;;;;;;;;;;;;;;;;;;;;;;;;;;;;;;;;;;;;;;;;;;;;;;;;;;;;;;;;;;;;;;;;;;;;;;;;;;;;;;;;;;;;;;;;;;;;;;;;;;;;;;;;;;;;;;;;;;;;;;;;;;;;;;;;;;;;;;;;;;;;;;;;;;;;;;;;;;;;;;;;;;;;;;;;;;;;;;;;;;;;;;;;;;;;;;;;;;;;;;;;;;;;;;;;;;;;;;;;;;;;;;;;;;;;;;;;;;;;;;;;;;;;;;;;;;;;;;;;;;;;;;;;;;;;;;;;;;;;;;;;;;;;;;;;;;;;;;;;;;;;;;;;;;;;;;;;;;;;;;;;;;0;7.60;12.40;4.10;13.30;15.60;10.70;606;672;399;239;238;1384.50;;;17766494;14.00;;;;;;26.00
1507794600000;2017-10-12T08:50:00.000+0100;;;;;;;;;1.00;163.80;378.00;378.50;378.60;573.00;571.00;570.00;;;;;;;;;;;;;;;;;;;;;;;;;;;;;;;;;;;;;;;;;;;;;;;;;;;;;;;;;;;;50.00;;;;;;;;;;;;;;;;;;;;;;;;;;;;;;;;;;;;;;37.00;51.00;36.00;17.00;;;;36.00;39.00;37.00;;;;;;;;;;;;;;;;;;;;;;;;;;;;;;;;;;;;77.00;72.00;78.00;;;;;;;;;;;;;;;;;;;;;;;1481.000;;;;;;;;;;;;;;;;;;;;;;;;;;;;;;;;;;;;;;;;;;;;;;;;;;;;;;;;;;;;;;;;;;;;;;;;;;;;;;;;;;;;;;;;;;;;;;;;;;;;;;;;;;;;;;;;;;;;;;;;;;;;;;;;;;;;;;;;;;;;;;;;;;;;;;;;;;;;;;;;;;;;;;;;;;;;;;;;;;;;;;;;;;;;;;;;;;;;;;;;;;;;;;;;;;;;;;;;;;;;;;;;;;;;;;;;;;;;;;;;;;;;;;;;;;;;;;;;;;;;;;;;;;;;;;;;;;;;;;;;;;;;;;;;;;;;;;;;;;;;;;;;;;;;;;;;;;;;;;;;;;;;;;;;;;;;;;;;;;;;;;;;;;;;;;;;;;;;;;;;;;;;;;;;;;;;;;;;;;;;;;;;;;;;;;;;;;;;;;;;;;;;;;;;;;;;;;;;;;;;;;;;;;;;;;;;;;;;;;;;;;;;;;;;;;;;;;;;;;0;8.90;12.20;5.50;14.60;15.60;12.70;627;652;597;241;243;1523.70;;;17766598;14.00;;;;;;26.00
1507795200000;2017-10-12T09:00:00.000+0100;;;;;;;;;1.00;162.40;375.60;376.10;376.30;576.00;573.00;573.00;;;;;;;;;;;;;;;;;;;;;;;;;;;;;;;;;;;;;;;;;;;;;;;;;;;;;;;;;;;;50.00;;;;;;;;;;;;;;;;;;;;;;;;;;;;;;;;;;;;;;37.00;52.00;36.00;17.00;;;;36.00;39.00;37.00;;;;;;;;;;;;;;;;;;;;;;;;;;;;;;;;;;;;78.00;73.00;79.00;;;;;;;;;;;;;;;;;;;;;;;1789.400;;;;;;;;;;;;;;;;;;;;;;;;;;;;;;;;;;;;;;;;;;;;;;;;;;;;;;;;;;;;;;;;;;;;;;;;;;;;;;;;;;;;;;;;;;;;;;;;;;;;;;;;;;;;;;;;;;;;;;;;;;;;;;;;;;;;;;;;;;;;;;;;;;;;;;;;;;;;;;;;;;;;;;;;;;;;;;;;;;;;;;;;;;;;;;;;;;;;;;;;;;;;;;;;;;;;;;;;;;;;;;;;;;;;;;;;;;;;;;;;;;;;;;;;;;;;;;;;;;;;;;;;;;;;;;;;;;;;;;;;;;;;;;;;;;;;;;;;;;;;;;;;;;;;;;;;;;;;;;;;;;;;;;;;;;;;;;;;;;;;;;;;;;;;;;;;;;;;;;;;;;;;;;;;;;;;;;;;;;;;;;;;;;;;;;;;;;;;;;;;;;;;;;;;;;;;;;;;;;;;;;;;;;;;;;;;;;;;;;;;;;;;;;;;;;;;;;;;;;0;10.00;12.50;6.50;14.90;15.60;13.90;627;654;593;244;244;1549.40;;;17766702;14.00;;;;;;26.00
1507795800000;2017-10-12T09:10:00.000+0100;;;;;;;;;1.00;161.70;377.60;378.00;378.20;571.00;569.00;568.00;;;;;;;;;;;;;;;;;;;;;;;;;;;;;;;;;;;;;;;;;;;;;;;;;;;;;;;;;;;;50.00;;;;;;;;;;;;;;;;;;;;;;;;;;;;;;;;;;;;;;37.00;52.00;36.00;17.00;;;;37.00;39.00;37.00;;;;;;;;;;;;;;;;;;;;;;;;;;;;;;;;;;;;79.00;73.00;80.00;;;;;;;;;;;;;;;;;;;;;;;1926.300;;;;;;;;;;;;;;;;;;;;;;;;;;;;;;;;;;;;;;;;;;;;;;;;;;;;;;;;;;;;;;;;;;;;;;;;;;;;;;;;;;;;;;;;;;;;;;;;;;;;;;;;;;;;;;;;;;;;;;;;;;;;;;;;;;;;;;;;;;;;;;;;;;;;;;;;;;;;;;;;;;;;;;;;;;;;;;;;;;;;;;;;;;;;;;;;;;;;;;;;;;;;;;;;;;;;;;;;;;;;;;;;;;;;;;;;;;;;;;;;;;;;;;;;;;;;;;;;;;;;;;;;;;;;;;;;;;;;;;;;;;;;;;;;;;;;;;;;;;;;;;;;;;;;;;;;;;;;;;;;;;;;;;;;;;;;;;;;;;;;;;;;;;;;;;;;;;;;;;;;;;;;;;;;;;;;;;;;;;;;;;;;;;;;;;;;;;;;;;;;;;;;;;;;;;;;;;;;;;;;;;;;;;;;;;;;;;;;;;;;;;;;;;;;;;;;;;;;;;0;11.30;15.20;8.40;14.90;15.70;14.20;625;658;551;244;245;1550.40;;;17766808;14.00;;;;;;26.00
1507796400000;2017-10-12T09:20:00.000+0100;;;;;;;;;1.00;160.10;378.00;378.50;378.60;564.00;561.00;561.00;;;;;;;;;;;;;;;;;;;;;;;;;;;;;;;;;;;;;;;;;;;;;;;;;;;;;;;;;;;;50.00;;;;;;;;;;;;;;;;;;;;;;;;;;;;;;;;;;;;;;37.00;52.00;36.00;17.00;;;;37.00;39.00;37.00;;;;;;;;;;;;;;;;;;;;;;;;;;;;;;;;;;;;80.00;74.00;80.00;;;;;;;;;;;;;;;;;;;;;;;1865.700;;;;;;;;;;;;;;;;;;;;;;;;;;;;;;;;;;;;;;;;;;;;;;;;;;;;;;;;;;;;;;;;;;;;;;;;;;;;;;;;;;;;;;;;;;;;;;;;;;;;;;;;;;;;;;;;;;;;;;;;;;;;;;;;;;;;;;;;;;;;;;;;;;;;;;;;;;;;;;;;;;;;;;;;;;;;;;;;;;;;;;;;;;;;;;;;;;;;;;;;;;;;;;;;;;;;;;;;;;;;;;;;;;;;;;;;;;;;;;;;;;;;;;;;;;;;;;;;;;;;;;;;;;;;;;;;;;;;;;;;;;;;;;;;;;;;;;;;;;;;;;;;;;;;;;;;;;;;;;;;;;;;;;;;;;;;;;;;;;;;;;;;;;;;;;;;;;;;;;;;;;;;;;;;;;;;;;;;;;;;;;;;;;;;;;;;;;;;;;;;;;;;;;;;;;;;;;;;;;;;;;;;;;;;;;;;;;;;;;;;;;;;;;;;;;;;;;;;;;0;10.90;15.10;6.20;14.90;15.60;14.20;616;655;423;249;248;1550.30;;;17766910;15.00;;;;;;26.00
1507797000000;2017-10-12T09:30:00.000+0100;;;;;;;;;1.00;123.60;374.90;375.50;375.40;381.00;380.00;378.00;;;;;;;;;;;;;;;;;;;;;;;;;;;;;;;;;;;;;;;;;;;;;;;;;;;;;;;;;;;;50.00;;;;;;;;;;;;;;;;;;;;;;;;;;;;;;;;;;;;;;37.00;52.00;36.00;18.00;;;;37.00;39.00;37.00;;;;;;;;;;;;;;;;;;;;;;;;;;;;;;;;;;;;79.00;73.00;80.00;;;;;;;;;;;;;;;;;;;;;;;1975.400;;;;;;;;;;;;;;;;;;;;;;;;;;;;;;;;;;;;;;;;;;;;;;;;;;;;;;;;;;;;;;;;;;;;;;;;;;;;;;;;;;;;;;;;;;;;;;;;;;;;;;;;;;;;;;;;;;;;;;;;;;;;;;;;;;;;;;;;;;;;;;;;;;;;;;;;;;;;;;;;;;;;;;;;;;;;;;;;;;;;;;;;;;;;;;;;;;;;;;;;;;;;;;;;;;;;;;;;;;;;;;;;;;;;;;;;;;;;;;;;;;;;;;;;;;;;;;;;;;;;;;;;;;;;;;;;;;;;;;;;;;;;;;;;;;;;;;;;;;;;;;;;;;;;;;;;;;;;;;;;;;;;;;;;;;;;;;;;;;;;;;;;;;;;;;;;;;;;;;;;;;;;;;;;;;;;;;;;;;;;;;;;;;;;;;;;;;;;;;;;;;;;;;;;;;;;;;;;;;;;;;;;;;;;;;;;;;;;;;;;;;;;;;;;;;;;;;;;;;0;12.30;17.10;8.40;14.90;15.70;14.20;408;482;130;252;252;1549.70;;;17766978;15.00;;;;;;26.00
1507797600000;2017-10-12T09:40:00.000+0100;;;;;;;;;0.90;90.90;373.10;373.70;373.70;205.00;204.00;202.00;;;;;;;;;;;;;;;;;;;;;;;;;;;;;;;;;;;;;;;;;;;;;;;;;;;;;;;;;;;;50.00;;;;;;;;;;;;;;;;;;;;;;;;;;;;;;;;;;;;;;37.00;51.00;35.00;18.00;;;;36.00;39.00;36.00;;;;;;;;;;;;;;;;;;;;;;;;;;;;;;;;;;;;79.00;73.00;79.00;;;;;;;;;;;;;;;;;;;;;;;1896.600;;;;;;;;;;;;;;;;;;;;;;;;;;;;;;;;;;;;;;;;;;;;;;;;;;;;;;;;;;;;;;;;;;;;;;;;;;;;;;;;;;;;;;;;;;;;;;;;;;;;;;;;;;;;;;;;;;;;;;;;;;;;;;;;;;;;;;;;;;;;;;;;;;;;;;;;;;;;;;;;;;;;;;;;;;;;;;;;;;;;;;;;;;;;;;;;;;;;;;;;;;;;;;;;;;;;;;;;;;;;;;;;;;;;;;;;;;;;;;;;;;;;;;;;;;;;;;;;;;;;;;;;;;;;;;;;;;;;;;;;;;;;;;;;;;;;;;;;;;;;;;;;;;;;;;;;;;;;;;;;;;;;;;;;;;;;;;;;;;;;;;;;;;;;;;;;;;;;;;;;;;;;;;;;;;;;;;;;;;;;;;;;;;;;;;;;;;;;;;;;;;;;;;;;;;;;;;;;;;;;;;;;;;;;;;;;;;;;;;;;;;;;;;;;;;;;;;;;;;0;11.40;14.60;7.10;14.90;15.80;14.10;209;282;138;256;257;1550.30;;;17767012;15.00;;;;;;26.00
1507798200000;2017-10-12T09:50:00.000+0100;;;;;;;;;0.90;90.10;376.10;376.80;376.90;204.00;203.00;200.00;;;;;;;;;;;;;;;;;;;;;;;;;;;;;;;;;;;;;;;;;;;;;;;;;;;;;;;;;;;;50.00;;;;;;;;;;;;;;;;;;;;;;;;;;;;;;;;;;;;;;37.00;51.00;35.00;18.00;;;;35.00;38.00;35.00;;;;;;;;;;;;;;;;;;;;;;;;;;;;;;;;;;;;78.00;72.00;79.00;;;;;;;;;;;;;;;;;;;;;;;1863.800;;;;;;;;;;;;;;;;;;;;;;;;;;;;;;;;;;;;;;;;;;;;;;;;;;;;;;;;;;;;;;;;;;;;;;;;;;;;;;;;;;;;;;;;;;;;;;;;;;;;;;;;;;;;;;;;;;;;;;;;;;;;;;;;;;;;;;;;;;;;;;;;;;;;;;;;;;;;;;;;;;;;;;;;;;;;;;;;;;;;;;;;;;;;;;;;;;;;;;;;;;;;;;;;;;;;;;;;;;;;;;;;;;;;;;;;;;;;;;;;;;;;;;;;;;;;;;;;;;;;;;;;;;;;;;;;;;;;;;;;;;;;;;;;;;;;;;;;;;;;;;;;;;;;;;;;;;;;;;;;;;;;;;;;;;;;;;;;;;;;;;;;;;;;;;;;;;;;;;;;;;;;;;;;;;;;;;;;;;;;;;;;;;;;;;;;;;;;;;;;;;;;;;;;;;;;;;;;;;;;;;;;;;;;;;;;;;;;;;;;;;;;;;;;;;;;;;;;;;0;11.20;14.30;5.30;14.80;15.60;13.20;209;248;162;257;258;1542.80;;;17767048;15.00;;;;;;26.00
1507798800000;2017-10-12T10:00:00.000+0100;;;;;;;;;0.90;90.90;376.20;376.70;376.80;202.00;200.00;198.00;;;;;;;;;;;;;;;;;;;;;;;;;;;;;;;;;;;;;;;;;;;;;;;;;;;;;;;;;;;;50.00;;;;;;;;;;;;;;;;;;;;;;;;;;;;;;;;;;;;;;37.00;50.00;35.00;18.00;;;;35.00;37.00;35.00;;;;;;;;;;;;;;;;;;;;;;;;;;;;;;;;;;;;77.00;72.00;78.00;;;;;;;;;;;;;;;;;;;;;;;1734.800;;;;;;;;;;;;;;;;;;;;;;;;;;;;;;;;;;;;;;;;;;;;;;;;;;;;;;;;;;;;;;;;;;;;;;;;;;;;;;;;;;;;;;;;;;;;;;;;;;;;;;;;;;;;;;;;;;;;;;;;;;;;;;;;;;;;;;;;;;;;;;;;;;;;;;;;;;;;;;;;;;;;;;;;;;;;;;;;;;;;;;;;;;;;;;;;;;;;;;;;;;;;;;;;;;;;;;;;;;;;;;;;;;;;;;;;;;;;;;;;;;;;;;;;;;;;;;;;;;;;;;;;;;;;;;;;;;;;;;;;;;;;;;;;;;;;;;;;;;;;;;;;;;;;;;;;;;;;;;;;;;;;;;;;;;;;;;;;;;;;;;;;;;;;;;;;;;;;;;;;;;;;;;;;;;;;;;;;;;;;;;;;;;;;;;;;;;;;;;;;;;;;;;;;;;;;;;;;;;;;;;;;;;;;;;;;;;;;;;;;;;;;;;;;;;;;;;;;;;0;10.40;13.80;4.80;14.70;15.60;11.20;207;237;113;257;258;1533.20;;;17767082;15.00;;;;;;26.00
1507799400000;2017-10-12T10:10:00.000+0100;;;;;;;;;0.90;89.80;376.30;376.80;377.10;201.00;201.00;198.00;;;;;;;;;;;;;;;;;;;;;;;;;;;;;;;;;;;;;;;;;;;;;;;;;;;;;;;;;;;;50.00;;;;;;;;;;;;;;;;;;;;;;;;;;;;;;;;;;;;;;37.00;50.00;35.00;18.00;;;;34.00;37.00;34.00;;;;;;;;;;;;;;;;;;;;;;;;;;;;;;;;;;;;77.00;71.00;78.00;;;;;;;;;;;;;;;;;;;;;;;1815.900;;;;;;;;;;;;;;;;;;;;;;;;;;;;;;;;;;;;;;;;;;;;;;;;;;;;;;;;;;;;;;;;;;;;;;;;;;;;;;;;;;;;;;;;;;;;;;;;;;;;;;;;;;;;;;;;;;;;;;;;;;;;;;;;;;;;;;;;;;;;;;;;;;;;;;;;;;;;;;;;;;;;;;;;;;;;;;;;;;;;;;;;;;;;;;;;;;;;;;;;;;;;;;;;;;;;;;;;;;;;;;;;;;;;;;;;;;;;;;;;;;;;;;;;;;;;;;;;;;;;;;;;;;;;;;;;;;;;;;;;;;;;;;;;;;;;;;;;;;;;;;;;;;;;;;;;;;;;;;;;;;;;;;;;;;;;;;;;;;;;;;;;;;;;;;;;;;;;;;;;;;;;;;;;;;;;;;;;;;;;;;;;;;;;;;;;;;;;;;;;;;;;;;;;;;;;;;;;;;;;;;;;;;;;;;;;;;;;;;;;;;;;;;;;;;;;;;;;;;0;11.10;14.80;7.40;14.90;15.80;14.20;207;233;174;257;257;1551.20;;;17767116;15.00;;;;;;26.00
1507800000000;2017-10-12T10:20:00.000+0100;;;;;;;;;0.90;90.40;377.90;378.40;378.60;202.00;201.00;198.00;;;;;;;;;;;;;;;;;;;;;;;;;;;;;;;;;;;;;;;;;;;;;;;;;;;;;;;;;;;;50.00;;;;;;;;;;;;;;;;;;;;;;;;;;;;;;;;;;;;;;37.00;50.00;35.00;18.00;;;;34.00;36.00;34.00;;;;;;;;;;;;;;;;;;;;;;;;;;;;;;;;;;;;77.00;72.00;78.00;;;;;;;;;;;;;;;;;;;;;;;1967.700;;;;;;;;;;;;;;;;;;;;;;;;;;;;;;;;;;;;;;;;;;;;;;;;;;;;;;;;;;;;;;;;;;;;;;;;;;;;;;;;;;;;;;;;;;;;;;;;;;;;;;;;;;;;;;;;;;;;;;;;;;;;;;;;;;;;;;;;;;;;;;;;;;;;;;;;;;;;;;;;;;;;;;;;;;;;;;;;;;;;;;;;;;;;;;;;;;;;;;;;;;;;;;;;;;;;;;;;;;;;;;;;;;;;;;;;;;;;;;;;;;;;;;;;;;;;;;;;;;;;;;;;;;;;;;;;;;;;;;;;;;;;;;;;;;;;;;;;;;;;;;;;;;;;;;;;;;;;;;;;;;;;;;;;;;;;;;;;;;;;;;;;;;;;;;;;;;;;;;;;;;;;;;;;;;;;;;;;;;;;;;;;;;;;;;;;;;;;;;;;;;;;;;;;;;;;;;;;;;;;;;;;;;;;;;;;;;;;;;;;;;;;;;;;;;;;;;;;;;0;13.60;19.20;8.60;14.90;15.80;14.00;208;248;158;258;258;1550.80;;;17767150;15.00;;;;;;27.00
1507800600000;2017-10-12T10:30:00.000+0100;;;;;;;;;0.90;90.80;378.60;379.20;379.40;201.00;200.00;198.00;;;;;;;;;;;;;;;;;;;;;;;;;;;;;;;;;;;;;;;;;;;;;;;;;;;;;;;;;;;;50.00;;;;;;;;;;;;;;;;;;;;;;;;;;;;;;;;;;;;;;37.00;50.00;35.00;18.00;;;;33.00;36.00;33.00;;;;;;;;;;;;;;;;;;;;;;;;;;;;;;;;;;;;77.00;71.00;78.00;;;;;;;;;;;;;;;;;;;;;;;2000.000;;;;;;;;;;;;;;;;;;;;;;;;;;;;;;;;;;;;;;;;;;;;;;;;;;;;;;;;;;;;;;;;;;;;;;;;;;;;;;;;;;;;;;;;;;;;;;;;;;;;;;;;;;;;;;;;;;;;;;;;;;;;;;;;;;;;;;;;;;;;;;;;;;;;;;;;;;;;;;;;;;;;;;;;;;;;;;;;;;;;;;;;;;;;;;;;;;;;;;;;;;;;;;;;;;;;;;;;;;;;;;;;;;;;;;;;;;;;;;;;;;;;;;;;;;;;;;;;;;;;;;;;;;;;;;;;;;;;;;;;;;;;;;;;;;;;;;;;;;;;;;;;;;;;;;;;;;;;;;;;;;;;;;;;;;;;;;;;;;;;;;;;;;;;;;;;;;;;;;;;;;;;;;;;;;;;;;;;;;;;;;;;;;;;;;;;;;;;;;;;;;;;;;;;;;;;;;;;;;;;;;;;;;;;;;;;;;;;;;;;;;;;;;;;;;;;;;;;;;0;14.20;19.10;8.10;14.90;15.70;13.90;207;249;158;257;257;1550.20;;;17767186;15.00;;;;;;27.00
1507801200000;2017-10-12T10:40:00.000+0100;;;;;;;;;0.90;88.30;376.40;377.00;377.10;197.00;196.00;194.00;;;;;;;;;;;;;;;;;;;;;;;;;;;;;;;;;;;;;;;;;;;;;;;;;;;;;;;;;;;;50.00;;;;;;;;;;;;;;;;;;;;;;;;;;;;;;;;;;;;;;37.00;50.00;35.00;18.00;;;;33.00;36.00;33.00;;;;;;;;;;;;;;;;;;;;;;;;;;;;;;;;;;;;77.00;71.00;78.00;;;;;;;;;;;;;;;;;;;;;;;1998.700;;;;;;;;;;;;;;;;;;;;;;;;;;;;;;;;;;;;;;;;;;;;;;;;;;;;;;;;;;;;;;;;;;;;;;;;;;;;;;;;;;;;;;;;;;;;;;;;;;;;;;;;;;;;;;;;;;;;;;;;;;;;;;;;;;;;;;;;;;;;;;;;;;;;;;;;;;;;;;;;;;;;;;;;;;;;;;;;;;;;;;;;;;;;;;;;;;;;;;;;;;;;;;;;;;;;;;;;;;;;;;;;;;;;;;;;;;;;;;;;;;;;;;;;;;;;;;;;;;;;;;;;;;;;;;;;;;;;;;;;;;;;;;;;;;;;;;;;;;;;;;;;;;;;;;;;;;;;;;;;;;;;;;;;;;;;;;;;;;;;;;;;;;;;;;;;;;;;;;;;;;;;;;;;;;;;;;;;;;;;;;;;;;;;;;;;;;;;;;;;;;;;;;;;;;;;;;;;;;;;;;;;;;;;;;;;;;;;;;;;;;;;;;;;;;;;;;;;;;0;14.30;19.60;9.80;14.90;16.20;13.90;202;242;36;260;259;1550.80;;;17767220;15.00;;;;;;27.00
1507801800000;2017-10-12T10:50:00.000+0100;;;;;;;;;0.90;89.30;373.90;374.60;374.70;203.00;202.00;199.00;;;;;;;;;;;;;;;;;;;;;;;;;;;;;;;;;;;;;;;;;;;;;;;;;;;;;;;;;;;;50.00;;;;;;;;;;;;;;;;;;;;;;;;;;;;;;;;;;;;;;37.00;50.00;35.00;18.00;;;;33.00;35.00;33.00;;;;;;;;;;;;;;;;;;;;;;;;;;;;;;;;;;;;77.00;71.00;78.00;;;;;;;;;;;;;;;;;;;;;;;1969.500;;;;;;;;;;;;;;;;;;;;;;;;;;;;;;;;;;;;;;;;;;;;;;;;;;;;;;;;;;;;;;;;;;;;;;;;;;;;;;;;;;;;;;;;;;;;;;;;;;;;;;;;;;;;;;;;;;;;;;;;;;;;;;;;;;;;;;;;;;;;;;;;;;;;;;;;;;;;;;;;;;;;;;;;;;;;;;;;;;;;;;;;;;;;;;;;;;;;;;;;;;;;;;;;;;;;;;;;;;;;;;;;;;;;;;;;;;;;;;;;;;;;;;;;;;;;;;;;;;;;;;;;;;;;;;;;;;;;;;;;;;;;;;;;;;;;;;;;;;;;;;;;;;;;;;;;;;;;;;;;;;;;;;;;;;;;;;;;;;;;;;;;;;;;;;;;;;;;;;;;;;;;;;;;;;;;;;;;;;;;;;;;;;;;;;;;;;;;;;;;;;;;;;;;;;;;;;;;;;;;;;;;;;;;;;;;;;;;;;;;;;;;;;;;;;;;;;;;;;0;14.30;18.90;7.60;14.90;16.00;14.10;207;254;154;257;258;1548.40;;;17767254;15.00;;;;;;27.00
1507802400000;2017-10-12T11:00:00.000+0100;;;;;;;;;0.90;89.50;374.30;375.00;375.10;204.00;203.00;200.00;;;;;;;;;;;;;;;;;;;;;;;;;;;;;;;;;;;;;;;;;;;;;;;;;;;;;;;;;;;;50.00;;;;;;;;;;;;;;;;;;;;;;;;;;;;;;;;;;;;;;37.00;49.00;35.00;18.00;;;;33.00;35.00;33.00;;;;;;;;;;;;;;;;;;;;;;;;;;;;;;;;;;;;77.00;71.00;78.00;;;;;;;;;;;;;;;;;;;;;;;1991.700;;;;;;;;;;;;;;;;;;;;;;;;;;;;;;;;;;;;;;;;;;;;;;;;;;;;;;;;;;;;;;;;;;;;;;;;;;;;;;;;;;;;;;;;;;;;;;;;;;;;;;;;;;;;;;;;;;;;;;;;;;;;;;;;;;;;;;;;;;;;;;;;;;;;;;;;;;;;;;;;;;;;;;;;;;;;;;;;;;;;;;;;;;;;;;;;;;;;;;;;;;;;;;;;;;;;;;;;;;;;;;;;;;;;;;;;;;;;;;;;;;;;;;;;;;;;;;;;;;;;;;;;;;;;;;;;;;;;;;;;;;;;;;;;;;;;;;;;;;;;;;;;;;;;;;;;;;;;;;;;;;;;;;;;;;;;;;;;;;;;;;;;;;;;;;;;;;;;;;;;;;;;;;;;;;;;;;;;;;;;;;;;;;;;;;;;;;;;;;;;;;;;;;;;;;;;;;;;;;;;;;;;;;;;;;;;;;;;;;;;;;;;;;;;;;;;;;;;;;0;12.90;19.90;9.40;14.90;15.90;14.00;209;255;156;259;258;1549.50;;;17767288;15.00;;;;;;27.00
1507803000000;2017-10-12T11:10:00.000+0100;;;;;;;;;0.70;73.00;373.40;374.10;374.20;169.00;169.00;166.00;;;;;;;;;;;;;;;;;;;;;;;;;;;;;;;;;;;;;;;;;;;;;;;;;;;;;;;;;;;;50.00;;;;;;;;;;;;;;;;;;;;;;;;;;;;;;;;;;;;;;37.00;49.00;35.00;18.00;;;;32.00;35.00;33.00;;;;;;;;;;;;;;;;;;;;;;;;;;;;;;;;;;;;77.00;71.00;77.00;;;;;;;;;;;;;;;;;;;;;;;1990.100;;;;;;;;;;;;;;;;;;;;;;;;;;;;;;;;;;;;;;;;;;;;;;;;;;;;;;;;;;;;;;;;;;;;;;;;;;;;;;;;;;;;;;;;;;;;;;;;;;;;;;;;;;;;;;;;;;;;;;;;;;;;;;;;;;;;;;;;;;;;;;;;;;;;;;;;;;;;;;;;;;;;;;;;;;;;;;;;;;;;;;;;;;;;;;;;;;;;;;;;;;;;;;;;;;;;;;;;;;;;;;;;;;;;;;;;;;;;;;;;;;;;;;;;;;;;;;;;;;;;;;;;;;;;;;;;;;;;;;;;;;;;;;;;;;;;;;;;;;;;;;;;;;;;;;;;;;;;;;;;;;;;;;;;;;;;;;;;;;;;;;;;;;;;;;;;;;;;;;;;;;;;;;;;;;;;;;;;;;;;;;;;;;;;;;;;;;;;;;;;;;;;;;;;;;;;;;;;;;;;;;;;;;;;;;;;;;;;;;;;;;;;;;;;;;;;;;;;;;309;13.30;17.10;9.10;13.30;15.90;0.70;170;236;-32;257;256;1386.90;;;17767318;15.00;;;;;;27.00
1507803600000;2017-10-12T11:20:00.000+0100;;;;;;;;;-1.00;0.00;375.60;376.70;376.60;12.00;16.00;16.00;;;;;;;;;;;;;;;;;;;;;;;;;;;;;;;;;;;;;;;;;;;;;;;;;;;;;;;;;;;;50.00;;;;;;;;;;;;;;;;;;;;;;;;;;;;;;;;;;;;;;36.00;49.00;34.00;16.00;;;;32.00;35.00;32.00;;;;;;;;;;;;;;;;;;;;;;;;;;;;;;;;;;;;68.00;63.00;70.00;;;;;;;;;;;;;;;;;;;;;;;1934.100;;;;;;;;;;;;;;;;;;;;;;;;;;;;;;;;;;;;;;;;;;;;;;;;;;;;;;;;;;;;;;;;;;;;;;;;;;;;;;;;;;;;;;;;;;;;;;;;;;;;;;;;;;;;;;;;;;;;;;;;;;;;;;;;;;;;;;;;;;;;;;;;;;;;;;;;;;;;;;;;;;;;;;;;;;;;;;;;;;;;;;;;;;;;;;;;;;;;;;;;;;;;;;;;;;;;;;;;;;;;;;;;;;;;;;;;;;;;;;;;;;;;;;;;;;;;;;;;;;;;;;;;;;;;;;;;;;;;;;;;;;;;;;;;;;;;;;;;;;;;;;;;;;;;;;;;;;;;;;;;;;;;;;;;;;;;;;;;;;;;;;;;;;;;;;;;;;;;;;;;;;;;;;;;;;;;;;;;;;;;;;;;;;;;;;;;;;;;;;;;;;;;;;;;;;;;;;;;;;;;;;;;;;;;;;;;;;;;;;;;;;;;;;;;;;;;;;;;;;309;12.80;17.80;8.40;0.90;1.40;0.40;-13;-12;-37;259;259;91.60;;;17767318;15.00;;;;;;26.00
1507804200000;2017-10-12T11:30:00.000+0100;;;;;;;;;-1.00;0.00;377.00;378.00;378.00;12.00;15.00;16.00;;;;;;;;;;;;;;;;;;;;;;;;;;;;;;;;;;;;;;;;;;;;;;;;;;;;;;;;;;;;50.00;;;;;;;;;;;;;;;;;;;;;;;;;;;;;;;;;;;;;;35.00;48.00;34.00;16.00;;;;32.00;34.00;32.00;;;;;;;;;;;;;;;;;;;;;;;;;;;;;;;;;;;;58.00;55.00;60.00;;;;;;;;;;;;;;;;;;;;;;;1979.500;;;;;;;;;;;;;;;;;;;;;;;;;;;;;;;;;;;;;;;;;;;;;;;;;;;;;;;;;;;;;;;;;;;;;;;;;;;;;;;;;;;;;;;;;;;;;;;;;;;;;;;;;;;;;;;;;;;;;;;;;;;;;;;;;;;;;;;;;;;;;;;;;;;;;;;;;;;;;;;;;;;;;;;;;;;;;;;;;;;;;;;;;;;;;;;;;;;;;;;;;;;;;;;;;;;;;;;;;;;;;;;;;;;;;;;;;;;;;;;;;;;;;;;;;;;;;;;;;;;;;;;;;;;;;;;;;;;;;;;;;;;;;;;;;;;;;;;;;;;;;;;;;;;;;;;;;;;;;;;;;;;;;;;;;;;;;;;;;;;;;;;;;;;;;;;;;;;;;;;;;;;;;;;;;;;;;;;;;;;;;;;;;;;;;;;;;;;;;;;;;;;;;;;;;;;;;;;;;;;;;;;;;;;;;;;;;;;;;;;;;;;;;;;;;;;;;;;;;;309;13.20;18.40;9.40;0.90;1.50;0.20;-12;-12;-32;259;257;92.50;;;17767318;15.00;;;;;;26.00
1507804800000;2017-10-12T11:40:00.000+0100;;;;;;;;;-1.00;0.00;376.80;377.70;377.80;12.00;15.00;15.00;;;;;;;;;;;;;;;;;;;;;;;;;;;;;;;;;;;;;;;;;;;;;;;;;;;;;;;;;;;;50.00;;;;;;;;;;;;;;;;;;;;;;;;;;;;;;;;;;;;;;34.00;48.00;34.00;16.00;;;;31.00;34.00;32.00;;;;;;;;;;;;;;;;;;;;;;;;;;;;;;;;;;;;51.00;49.00;52.00;;;;;;;;;;;;;;;;;;;;;;;1980.200;;;;;;;;;;;;;;;;;;;;;;;;;;;;;;;;;;;;;;;;;;;;;;;;;;;;;;;;;;;;;;;;;;;;;;;;;;;;;;;;;;;;;;;;;;;;;;;;;;;;;;;;;;;;;;;;;;;;;;;;;;;;;;;;;;;;;;;;;;;;;;;;;;;;;;;;;;;;;;;;;;;;;;;;;;;;;;;;;;;;;;;;;;;;;;;;;;;;;;;;;;;;;;;;;;;;;;;;;;;;;;;;;;;;;;;;;;;;;;;;;;;;;;;;;;;;;;;;;;;;;;;;;;;;;;;;;;;;;;;;;;;;;;;;;;;;;;;;;;;;;;;;;;;;;;;;;;;;;;;;;;;;;;;;;;;;;;;;;;;;;;;;;;;;;;;;;;;;;;;;;;;;;;;;;;;;;;;;;;;;;;;;;;;;;;;;;;;;;;;;;;;;;;;;;;;;;;;;;;;;;;;;;;;;;;;;;;;;;;;;;;;;;;;;;;;;;;;;;;309;13.90;20.40;8.20;1.00;1.60;0.60;-12;-12;-32;259;259;102.30;;;17767318;15.00;;;;;;26.00
1507805400000;2017-10-12T11:50:00.000+0100;;;;;;;;;-1.00;0.00;372.50;373.50;373.40;12.00;16.00;17.00;;;;;;;;;;;;;;;;;;;;;;;;;;;;;;;;;;;;;;;;;;;;;;;;;;;;;;;;;;;;50.00;;;;;;;;;;;;;;;;;;;;;;;;;;;;;;;;;;;;;;34.00;47.00;34.00;16.00;;;;31.00;34.00;31.00;;;;;;;;;;;;;;;;;;;;;;;;;;;;;;;;;;;;46.00;45.00;48.00;;;;;;;;;;;;;;;;;;;;;;;1997.800;;;;;;;;;;;;;;;;;;;;;;;;;;;;;;;;;;;;;;;;;;;;;;;;;;;;;;;;;;;;;;;;;;;;;;;;;;;;;;;;;;;;;;;;;;;;;;;;;;;;;;;;;;;;;;;;;;;;;;;;;;;;;;;;;;;;;;;;;;;;;;;;;;;;;;;;;;;;;;;;;;;;;;;;;;;;;;;;;;;;;;;;;;;;;;;;;;;;;;;;;;;;;;;;;;;;;;;;;;;;;;;;;;;;;;;;;;;;;;;;;;;;;;;;;;;;;;;;;;;;;;;;;;;;;;;;;;;;;;;;;;;;;;;;;;;;;;;;;;;;;;;;;;;;;;;;;;;;;;;;;;;;;;;;;;;;;;;;;;;;;;;;;;;;;;;;;;;;;;;;;;;;;;;;;;;;;;;;;;;;;;;;;;;;;;;;;;;;;;;;;;;;;;;;;;;;;;;;;;;;;;;;;;;;;;;;;;;;;;;;;;;;;;;;;;;;;;;;;;309;14.30;18.70;9.70;1.00;1.70;0.20;-13;-12;-32;263;264;98.80;;;17767318;14.00;;;;;;25.00
1507806000000;2017-10-12T12:00:00.000+0100;;;;;;;;;-1.00;0.00;376.30;377.30;377.30;12.00;16.00;16.00;;;;;;;;;;;;;;;;;;;;;;;;;;;;;;;;;;;;;;;;;;;;;;;;;;;;;;;;;;;;50.00;;;;;;;;;;;;;;;;;;;;;;;;;;;;;;;;;;;;;;34.00;47.00;33.00;16.00;;;;31.00;33.00;31.00;;;;;;;;;;;;;;;;;;;;;;;;;;;;;;;;;;;;43.00;42.00;45.00;;;;;;;;;;;;;;;;;;;;;;;1864.600;;;;;;;;;;;;;;;;;;;;;;;;;;;;;;;;;;;;;;;;;;;;;;;;;;;;;;;;;;;;;;;;;;;;;;;;;;;;;;;;;;;;;;;;;;;;;;;;;;;;;;;;;;;;;;;;;;;;;;;;;;;;;;;;;;;;;;;;;;;;;;;;;;;;;;;;;;;;;;;;;;;;;;;;;;;;;;;;;;;;;;;;;;;;;;;;;;;;;;;;;;;;;;;;;;;;;;;;;;;;;;;;;;;;;;;;;;;;;;;;;;;;;;;;;;;;;;;;;;;;;;;;;;;;;;;;;;;;;;;;;;;;;;;;;;;;;;;;;;;;;;;;;;;;;;;;;;;;;;;;;;;;;;;;;;;;;;;;;;;;;;;;;;;;;;;;;;;;;;;;;;;;;;;;;;;;;;;;;;;;;;;;;;;;;;;;;;;;;;;;;;;;;;;;;;;;;;;;;;;;;;;;;;;;;;;;;;;;;;;;;;;;;;;;;;;;;;;;;;309;11.60;15.30;7.70;0.70;1.30;0.10;-13;-12;-32;267;265;76.20;;;17767318;15.00;;;;;;25.00
1507806600000;2017-10-12T12:10:00.000+0100;;;;;;;;;-1.00;0.00;377.40;378.40;378.30;13.00;16.00;17.00;;;;;;;;;;;;;;;;;;;;;;;;;;;;;;;;;;;;;;;;;;;;;;;;;;;;;;;;;;;;50.00;;;;;;;;;;;;;;;;;;;;;;;;;;;;;;;;;;;;;;34.00;47.00;33.00;16.00;;;;31.00;33.00;31.00;;;;;;;;;;;;;;;;;;;;;;;;;;;;;;;;;;;;41.00;41.00;42.00;;;;;;;;;;;;;;;;;;;;;;;1915.500;;;;;;;;;;;;;;;;;;;;;;;;;;;;;;;;;;;;;;;;;;;;;;;;;;;;;;;;;;;;;;;;;;;;;;;;;;;;;;;;;;;;;;;;;;;;;;;;;;;;;;;;;;;;;;;;;;;;;;;;;;;;;;;;;;;;;;;;;;;;;;;;;;;;;;;;;;;;;;;;;;;;;;;;;;;;;;;;;;;;;;;;;;;;;;;;;;;;;;;;;;;;;;;;;;;;;;;;;;;;;;;;;;;;;;;;;;;;;;;;;;;;;;;;;;;;;;;;;;;;;;;;;;;;;;;;;;;;;;;;;;;;;;;;;;;;;;;;;;;;;;;;;;;;;;;;;;;;;;;;;;;;;;;;;;;;;;;;;;;;;;;;;;;;;;;;;;;;;;;;;;;;;;;;;;;;;;;;;;;;;;;;;;;;;;;;;;;;;;;;;;;;;;;;;;;;;;;;;;;;;;;;;;;;;;;;;;;;;;;;;;;;;;;;;;;;;;;;;;309;12.30;17.60;8.30;0.80;1.40;0.20;-14;-12;-38;274;274;84.80;;;17767318;14.00;;;;;;25.00
1507807200000;2017-10-12T12:20:00.000+0100;;;;;;;;;-1.00;0.00;375.80;376.80;376.70;12.00;16.00;16.00;;;;;;;;;;;;;;;;;;;;;;;;;;;;;;;;;;;;;;;;;;;;;;;;;;;;;;;;;;;;50.00;;;;;;;;;;;;;;;;;;;;;;;;;;;;;;;;;;;;;;34.00;46.00;33.00;16.00;;;;30.00;33.00;31.00;;;;;;;;;;;;;;;;;;;;;;;;;;;;;;;;;;;;40.00;39.00;41.00;;;;;;;;;;;;;;;;;;;;;;;1865.300;;;;;;;;;;;;;;;;;;;;;;;;;;;;;;;;;;;;;;;;;;;;;;;;;;;;;;;;;;;;;;;;;;;;;;;;;;;;;;;;;;;;;;;;;;;;;;;;;;;;;;;;;;;;;;;;;;;;;;;;;;;;;;;;;;;;;;;;;;;;;;;;;;;;;;;;;;;;;;;;;;;;;;;;;;;;;;;;;;;;;;;;;;;;;;;;;;;;;;;;;;;;;;;;;;;;;;;;;;;;;;;;;;;;;;;;;;;;;;;;;;;;;;;;;;;;;;;;;;;;;;;;;;;;;;;;;;;;;;;;;;;;;;;;;;;;;;;;;;;;;;;;;;;;;;;;;;;;;;;;;;;;;;;;;;;;;;;;;;;;;;;;;;;;;;;;;;;;;;;;;;;;;;;;;;;;;;;;;;;;;;;;;;;;;;;;;;;;;;;;;;;;;;;;;;;;;;;;;;;;;;;;;;;;;;;;;;;;;;;;;;;;;;;;;;;;;;;;;;309;12.10;15.90;6.00;0.80;1.40;0.20;-13;-12;-32;274;273;80.30;;;17767318;14.00;;;;;;25.00
1507807800000;2017-10-12T12:30:00.000+0100;;;;;;;;;-1.00;0.00;375.70;376.60;376.60;12.00;16.00;16.00;;;;;;;;;;;;;;;;;;;;;;;;;;;;;;;;;;;;;;;;;;;;;;;;;;;;;;;;;;;;50.00;;;;;;;;;;;;;;;;;;;;;;;;;;;;;;;;;;;;;;33.00;46.00;33.00;16.00;;;;30.00;33.00;31.00;;;;;;;;;;;;;;;;;;;;;;;;;;;;;;;;;;;;39.00;38.00;39.00;;;;;;;;;;;;;;;;;;;;;;;1951.700;;;;;;;;;;;;;;;;;;;;;;;;;;;;;;;;;;;;;;;;;;;;;;;;;;;;;;;;;;;;;;;;;;;;;;;;;;;;;;;;;;;;;;;;;;;;;;;;;;;;;;;;;;;;;;;;;;;;;;;;;;;;;;;;;;;;;;;;;;;;;;;;;;;;;;;;;;;;;;;;;;;;;;;;;;;;;;;;;;;;;;;;;;;;;;;;;;;;;;;;;;;;;;;;;;;;;;;;;;;;;;;;;;;;;;;;;;;;;;;;;;;;;;;;;;;;;;;;;;;;;;;;;;;;;;;;;;;;;;;;;;;;;;;;;;;;;;;;;;;;;;;;;;;;;;;;;;;;;;;;;;;;;;;;;;;;;;;;;;;;;;;;;;;;;;;;;;;;;;;;;;;;;;;;;;;;;;;;;;;;;;;;;;;;;;;;;;;;;;;;;;;;;;;;;;;;;;;;;;;;;;;;;;;;;;;;;;;;;;;;;;;;;;;;;;;;;;;;;;309;12.10;15.20;8.90;0.80;1.50;0.20;-13;-12;-38;271;269;82.20;;;17767318;14.00;;;;;;25.00
1507808400000;2017-10-12T12:40:00.000+0100;;;;;;;;;-1.00;0.00;377.70;378.70;378.70;12.00;16.00;15.00;;;;;;;;;;;;;;;;;;;;;;;;;;;;;;;;;;;;;;;;;;;;;;;;;;;;;;;;;;;;50.00;;;;;;;;;;;;;;;;;;;;;;;;;;;;;;;;;;;;;;33.00;46.00;33.00;16.00;;;;30.00;33.00;30.00;;;;;;;;;;;;;;;;;;;;;;;;;;;;;;;;;;;;38.00;38.00;39.00;;;;;;;;;;;;;;;;;;;;;;;1958.700;;;;;;;;;;;;;;;;;;;;;;;;;;;;;;;;;;;;;;;;;;;;;;;;;;;;;;;;;;;;;;;;;;;;;;;;;;;;;;;;;;;;;;;;;;;;;;;;;;;;;;;;;;;;;;;;;;;;;;;;;;;;;;;;;;;;;;;;;;;;;;;;;;;;;;;;;;;;;;;;;;;;;;;;;;;;;;;;;;;;;;;;;;;;;;;;;;;;;;;;;;;;;;;;;;;;;;;;;;;;;;;;;;;;;;;;;;;;;;;;;;;;;;;;;;;;;;;;;;;;;;;;;;;;;;;;;;;;;;;;;;;;;;;;;;;;;;;;;;;;;;;;;;;;;;;;;;;;;;;;;;;;;;;;;;;;;;;;;;;;;;;;;;;;;;;;;;;;;;;;;;;;;;;;;;;;;;;;;;;;;;;;;;;;;;;;;;;;;;;;;;;;;;;;;;;;;;;;;;;;;;;;;;;;;;;;;;;;;;;;;;;;;;;;;;;;;;;;;;309;12.30;15.70;8.80;0.80;1.40;0.40;-12;-12;-32;267;267;87.30;;;17767318;14.00;;;;;;24.00
1507809000000;2017-10-12T12:50:00.000+0100;;;;;;;;;-1.00;0.00;374.20;375.20;375.10;12.00;15.00;16.00;;;;;;;;;;;;;;;;;;;;;;;;;;;;;;;;;;;;;;;;;;;;;;;;;;;;;;;;;;;;50.00;;;;;;;;;;;;;;;;;;;;;;;;;;;;;;;;;;;;;;33.00;45.00;33.00;16.00;;;;30.00;32.00;30.00;;;;;;;;;;;;;;;;;;;;;;;;;;;;;;;;;;;;38.00;37.00;38.00;;;;;;;;;;;;;;;;;;;;;;;1997.600;;;;;;;;;;;;;;;;;;;;;;;;;;;;;;;;;;;;;;;;;;;;;;;;;;;;;;;;;;;;;;;;;;;;;;;;;;;;;;;;;;;;;;;;;;;;;;;;;;;;;;;;;;;;;;;;;;;;;;;;;;;;;;;;;;;;;;;;;;;;;;;;;;;;;;;;;;;;;;;;;;;;;;;;;;;;;;;;;;;;;;;;;;;;;;;;;;;;;;;;;;;;;;;;;;;;;;;;;;;;;;;;;;;;;;;;;;;;;;;;;;;;;;;;;;;;;;;;;;;;;;;;;;;;;;;;;;;;;;;;;;;;;;;;;;;;;;;;;;;;;;;;;;;;;;;;;;;;;;;;;;;;;;;;;;;;;;;;;;;;;;;;;;;;;;;;;;;;;;;;;;;;;;;;;;;;;;;;;;;;;;;;;;;;;;;;;;;;;;;;;;;;;;;;;;;;;;;;;;;;;;;;;;;;;;;;;;;;;;;;;;;;;;;;;;;;;;;;;;309;14.30;19.50;9.30;1.00;1.80;0.40;-12;-12;-32;267;268;101.80;;;17767318;14.00;;;;;;24.00
1507809600000;2017-10-12T13:00:00.000+0100;;;;;;;;;-1.00;-0.10;371.50;372.70;372.50;12.00;16.00;17.00;;;;;;;;;;;;;;;;;;;;;;;;;;;;;;;;;;;;;;;;;;;;;;;;;;;;;;;;;;;;50.00;;;;;;;;;;;;;;;;;;;;;;;;;;;;;;;;;;;;;;33.00;45.00;33.00;16.00;;;;30.00;32.00;30.00;;;;;;;;;;;;;;;;;;;;;;;;;;;;;;;;;;;;37.00;37.00;38.00;;;;;;;;;;;;;;;;;;;;;;;1744.400;;;;;;;;;;;;;;;;;;;;;;;;;;;;;;;;;;;;;;;;;;;;;;;;;;;;;;;;;;;;;;;;;;;;;;;;;;;;;;;;;;;;;;;;;;;;;;;;;;;;;;;;;;;;;;;;;;;;;;;;;;;;;;;;;;;;;;;;;;;;;;;;;;;;;;;;;;;;;;;;;;;;;;;;;;;;;;;;;;;;;;;;;;;;;;;;;;;;;;;;;;;;;;;;;;;;;;;;;;;;;;;;;;;;;;;;;;;;;;;;;;;;;;;;;;;;;;;;;;;;;;;;;;;;;;;;;;;;;;;;;;;;;;;;;;;;;;;;;;;;;;;;;;;;;;;;;;;;;;;;;;;;;;;;;;;;;;;;;;;;;;;;;;;;;;;;;;;;;;;;;;;;;;;;;;;;;;;;;;;;;;;;;;;;;;;;;;;;;;;;;;;;;;;;;;;;;;;;;;;;;;;;;;;;;;;;;;;;;;;;;;;;;;;;;;;;;;;;;;309;11.50;17.50;7.10;0.80;1.60;0.20;-13;-12;-36;274;274;79.30;;;17767318;13.00;;;;;;24.00
1507810200000;2017-10-12T13:10:00.000+0100;;;;;;;;;-1.00;-1.10;373.20;374.20;374.00;12.00;15.00;17.00;;;;;;;;;;;;;;;;;;;;;;;;;;;;;;;;;;;;;;;;;;;;;;;;;;;;;;;;;;;;50.00;;;;;;;;;;;;;;;;;;;;;;;;;;;;;;;;;;;;;;33.00;45.00;33.00;15.00;;;;30.00;32.00;30.00;;;;;;;;;;;;;;;;;;;;;;;;;;;;;;;;;;;;37.00;37.00;37.00;;;;;;;;;;;;;;;;;;;;;;;1691.500;;;;;;;;;;;;;;;;;;;;;;;;;;;;;;;;;;;;;;;;;;;;;;;;;;;;;;;;;;;;;;;;;;;;;;;;;;;;;;;;;;;;;;;;;;;;;;;;;;;;;;;;;;;;;;;;;;;;;;;;;;;;;;;;;;;;;;;;;;;;;;;;;;;;;;;;;;;;;;;;;;;;;;;;;;;;;;;;;;;;;;;;;;;;;;;;;;;;;;;;;;;;;;;;;;;;;;;;;;;;;;;;;;;;;;;;;;;;;;;;;;;;;;;;;;;;;;;;;;;;;;;;;;;;;;;;;;;;;;;;;;;;;;;;;;;;;;;;;;;;;;;;;;;;;;;;;;;;;;;;;;;;;;;;;;;;;;;;;;;;;;;;;;;;;;;;;;;;;;;;;;;;;;;;;;;;;;;;;;;;;;;;;;;;;;;;;;;;;;;;;;;;;;;;;;;;;;;;;;;;;;;;;;;;;;;;;;;;;;;;;;;;;;;;;;;;;;;;;;309;10.60;15.30;5.30;0.70;1.30;0.20;-13;-8;-38;277;277;73.90;;;17767318;13.00;;;;;;24.00
1507810800000;2017-10-12T13:20:00.000+0100;;;;;;;;;-0.70;-8.60;377.00;377.80;377.70;11.00;12.00;12.00;;;;;;;;;;;;;;;;;;;;;;;;;;;;;;;;;;;;;;;;;;;;;;;;;;;;;;;;;;;;50.00;;;;;;;;;;;;;;;;;;;;;;;;;;;;;;;;;;;;;;33.00;44.00;33.00;15.00;;;;29.00;32.00;30.00;;;;;;;;;;;;;;;;;;;;;;;;;;;;;;;;;;;;37.00;36.00;37.00;;;;;;;;;;;;;;;;;;;;;;;1929.800;;;;;;;;;;;;;;;;;;;;;;;;;;;;;;;;;;;;;;;;;;;;;;;;;;;;;;;;;;;;;;;;;;;;;;;;;;;;;;;;;;;;;;;;;;;;;;;;;;;;;;;;;;;;;;;;;;;;;;;;;;;;;;;;;;;;;;;;;;;;;;;;;;;;;;;;;;;;;;;;;;;;;;;;;;;;;;;;;;;;;;;;;;;;;;;;;;;;;;;;;;;;;;;;;;;;;;;;;;;;;;;;;;;;;;;;;;;;;;;;;;;;;;;;;;;;;;;;;;;;;;;;;;;;;;;;;;;;;;;;;;;;;;;;;;;;;;;;;;;;;;;;;;;;;;;;;;;;;;;;;;;;;;;;;;;;;;;;;;;;;;;;;;;;;;;;;;;;;;;;;;;;;;;;;;;;;;;;;;;;;;;;;;;;;;;;;;;;;;;;;;;;;;;;;;;;;;;;;;;;;;;;;;;;;;;;;;;;;;;;;;;;;;;;;;;;;;;;;;309;12.10;15.30;7.90;0.80;1.20;0.30;-9;-8;-34;282;281;80.80;;;17767318;12.00;;;;;;24.00
1507811400000;2017-10-12T13:30:00.000+0100;;;;;;;;;-0.70;-8.40;377.20;378.10;378.00;10.00;12.00;12.00;;;;;;;;;;;;;;;;;;;;;;;;;;;;;;;;;;;;;;;;;;;;;;;;;;;;;;;;;;;;50.00;;;;;;;;;;;;;;;;;;;;;;;;;;;;;;;;;;;;;;33.00;44.00;33.00;15.00;;;;29.00;32.00;29.00;;;;;;;;;;;;;;;;;;;;;;;;;;;;;;;;;;;;36.00;36.00;37.00;;;;;;;;;;;;;;;;;;;;;;;1955.800;;;;;;;;;;;;;;;;;;;;;;;;;;;;;;;;;;;;;;;;;;;;;;;;;;;;;;;;;;;;;;;;;;;;;;;;;;;;;;;;;;;;;;;;;;;;;;;;;;;;;;;;;;;;;;;;;;;;;;;;;;;;;;;;;;;;;;;;;;;;;;;;;;;;;;;;;;;;;;;;;;;;;;;;;;;;;;;;;;;;;;;;;;;;;;;;;;;;;;;;;;;;;;;;;;;;;;;;;;;;;;;;;;;;;;;;;;;;;;;;;;;;;;;;;;;;;;;;;;;;;;;;;;;;;;;;;;;;;;;;;;;;;;;;;;;;;;;;;;;;;;;;;;;;;;;;;;;;;;;;;;;;;;;;;;;;;;;;;;;;;;;;;;;;;;;;;;;;;;;;;;;;;;;;;;;;;;;;;;;;;;;;;;;;;;;;;;;;;;;;;;;;;;;;;;;;;;;;;;;;;;;;;;;;;;;;;;;;;;;;;;;;;;;;;;;;;;;;;;309;12.00;14.60;9.10;0.70;1.10;0.10;-9;-8;-35;276;276;77.80;;;17767318;12.00;;;;;;23.00
1507812000000;2017-10-12T13:40:00.000+0100;;;;;;;;;-0.70;-8.60;371.40;372.30;372.10;11.00;12.00;12.00;;;;;;;;;;;;;;;;;;;;;;;;;;;;;;;;;;;;;;;;;;;;;;;;;;;;;;;;;;;;50.00;;;;;;;;;;;;;;;;;;;;;;;;;;;;;;;;;;;;;;33.00;44.00;33.00;15.00;;;;29.00;31.00;29.00;;;;;;;;;;;;;;;;;;;;;;;;;;;;;;;;;;;;36.00;36.00;36.00;;;;;;;;;;;;;;;;;;;;;;;1939.300;;;;;;;;;;;;;;;;;;;;;;;;;;;;;;;;;;;;;;;;;;;;;;;;;;;;;;;;;;;;;;;;;;;;;;;;;;;;;;;;;;;;;;;;;;;;;;;;;;;;;;;;;;;;;;;;;;;;;;;;;;;;;;;;;;;;;;;;;;;;;;;;;;;;;;;;;;;;;;;;;;;;;;;;;;;;;;;;;;;;;;;;;;;;;;;;;;;;;;;;;;;;;;;;;;;;;;;;;;;;;;;;;;;;;;;;;;;;;;;;;;;;;;;;;;;;;;;;;;;;;;;;;;;;;;;;;;;;;;;;;;;;;;;;;;;;;;;;;;;;;;;;;;;;;;;;;;;;;;;;;;;;;;;;;;;;;;;;;;;;;;;;;;;;;;;;;;;;;;;;;;;;;;;;;;;;;;;;;;;;;;;;;;;;;;;;;;;;;;;;;;;;;;;;;;;;;;;;;;;;;;;;;;;;;;;;;;;;;;;;;;;;;;;;;;;;;;;;;;309;12.10;16.70;7.80;0.80;1.50;0.30;-9;-8;-29;271;271;82.70;;;17767318;12.00;;;;;;23.00
1507812600000;2017-10-12T13:50:00.000+0100;;;;;;;;;-0.70;-7.30;371.00;371.70;371.60;10.00;11.00;11.00;;;;;;;;;;;;;;;;;;;;;;;;;;;;;;;;;;;;;;;;;;;;;;;;;;;;;;;;;;;;50.00;;;;;;;;;;;;;;;;;;;;;;;;;;;;;;;;;;;;;;33.00;43.00;33.00;14.00;;;;29.00;31.00;29.00;;;;;;;;;;;;;;;;;;;;;;;;;;;;;;;;;;;;36.00;36.00;36.00;;;;;;;;;;;;;;;;;;;;;;;1945.900;;;;;;;;;;;;;;;;;;;;;;;;;;;;;;;;;;;;;;;;;;;;;;;;;;;;;;;;;;;;;;;;;;;;;;;;;;;;;;;;;;;;;;;;;;;;;;;;;;;;;;;;;;;;;;;;;;;;;;;;;;;;;;;;;;;;;;;;;;;;;;;;;;;;;;;;;;;;;;;;;;;;;;;;;;;;;;;;;;;;;;;;;;;;;;;;;;;;;;;;;;;;;;;;;;;;;;;;;;;;;;;;;;;;;;;;;;;;;;;;;;;;;;;;;;;;;;;;;;;;;;;;;;;;;;;;;;;;;;;;;;;;;;;;;;;;;;;;;;;;;;;;;;;;;;;;;;;;;;;;;;;;;;;;;;;;;;;;;;;;;;;;;;;;;;;;;;;;;;;;;;;;;;;;;;;;;;;;;;;;;;;;;;;;;;;;;;;;;;;;;;;;;;;;;;;;;;;;;;;;;;;;;;;;;;;;;;;;;;;;;;;;;;;;;;;;;;;;;;309;12.10;15.60;7.10;0.80;1.30;0.30;-8;-8;-29;267;268;85.70;;;17767318;12.00;;;;;;23.00
1507813200000;2017-10-12T14:00:00.000+0100;;;;;;;;;-0.70;-7.90;372.10;372.70;372.60;10.00;11.00;11.00;;;;;;;;;;;;;;;;;;;;;;;;;;;;;;;;;;;;;;;;;;;;;;;;;;;;;;;;;;;;50.00;;;;;;;;;;;;;;;;;;;;;;;;;;;;;;;;;;;;;;33.00;43.00;33.00;15.00;;;;29.00;31.00;29.00;;;;;;;;;;;;;;;;;;;;;;;;;;;;;;;;;;;;36.00;36.00;36.00;;;;;;;;;;;;;;;;;;;;;;;1903.500;;;;;;;;;;;;;;;;;;;;;;;;;;;;;;;;;;;;;;;;;;;;;;;;;;;;;;;;;;;;;;;;;;;;;;;;;;;;;;;;;;;;;;;;;;;;;;;;;;;;;;;;;;;;;;;;;;;;;;;;;;;;;;;;;;;;;;;;;;;;;;;;;;;;;;;;;;;;;;;;;;;;;;;;;;;;;;;;;;;;;;;;;;;;;;;;;;;;;;;;;;;;;;;;;;;;;;;;;;;;;;;;;;;;;;;;;;;;;;;;;;;;;;;;;;;;;;;;;;;;;;;;;;;;;;;;;;;;;;;;;;;;;;;;;;;;;;;;;;;;;;;;;;;;;;;;;;;;;;;;;;;;;;;;;;;;;;;;;;;;;;;;;;;;;;;;;;;;;;;;;;;;;;;;;;;;;;;;;;;;;;;;;;;;;;;;;;;;;;;;;;;;;;;;;;;;;;;;;;;;;;;;;;;;;;;;;;;;;;;;;;;;;;;;;;;;;;;;;;309;11.60;14.20;7.80;0.80;1.30;0.20;-9;-8;-34;268;268;80.10;;;17767318;13.00;;;;;;22.00
1507813800000;2017-10-12T14:10:00.000+0100;;;;;;;;;-0.70;-7.40;372.40;373.20;372.90;10.00;11.00;11.00;;;;;;;;;;;;;;;;;;;;;;;;;;;;;;;;;;;;;;;;;;;;;;;;;;;;;;;;;;;;50.00;;;;;;;;;;;;;;;;;;;;;;;;;;;;;;;;;;;;;;33.00;43.00;33.00;15.00;;;;28.00;31.00;29.00;;;;;;;;;;;;;;;;;;;;;;;;;;;;;;;;;;;;36.00;36.00;36.00;;;;;;;;;;;;;;;;;;;;;;;1973.100;;;;;;;;;;;;;;;;;;;;;;;;;;;;;;;;;;;;;;;;;;;;;;;;;;;;;;;;;;;;;;;;;;;;;;;;;;;;;;;;;;;;;;;;;;;;;;;;;;;;;;;;;;;;;;;;;;;;;;;;;;;;;;;;;;;;;;;;;;;;;;;;;;;;;;;;;;;;;;;;;;;;;;;;;;;;;;;;;;;;;;;;;;;;;;;;;;;;;;;;;;;;;;;;;;;;;;;;;;;;;;;;;;;;;;;;;;;;;;;;;;;;;;;;;;;;;;;;;;;;;;;;;;;;;;;;;;;;;;;;;;;;;;;;;;;;;;;;;;;;;;;;;;;;;;;;;;;;;;;;;;;;;;;;;;;;;;;;;;;;;;;;;;;;;;;;;;;;;;;;;;;;;;;;;;;;;;;;;;;;;;;;;;;;;;;;;;;;;;;;;;;;;;;;;;;;;;;;;;;;;;;;;;;;;;;;;;;;;;;;;;;;;;;;;;;;;;;;;;309;13.10;18.50;8.80;0.90;1.70;0.40;-8;-8;-29;267;266;90.50;;;17767318;13.00;;;;;;22.00
1507814400000;2017-10-12T14:20:00.000+0100;;;;;;;;;-0.70;-8.00;374.90;375.70;375.60;10.00;11.00;11.00;;;;;;;;;;;;;;;;;;;;;;;;;;;;;;;;;;;;;;;;;;;;;;;;;;;;;;;;;;;;50.00;;;;;;;;;;;;;;;;;;;;;;;;;;;;;;;;;;;;;;33.00;42.00;33.00;15.00;;;;28.00;31.00;28.00;;;;;;;;;;;;;;;;;;;;;;;;;;;;;;;;;;;;36.00;36.00;36.00;;;;;;;;;;;;;;;;;;;;;;;1962.900;;;;;;;;;;;;;;;;;;;;;;;;;;;;;;;;;;;;;;;;;;;;;;;;;;;;;;;;;;;;;;;;;;;;;;;;;;;;;;;;;;;;;;;;;;;;;;;;;;;;;;;;;;;;;;;;;;;;;;;;;;;;;;;;;;;;;;;;;;;;;;;;;;;;;;;;;;;;;;;;;;;;;;;;;;;;;;;;;;;;;;;;;;;;;;;;;;;;;;;;;;;;;;;;;;;;;;;;;;;;;;;;;;;;;;;;;;;;;;;;;;;;;;;;;;;;;;;;;;;;;;;;;;;;;;;;;;;;;;;;;;;;;;;;;;;;;;;;;;;;;;;;;;;;;;;;;;;;;;;;;;;;;;;;;;;;;;;;;;;;;;;;;;;;;;;;;;;;;;;;;;;;;;;;;;;;;;;;;;;;;;;;;;;;;;;;;;;;;;;;;;;;;;;;;;;;;;;;;;;;;;;;;;;;;;;;;;;;;;;;;;;;;;;;;;;;;;;;;;309;12.70;18.10;8.40;0.90;1.70;0.30;-8;-8;-34;269;269;90.40;;;17767318;14.00;;;;;;22.00
1507815000000;2017-10-12T14:30:00.000+0100;;;;;;;;;-0.70;-8.10;373.80;374.50;374.40;10.00;11.00;11.00;;;;;;;;;;;;;;;;;;;;;;;;;;;;;;;;;;;;;;;;;;;;;;;;;;;;;;;;;;;;50.00;;;;;;;;;;;;;;;;;;;;;;;;;;;;;;;;;;;;;;33.00;42.00;33.00;15.00;;;;28.00;31.00;28.00;;;;;;;;;;;;;;;;;;;;;;;;;;;;;;;;;;;;36.00;36.00;36.00;;;;;;;;;;;;;;;;;;;;;;;1941.600;;;;;;;;;;;;;;;;;;;;;;;;;;;;;;;;;;;;;;;;;;;;;;;;;;;;;;;;;;;;;;;;;;;;;;;;;;;;;;;;;;;;;;;;;;;;;;;;;;;;;;;;;;;;;;;;;;;;;;;;;;;;;;;;;;;;;;;;;;;;;;;;;;;;;;;;;;;;;;;;;;;;;;;;;;;;;;;;;;;;;;;;;;;;;;;;;;;;;;;;;;;;;;;;;;;;;;;;;;;;;;;;;;;;;;;;;;;;;;;;;;;;;;;;;;;;;;;;;;;;;;;;;;;;;;;;;;;;;;;;;;;;;;;;;;;;;;;;;;;;;;;;;;;;;;;;;;;;;;;;;;;;;;;;;;;;;;;;;;;;;;;;;;;;;;;;;;;;;;;;;;;;;;;;;;;;;;;;;;;;;;;;;;;;;;;;;;;;;;;;;;;;;;;;;;;;;;;;;;;;;;;;;;;;;;;;;;;;;;;;;;;;;;;;;;;;;;;;;;309;12.60;17.20;7.50;0.90;1.50;0.20;-9;-8;-34;269;269;88.90;;;17767318;14.00;;;;;;22.00
1507815600000;2017-10-12T14:40:00.000+0100;;;;;;;;;-0.70;-8.40;374.20;374.90;374.80;10.00;12.00;12.00;;;;;;;;;;;;;;;;;;;;;;;;;;;;;;;;;;;;;;;;;;;;;;;;;;;;;;;;;;;;50.00;;;;;;;;;;;;;;;;;;;;;;;;;;;;;;;;;;;;;;33.00;42.00;33.00;15.00;;;;28.00;30.00;28.00;;;;;;;;;;;;;;;;;;;;;;;;;;;;;;;;;;;;36.00;36.00;36.00;;;;;;;;;;;;;;;;;;;;;;;1953.200;;;;;;;;;;;;;;;;;;;;;;;;;;;;;;;;;;;;;;;;;;;;;;;;;;;;;;;;;;;;;;;;;;;;;;;;;;;;;;;;;;;;;;;;;;;;;;;;;;;;;;;;;;;;;;;;;;;;;;;;;;;;;;;;;;;;;;;;;;;;;;;;;;;;;;;;;;;;;;;;;;;;;;;;;;;;;;;;;;;;;;;;;;;;;;;;;;;;;;;;;;;;;;;;;;;;;;;;;;;;;;;;;;;;;;;;;;;;;;;;;;;;;;;;;;;;;;;;;;;;;;;;;;;;;;;;;;;;;;;;;;;;;;;;;;;;;;;;;;;;;;;;;;;;;;;;;;;;;;;;;;;;;;;;;;;;;;;;;;;;;;;;;;;;;;;;;;;;;;;;;;;;;;;;;;;;;;;;;;;;;;;;;;;;;;;;;;;;;;;;;;;;;;;;;;;;;;;;;;;;;;;;;;;;;;;;;;;;;;;;;;;;;;;;;;;;;;;;;;309;12.30;17.20;8.70;0.80;1.40;0.30;-9;-8;-28;270;271;82.30;;;17767318;14.00;;;;;;22.00
1507816200000;2017-10-12T14:50:00.000+0100;;;;;;;;;-0.70;-8.70;373.30;374.00;374.00;11.00;12.00;12.00;;;;;;;;;;;;;;;;;;;;;;;;;;;;;;;;;;;;;;;;;;;;;;;;;;;;;;;;;;;;50.00;;;;;;;;;;;;;;;;;;;;;;;;;;;;;;;;;;;;;;33.00;41.00;33.00;15.00;;;;28.00;30.00;28.00;;;;;;;;;;;;;;;;;;;;;;;;;;;;;;;;;;;;36.00;36.00;36.00;;;;;;;;;;;;;;;;;;;;;;;2000.000;;;;;;;;;;;;;;;;;;;;;;;;;;;;;;;;;;;;;;;;;;;;;;;;;;;;;;;;;;;;;;;;;;;;;;;;;;;;;;;;;;;;;;;;;;;;;;;;;;;;;;;;;;;;;;;;;;;;;;;;;;;;;;;;;;;;;;;;;;;;;;;;;;;;;;;;;;;;;;;;;;;;;;;;;;;;;;;;;;;;;;;;;;;;;;;;;;;;;;;;;;;;;;;;;;;;;;;;;;;;;;;;;;;;;;;;;;;;;;;;;;;;;;;;;;;;;;;;;;;;;;;;;;;;;;;;;;;;;;;;;;;;;;;;;;;;;;;;;;;;;;;;;;;;;;;;;;;;;;;;;;;;;;;;;;;;;;;;;;;;;;;;;;;;;;;;;;;;;;;;;;;;;;;;;;;;;;;;;;;;;;;;;;;;;;;;;;;;;;;;;;;;;;;;;;;;;;;;;;;;;;;;;;;;;;;;;;;;;;;;;;;;;;;;;;;;;;;;;;309;14.80;20.50;9.50;1.00;1.80;0.40;-9;-8;-28;273;273;103.80;;;17767318;14.00;;;;;;22.00
1507816800000;2017-10-12T15:00:00.000+0100;;;;;;;;;-0.70;-8.60;372.60;373.40;373.30;11.00;12.00;12.00;;;;;;;;;;;;;;;;;;;;;;;;;;;;;;;;;;;;;;;;;;;;;;;;;;;;;;;;;;;;50.00;;;;;;;;;;;;;;;;;;;;;;;;;;;;;;;;;;;;;;33.00;41.00;33.00;15.00;;;;28.00;30.00;28.00;;;;;;;;;;;;;;;;;;;;;;;;;;;;;;;;;;;;36.00;36.00;36.00;;;;;;;;;;;;;;;;;;;;;;;1999.600;;;;;;;;;;;;;;;;;;;;;;;;;;;;;;;;;;;;;;;;;;;;;;;;;;;;;;;;;;;;;;;;;;;;;;;;;;;;;;;;;;;;;;;;;;;;;;;;;;;;;;;;;;;;;;;;;;;;;;;;;;;;;;;;;;;;;;;;;;;;;;;;;;;;;;;;;;;;;;;;;;;;;;;;;;;;;;;;;;;;;;;;;;;;;;;;;;;;;;;;;;;;;;;;;;;;;;;;;;;;;;;;;;;;;;;;;;;;;;;;;;;;;;;;;;;;;;;;;;;;;;;;;;;;;;;;;;;;;;;;;;;;;;;;;;;;;;;;;;;;;;;;;;;;;;;;;;;;;;;;;;;;;;;;;;;;;;;;;;;;;;;;;;;;;;;;;;;;;;;;;;;;;;;;;;;;;;;;;;;;;;;;;;;;;;;;;;;;;;;;;;;;;;;;;;;;;;;;;;;;;;;;;;;;;;;;;;;;;;;;;;;;;;;;;;;;;;;;;;309;14.80;20.50;9.90;1.00;1.70;0.30;-9;-8;-35;279;279;104.40;;;17767318;14.00;;;;;;22.00
1507817400000;2017-10-12T15:10:00.000+0100;;;;;;;;;-0.70;-8.10;371.30;372.00;372.00;10.00;12.00;12.00;;;;;;;;;;;;;;;;;;;;;;;;;;;;;;;;;;;;;;;;;;;;;;;;;;;;;;;;;;;;50.00;;;;;;;;;;;;;;;;;;;;;;;;;;;;;;;;;;;;;;33.00;41.00;33.00;15.00;;;;28.00;30.00;28.00;;;;;;;;;;;;;;;;;;;;;;;;;;;;;;;;;;;;36.00;36.00;36.00;;;;;;;;;;;;;;;;;;;;;;;1921.100;;;;;;;;;;;;;;;;;;;;;;;;;;;;;;;;;;;;;;;;;;;;;;;;;;;;;;;;;;;;;;;;;;;;;;;;;;;;;;;;;;;;;;;;;;;;;;;;;;;;;;;;;;;;;;;;;;;;;;;;;;;;;;;;;;;;;;;;;;;;;;;;;;;;;;;;;;;;;;;;;;;;;;;;;;;;;;;;;;;;;;;;;;;;;;;;;;;;;;;;;;;;;;;;;;;;;;;;;;;;;;;;;;;;;;;;;;;;;;;;;;;;;;;;;;;;;;;;;;;;;;;;;;;;;;;;;;;;;;;;;;;;;;;;;;;;;;;;;;;;;;;;;;;;;;;;;;;;;;;;;;;;;;;;;;;;;;;;;;;;;;;;;;;;;;;;;;;;;;;;;;;;;;;;;;;;;;;;;;;;;;;;;;;;;;;;;;;;;;;;;;;;;;;;;;;;;;;;;;;;;;;;;;;;;;;;;;;;;;;;;;;;;;;;;;;;;;;;;;309;12.10;17.30;7.10;0.90;1.40;0.30;-9;-8;-29;277;278;88.60;;;17767318;14.00;;;;;;22.00
1507818000000;2017-10-12T15:20:00.000+0100;;;;;;;;;-0.70;-8.60;373.10;373.80;373.80;11.00;12.00;12.00;;;;;;;;;;;;;;;;;;;;;;;;;;;;;;;;;;;;;;;;;;;;;;;;;;;;;;;;;;;;50.00;;;;;;;;;;;;;;;;;;;;;;;;;;;;;;;;;;;;;;33.00;41.00;33.00;15.00;;;;28.00;30.00;28.00;;;;;;;;;;;;;;;;;;;;;;;;;;;;;;;;;;;;35.00;35.00;36.00;;;;;;;;;;;;;;;;;;;;;;;1588.500;;;;;;;;;;;;;;;;;;;;;;;;;;;;;;;;;;;;;;;;;;;;;;;;;;;;;;;;;;;;;;;;;;;;;;;;;;;;;;;;;;;;;;;;;;;;;;;;;;;;;;;;;;;;;;;;;;;;;;;;;;;;;;;;;;;;;;;;;;;;;;;;;;;;;;;;;;;;;;;;;;;;;;;;;;;;;;;;;;;;;;;;;;;;;;;;;;;;;;;;;;;;;;;;;;;;;;;;;;;;;;;;;;;;;;;;;;;;;;;;;;;;;;;;;;;;;;;;;;;;;;;;;;;;;;;;;;;;;;;;;;;;;;;;;;;;;;;;;;;;;;;;;;;;;;;;;;;;;;;;;;;;;;;;;;;;;;;;;;;;;;;;;;;;;;;;;;;;;;;;;;;;;;;;;;;;;;;;;;;;;;;;;;;;;;;;;;;;;;;;;;;;;;;;;;;;;;;;;;;;;;;;;;;;;;;;;;;;;;;;;;;;;;;;;;;;;;;;;;309;10.30;13.60;6.90;0.70;1.30;0.20;-9;-8;-35;280;280;70.50;;;17767318;14.00;;;;;;22.00
1507818600000;2017-10-12T15:30:00.000+0100;;;;;;;;;-0.70;-8.20;374.10;374.80;374.80;10.00;12.00;12.00;;;;;;;;;;;;;;;;;;;;;;;;;;;;;;;;;;;;;;;;;;;;;;;;;;;;;;;;;;;;50.00;;;;;;;;;;;;;;;;;;;;;;;;;;;;;;;;;;;;;;33.00;40.00;33.00;15.00;;;;28.00;30.00;28.00;;;;;;;;;;;;;;;;;;;;;;;;;;;;;;;;;;;;35.00;35.00;36.00;;;;;;;;;;;;;;;;;;;;;;;1514.800;;;;;;;;;;;;;;;;;;;;;;;;;;;;;;;;;;;;;;;;;;;;;;;;;;;;;;;;;;;;;;;;;;;;;;;;;;;;;;;;;;;;;;;;;;;;;;;;;;;;;;;;;;;;;;;;;;;;;;;;;;;;;;;;;;;;;;;;;;;;;;;;;;;;;;;;;;;;;;;;;;;;;;;;;;;;;;;;;;;;;;;;;;;;;;;;;;;;;;;;;;;;;;;;;;;;;;;;;;;;;;;;;;;;;;;;;;;;;;;;;;;;;;;;;;;;;;;;;;;;;;;;;;;;;;;;;;;;;;;;;;;;;;;;;;;;;;;;;;;;;;;;;;;;;;;;;;;;;;;;;;;;;;;;;;;;;;;;;;;;;;;;;;;;;;;;;;;;;;;;;;;;;;;;;;;;;;;;;;;;;;;;;;;;;;;;;;;;;;;;;;;;;;;;;;;;;;;;;;;;;;;;;;;;;;;;;;;;;;;;;;;;;;;;;;;;;;;;;;309;9.90;12.70;6.60;0.60;1.00;0.10;-9;-8;-34;281;280;64.40;;;17767318;13.00;;;;;;22.00
1507819200000;2017-10-12T15:40:00.000+0100;;;;;;;;;-0.70;-8.40;375.40;376.10;376.20;11.00;12.00;12.00;;;;;;;;;;;;;;;;;;;;;;;;;;;;;;;;;;;;;;;;;;;;;;;;;;;;;;;;;;;;50.00;;;;;;;;;;;;;;;;;;;;;;;;;;;;;;;;;;;;;;33.00;40.00;33.00;15.00;;;;27.00;30.00;28.00;;;;;;;;;;;;;;;;;;;;;;;;;;;;;;;;;;;;35.00;35.00;35.00;;;;;;;;;;;;;;;;;;;;;;;1533.500;;;;;;;;;;;;;;;;;;;;;;;;;;;;;;;;;;;;;;;;;;;;;;;;;;;;;;;;;;;;;;;;;;;;;;;;;;;;;;;;;;;;;;;;;;;;;;;;;;;;;;;;;;;;;;;;;;;;;;;;;;;;;;;;;;;;;;;;;;;;;;;;;;;;;;;;;;;;;;;;;;;;;;;;;;;;;;;;;;;;;;;;;;;;;;;;;;;;;;;;;;;;;;;;;;;;;;;;;;;;;;;;;;;;;;;;;;;;;;;;;;;;;;;;;;;;;;;;;;;;;;;;;;;;;;;;;;;;;;;;;;;;;;;;;;;;;;;;;;;;;;;;;;;;;;;;;;;;;;;;;;;;;;;;;;;;;;;;;;;;;;;;;;;;;;;;;;;;;;;;;;;;;;;;;;;;;;;;;;;;;;;;;;;;;;;;;;;;;;;;;;;;;;;;;;;;;;;;;;;;;;;;;;;;;;;;;;;;;;;;;;;;;;;;;;;;;;;;;;309;10.20;17.20;5.40;0.60;1.40;0.20;-9;-8;-36;275;274;66.90;;;17767318;13.00;;;;;;21.00
1507819800000;2017-10-12T15:50:00.000+0100;;;;;;;;;-0.70;-8.60;375.60;376.20;376.30;11.00;12.00;12.00;;;;;;;;;;;;;;;;;;;;;;;;;;;;;;;;;;;;;;;;;;;;;;;;;;;;;;;;;;;;50.00;;;;;;;;;;;;;;;;;;;;;;;;;;;;;;;;;;;;;;33.00;40.00;33.00;15.00;;;;27.00;30.00;28.00;;;;;;;;;;;;;;;;;;;;;;;;;;;;;;;;;;;;35.00;35.00;35.00;;;;;;;;;;;;;;;;;;;;;;;1874.100;;;;;;;;;;;;;;;;;;;;;;;;;;;;;;;;;;;;;;;;;;;;;;;;;;;;;;;;;;;;;;;;;;;;;;;;;;;;;;;;;;;;;;;;;;;;;;;;;;;;;;;;;;;;;;;;;;;;;;;;;;;;;;;;;;;;;;;;;;;;;;;;;;;;;;;;;;;;;;;;;;;;;;;;;;;;;;;;;;;;;;;;;;;;;;;;;;;;;;;;;;;;;;;;;;;;;;;;;;;;;;;;;;;;;;;;;;;;;;;;;;;;;;;;;;;;;;;;;;;;;;;;;;;;;;;;;;;;;;;;;;;;;;;;;;;;;;;;;;;;;;;;;;;;;;;;;;;;;;;;;;;;;;;;;;;;;;;;;;;;;;;;;;;;;;;;;;;;;;;;;;;;;;;;;;;;;;;;;;;;;;;;;;;;;;;;;;;;;;;;;;;;;;;;;;;;;;;;;;;;;;;;;;;;;;;;;;;;;;;;;;;;;;;;;;;;;;;;;;309;12.00;16.20;7.90;0.80;1.40;0.30;-9;-8;-33;274;273;82.90;;;17767318;13.00;;;;;;21.00
1507820400000;2017-10-12T16:00:00.000+0100;;;;;;;;;-0.70;-7.60;374.30;375.00;375.10;22.00;23.00;23.00;;;;;;;;;;;;;;;;;;;;;;;;;;;;;;;;;;;;;;;;;;;;;;;;;;;;;;;;;;;;50.00;;;;;;;;;;;;;;;;;;;;;;;;;;;;;;;;;;;;;;33.00;40.00;33.00;15.00;;;;27.00;30.00;28.00;;;;;;;;;;;;;;;;;;;;;;;;;;;;;;;;;;;;36.00;36.00;36.00;;;;;;;;;;;;;;;;;;;;;;;1345.800;;;;;;;;;;;;;;;;;;;;;;;;;;;;;;;;;;;;;;;;;;;;;;;;;;;;;;;;;;;;;;;;;;;;;;;;;;;;;;;;;;;;;;;;;;;;;;;;;;;;;;;;;;;;;;;;;;;;;;;;;;;;;;;;;;;;;;;;;;;;;;;;;;;;;;;;;;;;;;;;;;;;;;;;;;;;;;;;;;;;;;;;;;;;;;;;;;;;;;;;;;;;;;;;;;;;;;;;;;;;;;;;;;;;;;;;;;;;;;;;;;;;;;;;;;;;;;;;;;;;;;;;;;;;;;;;;;;;;;;;;;;;;;;;;;;;;;;;;;;;;;;;;;;;;;;;;;;;;;;;;;;;;;;;;;;;;;;;;;;;;;;;;;;;;;;;;;;;;;;;;;;;;;;;;;;;;;;;;;;;;;;;;;;;;;;;;;;;;;;;;;;;;;;;;;;;;;;;;;;;;;;;;;;;;;;;;;;;;;;;;;;;;;;;;;;;;;;;;;309;9.40;11.70;6.80;2.00;15.10;0.10;1;213;-32;270;269;203.70;;;17767320;13.00;;;;;;21.00
1507821000000;2017-10-12T16:10:00.000+0100;;;;;;;;;0.90;51.00;375.40;375.80;375.90;1266.00;1259.00;1260.00;;;;;;;;;;;;;;;;;;;;;;;;;;;;;;;;;;;;;;;;;;;;;;;;;;;;;;;;;;;;50.00;;;;;;;;;;;;;;;;;;;;;;;;;;;;;;;;;;;;;;33.00;43.00;36.00;14.00;;;;29.00;31.00;30.00;;;;;;;;;;;;;;;;;;;;;;;;;;;;;;;;;;;;52.00;50.00;52.00;;;;;;;;;;;;;;;;;;;;;;;1701.300;;;;;;;;;;;;;;;;;;;;;;;;;;;;;;;;;;;;;;;;;;;;;;;;;;;;;;;;;;;;;;;;;;;;;;;;;;;;;;;;;;;;;;;;;;;;;;;;;;;;;;;;;;;;;;;;;;;;;;;;;;;;;;;;;;;;;;;;;;;;;;;;;;;;;;;;;;;;;;;;;;;;;;;;;;;;;;;;;;;;;;;;;;;;;;;;;;;;;;;;;;;;;;;;;;;;;;;;;;;;;;;;;;;;;;;;;;;;;;;;;;;;;;;;;;;;;;;;;;;;;;;;;;;;;;;;;;;;;;;;;;;;;;;;;;;;;;;;;;;;;;;;;;;;;;;;;;;;;;;;;;;;;;;;;;;;;;;;;;;;;;;;;;;;;;;;;;;;;;;;;;;;;;;;;;;;;;;;;;;;;;;;;;;;;;;;;;;;;;;;;;;;;;;;;;;;;;;;;;;;;;;;;;;;;;;;;;;;;;;;;;;;;;;;;;;;;;;;;;0;9.80;12.80;7.40;14.40;15.90;5.70;1413;2113;-32;264;264;1502.50;;;17767554;13.00;;;;;;22.00
1507821600000;2017-10-12T16:20:00.000+0100;;;;;;;;;1.00;93.20;378.70;379.00;379.20;1132.00;1126.00;1127.00;;;;;;;;;;;;;;;;;;;;;;;;;;;;;;;;;;;;;;;;;;;;;;;;;;;;;;;;;;;;50.00;;;;;;;;;;;;;;;;;;;;;;;;;;;;;;;;;;;;;;34.00;46.00;36.00;14.00;;;;33.00;36.00;35.00;;;;;;;;;;;;;;;;;;;;;;;;;;;;;;;;;;;;67.00;63.00;66.00;;;;;;;;;;;;;;;;;;;;;;;1926.500;;;;;;;;;;;;;;;;;;;;;;;;;;;;;;;;;;;;;;;;;;;;;;;;;;;;;;;;;;;;;;;;;;;;;;;;;;;;;;;;;;;;;;;;;;;;;;;;;;;;;;;;;;;;;;;;;;;;;;;;;;;;;;;;;;;;;;;;;;;;;;;;;;;;;;;;;;;;;;;;;;;;;;;;;;;;;;;;;;;;;;;;;;;;;;;;;;;;;;;;;;;;;;;;;;;;;;;;;;;;;;;;;;;;;;;;;;;;;;;;;;;;;;;;;;;;;;;;;;;;;;;;;;;;;;;;;;;;;;;;;;;;;;;;;;;;;;;;;;;;;;;;;;;;;;;;;;;;;;;;;;;;;;;;;;;;;;;;;;;;;;;;;;;;;;;;;;;;;;;;;;;;;;;;;;;;;;;;;;;;;;;;;;;;;;;;;;;;;;;;;;;;;;;;;;;;;;;;;;;;;;;;;;;;;;;;;;;;;;;;;;;;;;;;;;;;;;;;;;0;11.00;15.50;7.70;14.90;16.00;14.00;1277;1977;1046;270;271;1549.20;;;17767768;13.00;;;;;;22.00
1507822200000;2017-10-12T16:30:00.000+0100;;;;;;;;;1.00;273.90;380.50;380.70;380.80;1774.00;1765.00;1769.00;;;;;;;;;;;;;;;;;;;;;;;;;;;;;;;;;;;;;;;;;;;;;;;;;;;;;;;;;;;;50.00;;;;;;;;;;;;;;;;;;;;;;;;;;;;;;;;;;;;;;35.00;49.00;36.00;14.00;;;;38.00;40.00;40.00;;;;;;;;;;;;;;;;;;;;;;;;;;;;;;;;;;;;78.00;73.00;78.00;;;;;;;;;;;;;;;;;;;;;;;1999.700;;;;;;;;;;;;;;;;;;;;;;;;;;;;;;;;;;;;;;;;;;;;;;;;;;;;;;;;;;;;;;;;;;;;;;;;;;;;;;;;;;;;;;;;;;;;;;;;;;;;;;;;;;;;;;;;;;;;;;;;;;;;;;;;;;;;;;;;;;;;;;;;;;;;;;;;;;;;;;;;;;;;;;;;;;;;;;;;;;;;;;;;;;;;;;;;;;;;;;;;;;;;;;;;;;;;;;;;;;;;;;;;;;;;;;;;;;;;;;;;;;;;;;;;;;;;;;;;;;;;;;;;;;;;;;;;;;;;;;;;;;;;;;;;;;;;;;;;;;;;;;;;;;;;;;;;;;;;;;;;;;;;;;;;;;;;;;;;;;;;;;;;;;;;;;;;;;;;;;;;;;;;;;;;;;;;;;;;;;;;;;;;;;;;;;;;;;;;;;;;;;;;;;;;;;;;;;;;;;;;;;;;;;;;;;;;;;;;;;;;;;;;;;;;;;;;;;;;;;0;14.40;18.20;11.00;14.90;16.10;13.50;2000;2082;1906;264;264;1552.00;;;17768100;12.00;;;;;;22.00
1507822800000;2017-10-12T16:40:00.000+0100;;;;;;;;;1.00;283.10;379.40;379.70;379.70;1778.00;1768.00;1773.00;;;;;;;;;;;;;;;;;;;;;;;;;;;;;;;;;;;;;;;;;;;;;;;;;;;;;;;;;;;;50.00;;;;;;;;;;;;;;;;;;;;;;;;;;;;;;;;;;;;;;36.00;51.00;37.00;14.00;;;;46.00;49.00;48.00;;;;;;;;;;;;;;;;;;;;;;;;;;;;;;;;;;;;87.00;81.00;86.00;;;;;;;;;;;;;;;;;;;;;;;1997.800;;;;;;;;;;;;;;;;;;;;;;;;;;;;;;;;;;;;;;;;;;;;;;;;;;;;;;;;;;;;;;;;;;;;;;;;;;;;;;;;;;;;;;;;;;;;;;;;;;;;;;;;;;;;;;;;;;;;;;;;;;;;;;;;;;;;;;;;;;;;;;;;;;;;;;;;;;;;;;;;;;;;;;;;;;;;;;;;;;;;;;;;;;;;;;;;;;;;;;;;;;;;;;;;;;;;;;;;;;;;;;;;;;;;;;;;;;;;;;;;;;;;;;;;;;;;;;;;;;;;;;;;;;;;;;;;;;;;;;;;;;;;;;;;;;;;;;;;;;;;;;;;;;;;;;;;;;;;;;;;;;;;;;;;;;;;;;;;;;;;;;;;;;;;;;;;;;;;;;;;;;;;;;;;;;;;;;;;;;;;;;;;;;;;;;;;;;;;;;;;;;;;;;;;;;;;;;;;;;;;;;;;;;;;;;;;;;;;;;;;;;;;;;;;;;;;;;;;;;0;14.10;18.40;10.60;14.90;16.10;13.60;1999;2104;1774;265;264;1551.20;;;17768434;12.00;;;;;;23.00
1507823400000;2017-10-12T16:50:00.000+0100;;;;;;;;;1.00;277.50;378.20;378.60;378.70;1748.00;1739.00;1743.00;;;;;;;;;;;;;;;;;;;;;;;;;;;;;;;;;;;;;;;;;;;;;;;;;;;;;;;;;;;;50.00;;;;;;;;;;;;;;;;;;;;;;;;;;;;;;;;;;;;;;36.00;53.00;37.00;14.00;;;;53.00;56.00;55.00;;;;;;;;;;;;;;;;;;;;;;;;;;;;;;;;;;;;91.00;85.00;91.00;;;;;;;;;;;;;;;;;;;;;;;1951.000;;;;;;;;;;;;;;;;;;;;;;;;;;;;;;;;;;;;;;;;;;;;;;;;;;;;;;;;;;;;;;;;;;;;;;;;;;;;;;;;;;;;;;;;;;;;;;;;;;;;;;;;;;;;;;;;;;;;;;;;;;;;;;;;;;;;;;;;;;;;;;;;;;;;;;;;;;;;;;;;;;;;;;;;;;;;;;;;;;;;;;;;;;;;;;;;;;;;;;;;;;;;;;;;;;;;;;;;;;;;;;;;;;;;;;;;;;;;;;;;;;;;;;;;;;;;;;;;;;;;;;;;;;;;;;;;;;;;;;;;;;;;;;;;;;;;;;;;;;;;;;;;;;;;;;;;;;;;;;;;;;;;;;;;;;;;;;;;;;;;;;;;;;;;;;;;;;;;;;;;;;;;;;;;;;;;;;;;;;;;;;;;;;;;;;;;;;;;;;;;;;;;;;;;;;;;;;;;;;;;;;;;;;;;;;;;;;;;;;;;;;;;;;;;;;;;;;;;;;0;11.00;13.10;8.30;14.90;16.00;14.30;1959;2115;1458;265;267;1549.60;;;17768760;12.00;;;;;;23.00
1507824000000;2017-10-12T17:00:00.000+0100;;;;;;;;;1.00;274.00;381.50;381.90;382.10;1710.00;1703.00;1705.00;;;;;;;;;;;;;;;;;;;;;;;;;;;;;;;;;;;;;;;;;;;;;;;;;;;;;;;;;;;;50.00;;;;;;;;;;;;;;;;;;;;;;;;;;;;;;;;;;;;;;36.00;54.00;37.00;14.00;;;;58.00;61.00;60.00;;;;;;;;;;;;;;;;;;;;;;;;;;;;;;;;;;;;94.00;88.00;94.00;;;;;;;;;;;;;;;;;;;;;;;1924.200;;;;;;;;;;;;;;;;;;;;;;;;;;;;;;;;;;;;;;;;;;;;;;;;;;;;;;;;;;;;;;;;;;;;;;;;;;;;;;;;;;;;;;;;;;;;;;;;;;;;;;;;;;;;;;;;;;;;;;;;;;;;;;;;;;;;;;;;;;;;;;;;;;;;;;;;;;;;;;;;;;;;;;;;;;;;;;;;;;;;;;;;;;;;;;;;;;;;;;;;;;;;;;;;;;;;;;;;;;;;;;;;;;;;;;;;;;;;;;;;;;;;;;;;;;;;;;;;;;;;;;;;;;;;;;;;;;;;;;;;;;;;;;;;;;;;;;;;;;;;;;;;;;;;;;;;;;;;;;;;;;;;;;;;;;;;;;;;;;;;;;;;;;;;;;;;;;;;;;;;;;;;;;;;;;;;;;;;;;;;;;;;;;;;;;;;;;;;;;;;;;;;;;;;;;;;;;;;;;;;;;;;;;;;;;;;;;;;;;;;;;;;;;;;;;;;;;;;;;0;10.70;12.80;8.70;14.90;15.70;14.30;1934;2119;1577;278;280;1551.40;;;17769082;12.00;;;;;;23.00
1507824600000;2017-10-12T17:10:00.000+0100;;;;;;;;;1.00;33.90;374.20;374.60;374.70;218.00;216.00;214.00;;;;;;;;;;;;;;;;;;;;;;;;;;;;;;;;;;;;;;;;;;;;;;;;;;;;;;;;;;;;50.10;;;;;;;;;;;;;;;;;;;;;;;;;;;;;;;;;;;;;;36.00;53.00;35.00;14.00;;;;60.00;63.00;60.00;;;;;;;;;;;;;;;;;;;;;;;;;;;;;;;;;;;;90.00;84.00;91.00;;;;;;;;;;;;;;;;;;;;;;;1926.300;;;;;;;;;;;;;;;;;;;;;;;;;;;;;;;;;;;;;;;;;;;;;;;;;;;;;;;;;;;;;;;;;;;;;;;;;;;;;;;;;;;;;;;;;;;;;;;;;;;;;;;;;;;;;;;;;;;;;;;;;;;;;;;;;;;;;;;;;;;;;;;;;;;;;;;;;;;;;;;;;;;;;;;;;;;;;;;;;;;;;;;;;;;;;;;;;;;;;;;;;;;;;;;;;;;;;;;;;;;;;;;;;;;;;;;;;;;;;;;;;;;;;;;;;;;;;;;;;;;;;;;;;;;;;;;;;;;;;;;;;;;;;;;;;;;;;;;;;;;;;;;;;;;;;;;;;;;;;;;;;;;;;;;;;;;;;;;;;;;;;;;;;;;;;;;;;;;;;;;;;;;;;;;;;;;;;;;;;;;;;;;;;;;;;;;;;;;;;;;;;;;;;;;;;;;;;;;;;;;;;;;;;;;;;;;;;;;;;;;;;;;;;;;;;;;;;;;;;;0;11.70;15.40;7.10;14.90;15.90;14.30;239;1575;176;276;274;1553.40;;;17769124;12.00;;;;;;23.00
1507825200000;2017-10-12T17:20:00.000+0100;;;;;;;;;1.00;226.60;377.80;378.20;378.30;1426.00;1418.00;1421.00;;;;;;;;;;;;;;;;;;;;;;;;;;;;;;;;;;;;;;;;;;;;;;;;;;;;;;;;;;;;50.00;;;;;;;;;;;;;;;;;;;;;;;;;;;;;;;;;;;;;;36.00;53.00;36.00;14.00;;;;56.00;60.00;57.00;;;;;;;;;;;;;;;;;;;;;;;;;;;;;;;;;;;;88.00;82.00;89.00;;;;;;;;;;;;;;;;;;;;;;;1997.200;;;;;;;;;;;;;;;;;;;;;;;;;;;;;;;;;;;;;;;;;;;;;;;;;;;;;;;;;;;;;;;;;;;;;;;;;;;;;;;;;;;;;;;;;;;;;;;;;;;;;;;;;;;;;;;;;;;;;;;;;;;;;;;;;;;;;;;;;;;;;;;;;;;;;;;;;;;;;;;;;;;;;;;;;;;;;;;;;;;;;;;;;;;;;;;;;;;;;;;;;;;;;;;;;;;;;;;;;;;;;;;;;;;;;;;;;;;;;;;;;;;;;;;;;;;;;;;;;;;;;;;;;;;;;;;;;;;;;;;;;;;;;;;;;;;;;;;;;;;;;;;;;;;;;;;;;;;;;;;;;;;;;;;;;;;;;;;;;;;;;;;;;;;;;;;;;;;;;;;;;;;;;;;;;;;;;;;;;;;;;;;;;;;;;;;;;;;;;;;;;;;;;;;;;;;;;;;;;;;;;;;;;;;;;;;;;;;;;;;;;;;;;;;;;;;;;;;;;;0;12.50;15.40;9.60;14.90;15.80;14.10;1600;2109;176;263;260;1548.60;;;17769390;12.00;;;;;;23.00
1507825800000;2017-10-12T17:30:00.000+0100;;;;;;;;;1.00;279.90;378.60;379.10;379.10;1761.00;1752.00;1756.00;;;;;;;;;;;;;;;;;;;;;;;;;;;;;;;;;;;;;;;;;;;;;;;;;;;;;;;;;;;;50.00;;;;;;;;;;;;;;;;;;;;;;;;;;;;;;;;;;;;;;36.00;55.00;37.00;14.00;;;;60.00;64.00;62.00;;;;;;;;;;;;;;;;;;;;;;;;;;;;;;;;;;;;93.00;86.00;93.00;;;;;;;;;;;;;;;;;;;;;;;1973.000;;;;;;;;;;;;;;;;;;;;;;;;;;;;;;;;;;;;;;;;;;;;;;;;;;;;;;;;;;;;;;;;;;;;;;;;;;;;;;;;;;;;;;;;;;;;;;;;;;;;;;;;;;;;;;;;;;;;;;;;;;;;;;;;;;;;;;;;;;;;;;;;;;;;;;;;;;;;;;;;;;;;;;;;;;;;;;;;;;;;;;;;;;;;;;;;;;;;;;;;;;;;;;;;;;;;;;;;;;;;;;;;;;;;;;;;;;;;;;;;;;;;;;;;;;;;;;;;;;;;;;;;;;;;;;;;;;;;;;;;;;;;;;;;;;;;;;;;;;;;;;;;;;;;;;;;;;;;;;;;;;;;;;;;;;;;;;;;;;;;;;;;;;;;;;;;;;;;;;;;;;;;;;;;;;;;;;;;;;;;;;;;;;;;;;;;;;;;;;;;;;;;;;;;;;;;;;;;;;;;;;;;;;;;;;;;;;;;;;;;;;;;;;;;;;;;;;;;;;0;11.60;15.10;7.90;14.90;15.90;14.10;1976;2115;1380;262;263;1551.30;;;17769718;12.00;;;;;;23.00
1507826400000;2017-10-12T17:40:00.000+0100;;;;;;;;;1.00;278.60;378.40;378.90;379.00;1752.00;1744.00;1748.00;;;;;;;;;;;;;;;;;;;;;;;;;;;;;;;;;;;;;;;;;;;;;;;;;;;;;;;;;;;;50.00;;;;;;;;;;;;;;;;;;;;;;;;;;;;;;;;;;;;;;37.00;56.00;37.00;14.00;;;;65.00;69.00;67.00;;;;;;;;;;;;;;;;;;;;;;;;;;;;;;;;;;;;95.00;89.00;96.00;;;;;;;;;;;;;;;;;;;;;;;1958.000;;;;;;;;;;;;;;;;;;;;;;;;;;;;;;;;;;;;;;;;;;;;;;;;;;;;;;;;;;;;;;;;;;;;;;;;;;;;;;;;;;;;;;;;;;;;;;;;;;;;;;;;;;;;;;;;;;;;;;;;;;;;;;;;;;;;;;;;;;;;;;;;;;;;;;;;;;;;;;;;;;;;;;;;;;;;;;;;;;;;;;;;;;;;;;;;;;;;;;;;;;;;;;;;;;;;;;;;;;;;;;;;;;;;;;;;;;;;;;;;;;;;;;;;;;;;;;;;;;;;;;;;;;;;;;;;;;;;;;;;;;;;;;;;;;;;;;;;;;;;;;;;;;;;;;;;;;;;;;;;;;;;;;;;;;;;;;;;;;;;;;;;;;;;;;;;;;;;;;;;;;;;;;;;;;;;;;;;;;;;;;;;;;;;;;;;;;;;;;;;;;;;;;;;;;;;;;;;;;;;;;;;;;;;;;;;;;;;;;;;;;;;;;;;;;;;;;;;;;0;10.90;13.50;8.20;14.90;15.90;14.10;1967;2111;1511;263;264;1551.80;;;17770046;12.00;;;;;;23.00
1507827000000;2017-10-12T17:50:00.000+0100;;;;;;;;;1.00;277.40;379.90;380.30;380.30;1740.00;1731.00;1735.00;;;;;;;;;;;;;;;;;;;;;;;;;;;;;;;;;;;;;;;;;;;;;;;;;;;;;;;;;;;;50.00;;;;;;;;;;;;;;;;;;;;;;;;;;;;;;;;;;;;;;37.00;56.00;37.00;14.00;;;;69.00;72.00;70.00;;;;;;;;;;;;;;;;;;;;;;;;;;;;;;;;;;;;97.00;90.00;97.00;;;;;;;;;;;;;;;;;;;;;;;1946.800;;;;;;;;;;;;;;;;;;;;;;;;;;;;;;;;;;;;;;;;;;;;;;;;;;;;;;;;;;;;;;;;;;;;;;;;;;;;;;;;;;;;;;;;;;;;;;;;;;;;;;;;;;;;;;;;;;;;;;;;;;;;;;;;;;;;;;;;;;;;;;;;;;;;;;;;;;;;;;;;;;;;;;;;;;;;;;;;;;;;;;;;;;;;;;;;;;;;;;;;;;;;;;;;;;;;;;;;;;;;;;;;;;;;;;;;;;;;;;;;;;;;;;;;;;;;;;;;;;;;;;;;;;;;;;;;;;;;;;;;;;;;;;;;;;;;;;;;;;;;;;;;;;;;;;;;;;;;;;;;;;;;;;;;;;;;;;;;;;;;;;;;;;;;;;;;;;;;;;;;;;;;;;;;;;;;;;;;;;;;;;;;;;;;;;;;;;;;;;;;;;;;;;;;;;;;;;;;;;;;;;;;;;;;;;;;;;;;;;;;;;;;;;;;;;;;;;;;;;0;10.90;14.50;8.40;14.90;15.90;14.20;1959;2112;1499;265;266;1552.60;;;17770372;12.00;;;;;;23.00
1507827600000;2017-10-12T18:00:00.000+0100;;;;;;;;;1.00;270.10;380.40;380.90;380.90;1691.00;1682.00;1686.00;;;;;;;;;;;;;;;;;;;;;;;;;;;;;;;;;;;;;;;;;;;;;;;;;;;;;;;;;;;;49.90;;;;;;;;;;;;;;;;;;;;;;;;;;;;;;;;;;;;;;37.00;53.00;37.00;14.00;;;;71.00;76.00;73.00;;;;;;;;;;;;;;;;;;;;;;;;;;;;;;;;;;;;98.00;91.00;98.00;;;;;;;;;;;;;;;;;;;;;;;1893.500;;;;;;;;;;;;;;;;;;;;;;;;;;;;;;;;;;;;;;;;;;;;;;;;;;;;;;;;;;;;;;;;;;;;;;;;;;;;;;;;;;;;;;;;;;;;;;;;;;;;;;;;;;;;;;;;;;;;;;;;;;;;;;;;;;;;;;;;;;;;;;;;;;;;;;;;;;;;;;;;;;;;;;;;;;;;;;;;;;;;;;;;;;;;;;;;;;;;;;;;;;;;;;;;;;;;;;;;;;;;;;;;;;;;;;;;;;;;;;;;;;;;;;;;;;;;;;;;;;;;;;;;;;;;;;;;;;;;;;;;;;;;;;;;;;;;;;;;;;;;;;;;;;;;;;;;;;;;;;;;;;;;;;;;;;;;;;;;;;;;;;;;;;;;;;;;;;;;;;;;;;;;;;;;;;;;;;;;;;;;;;;;;;;;;;;;;;;;;;;;;;;;;;;;;;;;;;;;;;;;;;;;;;;;;;;;;;;;;;;;;;;;;;;;;;;;;;;;;;0;10.80;13.10;7.90;14.90;16.10;14.20;1907;2117;1372;266;266;1551.50;;;17770690;12.00;;;;;;23.00
1507828200000;2017-10-12T18:10:00.000+0100;;;;;;;;;1.00;263.20;380.20;380.60;380.70;1649.00;1641.00;1645.00;;;;;;;;;;;;;;;;;;;;;;;;;;;;;;;;;;;;;;;;;;;;;;;;;;;;;;;;;;;;50.00;;;;;;;;;;;;;;;;;;;;;;;;;;;;;;;;;;;;;;37.00;52.00;37.00;14.00;;;;73.00;78.00;75.00;;;;;;;;;;;;;;;;;;;;;;;;;;;;;;;;;;;;98.00;91.00;98.00;;;;;;;;;;;;;;;;;;;;;;;1842.600;;;;;;;;;;;;;;;;;;;;;;;;;;;;;;;;;;;;;;;;;;;;;;;;;;;;;;;;;;;;;;;;;;;;;;;;;;;;;;;;;;;;;;;;;;;;;;;;;;;;;;;;;;;;;;;;;;;;;;;;;;;;;;;;;;;;;;;;;;;;;;;;;;;;;;;;;;;;;;;;;;;;;;;;;;;;;;;;;;;;;;;;;;;;;;;;;;;;;;;;;;;;;;;;;;;;;;;;;;;;;;;;;;;;;;;;;;;;;;;;;;;;;;;;;;;;;;;;;;;;;;;;;;;;;;;;;;;;;;;;;;;;;;;;;;;;;;;;;;;;;;;;;;;;;;;;;;;;;;;;;;;;;;;;;;;;;;;;;;;;;;;;;;;;;;;;;;;;;;;;;;;;;;;;;;;;;;;;;;;;;;;;;;;;;;;;;;;;;;;;;;;;;;;;;;;;;;;;;;;;;;;;;;;;;;;;;;;;;;;;;;;;;;;;;;;;;;;;;;0;10.40;12.70;7.50;14.90;15.80;14.10;1858;2115;1055;260;259;1551.10;;;17771000;12.00;;;;;;24.00
1507828800000;2017-10-12T18:20:00.000+0100;;;;;;;;;1.00;278.40;380.00;380.30;380.30;1746.00;1736.00;1739.00;;;;;;;;;;;;;;;;;;;;;;;;;;;;;;;;;;;;;;;;;;;;;;;;;;;;;;;;;;;;50.00;;;;;;;;;;;;;;;;;;;;;;;;;;;;;;;;;;;;;;37.00;52.00;37.00;14.00;;;;75.00;79.00;76.00;;;;;;;;;;;;;;;;;;;;;;;;;;;;;;;;;;;;98.00;91.00;99.00;;;;;;;;;;;;;;;;;;;;;;;1956.000;;;;;;;;;;;;;;;;;;;;;;;;;;;;;;;;;;;;;;;;;;;;;;;;;;;;;;;;;;;;;;;;;;;;;;;;;;;;;;;;;;;;;;;;;;;;;;;;;;;;;;;;;;;;;;;;;;;;;;;;;;;;;;;;;;;;;;;;;;;;;;;;;;;;;;;;;;;;;;;;;;;;;;;;;;;;;;;;;;;;;;;;;;;;;;;;;;;;;;;;;;;;;;;;;;;;;;;;;;;;;;;;;;;;;;;;;;;;;;;;;;;;;;;;;;;;;;;;;;;;;;;;;;;;;;;;;;;;;;;;;;;;;;;;;;;;;;;;;;;;;;;;;;;;;;;;;;;;;;;;;;;;;;;;;;;;;;;;;;;;;;;;;;;;;;;;;;;;;;;;;;;;;;;;;;;;;;;;;;;;;;;;;;;;;;;;;;;;;;;;;;;;;;;;;;;;;;;;;;;;;;;;;;;;;;;;;;;;;;;;;;;;;;;;;;;;;;;;;;0;11.00;13.90;9.30;14.90;15.70;14.20;1965;2118;1498;257;256;1552.50;;;17771328;12.00;;;;;;24.00
1507829400000;2017-10-12T18:30:00.000+0100;;;;;;;;;1.00;282.10;382.30;382.60;382.60;1758.00;1749.00;1753.00;;;;;;;;;;;;;;;;;;;;;;;;;;;;;;;;;;;;;;;;;;;;;;;;;;;;;;;;;;;;50.00;;;;;;;;;;;;;;;;;;;;;;;;;;;;;;;;;;;;;;37.00;52.00;37.00;14.00;;;;77.00;82.00;78.00;;;;;;;;;;;;;;;;;;;;;;;;;;;;;;;;;;;;99.00;92.00;99.00;;;;;;;;;;;;;;;;;;;;;;;1987.600;;;;;;;;;;;;;;;;;;;;;;;;;;;;;;;;;;;;;;;;;;;;;;;;;;;;;;;;;;;;;;;;;;;;;;;;;;;;;;;;;;;;;;;;;;;;;;;;;;;;;;;;;;;;;;;;;;;;;;;;;;;;;;;;;;;;;;;;;;;;;;;;;;;;;;;;;;;;;;;;;;;;;;;;;;;;;;;;;;;;;;;;;;;;;;;;;;;;;;;;;;;;;;;;;;;;;;;;;;;;;;;;;;;;;;;;;;;;;;;;;;;;;;;;;;;;;;;;;;;;;;;;;;;;;;;;;;;;;;;;;;;;;;;;;;;;;;;;;;;;;;;;;;;;;;;;;;;;;;;;;;;;;;;;;;;;;;;;;;;;;;;;;;;;;;;;;;;;;;;;;;;;;;;;;;;;;;;;;;;;;;;;;;;;;;;;;;;;;;;;;;;;;;;;;;;;;;;;;;;;;;;;;;;;;;;;;;;;;;;;;;;;;;;;;;;;;;;;;;0;12.40;15.20;9.20;14.90;15.80;14.10;1992;2111;1553;255;256;1552.00;;;17771660;12.00;;;;;;24.00
1507830000000;2017-10-12T18:40:00.000+0100;;;;;;;;;1.00;283.10;382.20;382.60;382.50;1765.00;1756.00;1760.00;;;;;;;;;;;;;;;;;;;;;;;;;;;;;;;;;;;;;;;;;;;;;;;;;;;;;;;;;;;;50.00;;;;;;;;;;;;;;;;;;;;;;;;;;;;;;;;;;;;;;37.00;52.00;37.00;15.00;;;;79.00;84.00;80.00;;;;;;;;;;;;;;;;;;;;;;;;;;;;;;;;;;;;100.00;93.00;100.00;;;;;;;;;;;;;;;;;;;;;;;1997.800;;;;;;;;;;;;;;;;;;;;;;;;;;;;;;;;;;;;;;;;;;;;;;;;;;;;;;;;;;;;;;;;;;;;;;;;;;;;;;;;;;;;;;;;;;;;;;;;;;;;;;;;;;;;;;;;;;;;;;;;;;;;;;;;;;;;;;;;;;;;;;;;;;;;;;;;;;;;;;;;;;;;;;;;;;;;;;;;;;;;;;;;;;;;;;;;;;;;;;;;;;;;;;;;;;;;;;;;;;;;;;;;;;;;;;;;;;;;;;;;;;;;;;;;;;;;;;;;;;;;;;;;;;;;;;;;;;;;;;;;;;;;;;;;;;;;;;;;;;;;;;;;;;;;;;;;;;;;;;;;;;;;;;;;;;;;;;;;;;;;;;;;;;;;;;;;;;;;;;;;;;;;;;;;;;;;;;;;;;;;;;;;;;;;;;;;;;;;;;;;;;;;;;;;;;;;;;;;;;;;;;;;;;;;;;;;;;;;;;;;;;;;;;;;;;;;;;;;;;0;13.00;16.20;9.90;14.90;16.20;13.80;1999;2118;1547;262;260;1551.30;;;17771994;13.00;;;;;;24.00
1507830600000;2017-10-12T18:50:00.000+0100;;;;;;;;;1.00;283.30;382.70;383.00;383.00;1764.00;1755.00;1760.00;;;;;;;;;;;;;;;;;;;;;;;;;;;;;;;;;;;;;;;;;;;;;;;;;;;;;;;;;;;;50.00;;;;;;;;;;;;;;;;;;;;;;;;;;;;;;;;;;;;;;37.00;52.00;37.00;15.00;;;;81.00;86.00;82.00;;;;;;;;;;;;;;;;;;;;;;;;;;;;;;;;;;;;100.00;93.00;101.00;;;;;;;;;;;;;;;;;;;;;;;2000.000;;;;;;;;;;;;;;;;;;;;;;;;;;;;;;;;;;;;;;;;;;;;;;;;;;;;;;;;;;;;;;;;;;;;;;;;;;;;;;;;;;;;;;;;;;;;;;;;;;;;;;;;;;;;;;;;;;;;;;;;;;;;;;;;;;;;;;;;;;;;;;;;;;;;;;;;;;;;;;;;;;;;;;;;;;;;;;;;;;;;;;;;;;;;;;;;;;;;;;;;;;;;;;;;;;;;;;;;;;;;;;;;;;;;;;;;;;;;;;;;;;;;;;;;;;;;;;;;;;;;;;;;;;;;;;;;;;;;;;;;;;;;;;;;;;;;;;;;;;;;;;;;;;;;;;;;;;;;;;;;;;;;;;;;;;;;;;;;;;;;;;;;;;;;;;;;;;;;;;;;;;;;;;;;;;;;;;;;;;;;;;;;;;;;;;;;;;;;;;;;;;;;;;;;;;;;;;;;;;;;;;;;;;;;;;;;;;;;;;;;;;;;;;;;;;;;;;;;;;0;13.30;18.00;9.70;14.90;16.20;14.10;2000;2024;1979;257;258;1550.00;;;17772326;13.00;;;;;;24.00
1507831200000;2017-10-12T19:00:00.000+0100;;;;;;;;;1.00;281.50;382.60;383.00;383.00;1753.00;1743.00;1748.00;;;;;;;;;;;;;;;;;;;;;;;;;;;;;;;;;;;;;;;;;;;;;;;;;;;;;;;;;;;;50.00;;;;;;;;;;;;;;;;;;;;;;;;;;;;;;;;;;;;;;37.00;52.00;37.00;15.00;;;;83.00;87.00;83.00;;;;;;;;;;;;;;;;;;;;;;;;;;;;;;;;;;;;100.00;93.00;101.00;;;;;;;;;;;;;;;;;;;;;;;1997.400;;;;;;;;;;;;;;;;;;;;;;;;;;;;;;;;;;;;;;;;;;;;;;;;;;;;;;;;;;;;;;;;;;;;;;;;;;;;;;;;;;;;;;;;;;;;;;;;;;;;;;;;;;;;;;;;;;;;;;;;;;;;;;;;;;;;;;;;;;;;;;;;;;;;;;;;;;;;;;;;;;;;;;;;;;;;;;;;;;;;;;;;;;;;;;;;;;;;;;;;;;;;;;;;;;;;;;;;;;;;;;;;;;;;;;;;;;;;;;;;;;;;;;;;;;;;;;;;;;;;;;;;;;;;;;;;;;;;;;;;;;;;;;;;;;;;;;;;;;;;;;;;;;;;;;;;;;;;;;;;;;;;;;;;;;;;;;;;;;;;;;;;;;;;;;;;;;;;;;;;;;;;;;;;;;;;;;;;;;;;;;;;;;;;;;;;;;;;;;;;;;;;;;;;;;;;;;;;;;;;;;;;;;;;;;;;;;;;;;;;;;;;;;;;;;;;;;;;;;0;13.10;16.90;10.10;14.90;15.70;13.90;1988;2108;1605;260;259;1550.70;;;17772658;13.00;;;;;;25.00
1507831800000;2017-10-12T19:10:00.000+0100;;;;;;;;;1.00;282.80;381.60;382.00;381.90;1766.00;1757.00;1761.00;;;;;;;;;;;;;;;;;;;;;;;;;;;;;;;;;;;;;;;;;;;;;;;;;;;;;;;;;;;;50.00;;;;;;;;;;;;;;;;;;;;;;;;;;;;;;;;;;;;;;38.00;52.00;37.00;15.00;;;;84.00;89.00;85.00;;;;;;;;;;;;;;;;;;;;;;;;;;;;;;;;;;;;100.00;94.00;101.00;;;;;;;;;;;;;;;;;;;;;;;1997.400;;;;;;;;;;;;;;;;;;;;;;;;;;;;;;;;;;;;;;;;;;;;;;;;;;;;;;;;;;;;;;;;;;;;;;;;;;;;;;;;;;;;;;;;;;;;;;;;;;;;;;;;;;;;;;;;;;;;;;;;;;;;;;;;;;;;;;;;;;;;;;;;;;;;;;;;;;;;;;;;;;;;;;;;;;;;;;;;;;;;;;;;;;;;;;;;;;;;;;;;;;;;;;;;;;;;;;;;;;;;;;;;;;;;;;;;;;;;;;;;;;;;;;;;;;;;;;;;;;;;;;;;;;;;;;;;;;;;;;;;;;;;;;;;;;;;;;;;;;;;;;;;;;;;;;;;;;;;;;;;;;;;;;;;;;;;;;;;;;;;;;;;;;;;;;;;;;;;;;;;;;;;;;;;;;;;;;;;;;;;;;;;;;;;;;;;;;;;;;;;;;;;;;;;;;;;;;;;;;;;;;;;;;;;;;;;;;;;;;;;;;;;;;;;;;;;;;;;;;0;12.60;16.60;9.60;14.90;15.90;14.10;1997;2115;1759;261;258;1552.20;;;17772990;13.00;;;;;;25.00
1507832400000;2017-10-12T19:20:00.000+0100;;;;;;;;;1.00;283.10;383.20;383.70;383.50;1759.00;1750.00;1754.00;;;;;;;;;;;;;;;;;;;;;;;;;;;;;;;;;;;;;;;;;;;;;;;;;;;;;;;;;;;;50.00;;;;;;;;;;;;;;;;;;;;;;;;;;;;;;;;;;;;;;38.00;52.00;37.00;15.00;;;;82.00;88.00;83.00;;;;;;;;;;;;;;;;;;;;;;;;;;;;;;;;;;;;101.00;94.00;101.00;;;;;;;;;;;;;;;;;;;;;;;1999.800;;;;;;;;;;;;;;;;;;;;;;;;;;;;;;;;;;;;;;;;;;;;;;;;;;;;;;;;;;;;;;;;;;;;;;;;;;;;;;;;;;;;;;;;;;;;;;;;;;;;;;;;;;;;;;;;;;;;;;;;;;;;;;;;;;;;;;;;;;;;;;;;;;;;;;;;;;;;;;;;;;;;;;;;;;;;;;;;;;;;;;;;;;;;;;;;;;;;;;;;;;;;;;;;;;;;;;;;;;;;;;;;;;;;;;;;;;;;;;;;;;;;;;;;;;;;;;;;;;;;;;;;;;;;;;;;;;;;;;;;;;;;;;;;;;;;;;;;;;;;;;;;;;;;;;;;;;;;;;;;;;;;;;;;;;;;;;;;;;;;;;;;;;;;;;;;;;;;;;;;;;;;;;;;;;;;;;;;;;;;;;;;;;;;;;;;;;;;;;;;;;;;;;;;;;;;;;;;;;;;;;;;;;;;;;;;;;;;;;;;;;;;;;;;;;;;;;;;;;0;12.70;15.80;9.60;14.90;15.90;14.00;1999;2043;1806;255;257;1550.30;;;17773324;13.00;;;;;;25.00
1507833000000;2017-10-12T19:30:00.000+0100;;;;;;;;;1.00;283.20;383.30;383.90;383.60;1760.00;1751.00;1755.00;;;;;;;;;;;;;;;;;;;;;;;;;;;;;;;;;;;;;;;;;;;;;;;;;;;;;;;;;;;;50.00;;;;;;;;;;;;;;;;;;;;;;;;;;;;;;;;;;;;;;38.00;52.00;37.00;15.00;;;;70.00;79.00;73.00;;;;;;;;;;;;;;;;;;;;;;;;;;;;;;;;;;;;101.00;94.00;101.00;;;;;;;;;;;;;;;;;;;;;;;1998.600;;;;;;;;;;;;;;;;;;;;;;;;;;;;;;;;;;;;;;;;;;;;;;;;;;;;;;;;;;;;;;;;;;;;;;;;;;;;;;;;;;;;;;;;;;;;;;;;;;;;;;;;;;;;;;;;;;;;;;;;;;;;;;;;;;;;;;;;;;;;;;;;;;;;;;;;;;;;;;;;;;;;;;;;;;;;;;;;;;;;;;;;;;;;;;;;;;;;;;;;;;;;;;;;;;;;;;;;;;;;;;;;;;;;;;;;;;;;;;;;;;;;;;;;;;;;;;;;;;;;;;;;;;;;;;;;;;;;;;;;;;;;;;;;;;;;;;;;;;;;;;;;;;;;;;;;;;;;;;;;;;;;;;;;;;;;;;;;;;;;;;;;;;;;;;;;;;;;;;;;;;;;;;;;;;;;;;;;;;;;;;;;;;;;;;;;;;;;;;;;;;;;;;;;;;;;;;;;;;;;;;;;;;;;;;;;;;;;;;;;;;;;;;;;;;;;;;;;;;0;12.70;15.50;10.20;14.90;15.90;13.90;1999;2108;1757;261;260;1551.50;;;17773656;12.00;;;;;;26.00
1507833600000;2017-10-12T19:40:00.000+0100;;;;;;;;;1.00;283.30;384.20;384.80;384.50;1756.00;1747.00;1751.00;;;;;;;;;;;;;;;;;;;;;;;;;;;;;;;;;;;;;;;;;;;;;;;;;;;;;;;;;;;;50.00;;;;;;;;;;;;;;;;;;;;;;;;;;;;;;;;;;;;;;38.00;52.00;37.00;15.00;;;;63.00;74.00;65.00;;;;;;;;;;;;;;;;;;;;;;;;;;;;;;;;;;;;101.00;94.00;101.00;;;;;;;;;;;;;;;;;;;;;;;1999.200;;;;;;;;;;;;;;;;;;;;;;;;;;;;;;;;;;;;;;;;;;;;;;;;;;;;;;;;;;;;;;;;;;;;;;;;;;;;;;;;;;;;;;;;;;;;;;;;;;;;;;;;;;;;;;;;;;;;;;;;;;;;;;;;;;;;;;;;;;;;;;;;;;;;;;;;;;;;;;;;;;;;;;;;;;;;;;;;;;;;;;;;;;;;;;;;;;;;;;;;;;;;;;;;;;;;;;;;;;;;;;;;;;;;;;;;;;;;;;;;;;;;;;;;;;;;;;;;;;;;;;;;;;;;;;;;;;;;;;;;;;;;;;;;;;;;;;;;;;;;;;;;;;;;;;;;;;;;;;;;;;;;;;;;;;;;;;;;;;;;;;;;;;;;;;;;;;;;;;;;;;;;;;;;;;;;;;;;;;;;;;;;;;;;;;;;;;;;;;;;;;;;;;;;;;;;;;;;;;;;;;;;;;;;;;;;;;;;;;;;;;;;;;;;;;;;;;;;;;0;12.70;15.70;9.90;14.90;16.00;14.10;2000;2115;1798;258;259;1550.80;;;17773990;12.00;;;;;;27.00
1507834200000;2017-10-12T19:50:00.000+0100;;;;;;;;;1.00;283.30;382.60;383.20;382.90;1763.00;1754.00;1758.00;;;;;;;;;;;;;;;;;;;;;;;;;;;;;;;;;;;;;;;;;;;;;;;;;;;;;;;;;;;;50.00;;;;;;;;;;;;;;;;;;;;;;;;;;;;;;;;;;;;;;38.00;52.00;37.00;15.00;;;;59.00;71.00;60.00;;;;;;;;;;;;;;;;;;;;;;;;;;;;;;;;;;;;101.00;94.00;101.00;;;;;;;;;;;;;;;;;;;;;;;1999.000;;;;;;;;;;;;;;;;;;;;;;;;;;;;;;;;;;;;;;;;;;;;;;;;;;;;;;;;;;;;;;;;;;;;;;;;;;;;;;;;;;;;;;;;;;;;;;;;;;;;;;;;;;;;;;;;;;;;;;;;;;;;;;;;;;;;;;;;;;;;;;;;;;;;;;;;;;;;;;;;;;;;;;;;;;;;;;;;;;;;;;;;;;;;;;;;;;;;;;;;;;;;;;;;;;;;;;;;;;;;;;;;;;;;;;;;;;;;;;;;;;;;;;;;;;;;;;;;;;;;;;;;;;;;;;;;;;;;;;;;;;;;;;;;;;;;;;;;;;;;;;;;;;;;;;;;;;;;;;;;;;;;;;;;;;;;;;;;;;;;;;;;;;;;;;;;;;;;;;;;;;;;;;;;;;;;;;;;;;;;;;;;;;;;;;;;;;;;;;;;;;;;;;;;;;;;;;;;;;;;;;;;;;;;;;;;;;;;;;;;;;;;;;;;;;;;;;;;;;0;12.60;15.60;9.00;14.90;15.90;14.00;2000;2109;1755;258;260;1551.20;;;17774324;12.00;;;;;;27.00
1507834800000;2017-10-12T20:00:00.000+0100;;;;;;;;;1.00;282.10;381.90;382.40;382.10;1759.00;1750.00;1755.00;;;;;;;;;;;;;;;;;;;;;;;;;;;;;;;;;;;;;;;;;;;;;;;;;;;;;;;;;;;;50.00;;;;;;;;;;;;;;;;;;;;;;;;;;;;;;;;;;;;;;38.00;52.00;37.00;15.00;;;;56.00;68.00;57.00;;;;;;;;;;;;;;;;;;;;;;;;;;;;;;;;;;;;101.00;94.00;101.00;;;;;;;;;;;;;;;;;;;;;;;1988.300;;;;;;;;;;;;;;;;;;;;;;;;;;;;;;;;;;;;;;;;;;;;;;;;;;;;;;;;;;;;;;;;;;;;;;;;;;;;;;;;;;;;;;;;;;;;;;;;;;;;;;;;;;;;;;;;;;;;;;;;;;;;;;;;;;;;;;;;;;;;;;;;;;;;;;;;;;;;;;;;;;;;;;;;;;;;;;;;;;;;;;;;;;;;;;;;;;;;;;;;;;;;;;;;;;;;;;;;;;;;;;;;;;;;;;;;;;;;;;;;;;;;;;;;;;;;;;;;;;;;;;;;;;;;;;;;;;;;;;;;;;;;;;;;;;;;;;;;;;;;;;;;;;;;;;;;;;;;;;;;;;;;;;;;;;;;;;;;;;;;;;;;;;;;;;;;;;;;;;;;;;;;;;;;;;;;;;;;;;;;;;;;;;;;;;;;;;;;;;;;;;;;;;;;;;;;;;;;;;;;;;;;;;;;;;;;;;;;;;;;;;;;;;;;;;;;;;;;;;0;12.00;15.20;9.20;14.90;15.80;13.90;1992;2116;1528;261;261;1551.50;;;17774656;12.00;;;;;;27.00
1507835400000;2017-10-12T20:10:00.000+0100;;;;;;;;;1.00;281.90;381.70;382.30;381.90;1759.00;1750.00;1755.00;;;;;;;;;;;;;;;;;;;;;;;;;;;;;;;;;;;;;;;;;;;;;;;;;;;;;;;;;;;;50.00;;;;;;;;;;;;;;;;;;;;;;;;;;;;;;;;;;;;;;38.00;52.00;37.00;15.00;;;;54.00;67.00;54.00;;;;;;;;;;;;;;;;;;;;;;;;;;;;;;;;;;;;101.00;94.00;101.00;;;;;;;;;;;;;;;;;;;;;;;1984.800;;;;;;;;;;;;;;;;;;;;;;;;;;;;;;;;;;;;;;;;;;;;;;;;;;;;;;;;;;;;;;;;;;;;;;;;;;;;;;;;;;;;;;;;;;;;;;;;;;;;;;;;;;;;;;;;;;;;;;;;;;;;;;;;;;;;;;;;;;;;;;;;;;;;;;;;;;;;;;;;;;;;;;;;;;;;;;;;;;;;;;;;;;;;;;;;;;;;;;;;;;;;;;;;;;;;;;;;;;;;;;;;;;;;;;;;;;;;;;;;;;;;;;;;;;;;;;;;;;;;;;;;;;;;;;;;;;;;;;;;;;;;;;;;;;;;;;;;;;;;;;;;;;;;;;;;;;;;;;;;;;;;;;;;;;;;;;;;;;;;;;;;;;;;;;;;;;;;;;;;;;;;;;;;;;;;;;;;;;;;;;;;;;;;;;;;;;;;;;;;;;;;;;;;;;;;;;;;;;;;;;;;;;;;;;;;;;;;;;;;;;;;;;;;;;;;;;;;;;0;11.80;14.50;9.60;14.90;16.10;14.10;1990;2119;1599;261;260;1551.20;;;17774988;12.00;;;;;;27.00
1507836000000;2017-10-12T20:20:00.000+0100;;;;;;;;;1.00;282.60;382.60;383.30;382.90;1759.00;1751.00;1755.00;;;;;;;;;;;;;;;;;;;;;;;;;;;;;;;;;;;;;;;;;;;;;;;;;;;;;;;;;;;;50.00;;;;;;;;;;;;;;;;;;;;;;;;;;;;;;;;;;;;;;38.00;52.00;37.00;15.00;;;;53.00;66.00;53.00;;;;;;;;;;;;;;;;;;;;;;;;;;;;;;;;;;;;101.00;94.00;101.00;;;;;;;;;;;;;;;;;;;;;;;1993.400;;;;;;;;;;;;;;;;;;;;;;;;;;;;;;;;;;;;;;;;;;;;;;;;;;;;;;;;;;;;;;;;;;;;;;;;;;;;;;;;;;;;;;;;;;;;;;;;;;;;;;;;;;;;;;;;;;;;;;;;;;;;;;;;;;;;;;;;;;;;;;;;;;;;;;;;;;;;;;;;;;;;;;;;;;;;;;;;;;;;;;;;;;;;;;;;;;;;;;;;;;;;;;;;;;;;;;;;;;;;;;;;;;;;;;;;;;;;;;;;;;;;;;;;;;;;;;;;;;;;;;;;;;;;;;;;;;;;;;;;;;;;;;;;;;;;;;;;;;;;;;;;;;;;;;;;;;;;;;;;;;;;;;;;;;;;;;;;;;;;;;;;;;;;;;;;;;;;;;;;;;;;;;;;;;;;;;;;;;;;;;;;;;;;;;;;;;;;;;;;;;;;;;;;;;;;;;;;;;;;;;;;;;;;;;;;;;;;;;;;;;;;;;;;;;;;;;;;;;0;11.70;15.10;8.50;14.90;16.10;14.00;1995;2113;1739;261;260;1550.90;;;17775320;12.00;;;;;;27.00
1507836600000;2017-10-12T20:30:00.000+0100;;;;;;;;;1.00;281.20;381.70;382.20;381.90;1755.00;1746.00;1750.00;;;;;;;;;;;;;;;;;;;;;;;;;;;;;;;;;;;;;;;;;;;;;;;;;;;;;;;;;;;;50.00;;;;;;;;;;;;;;;;;;;;;;;;;;;;;;;;;;;;;;38.00;52.00;37.00;15.00;;;;56.00;68.00;55.00;;;;;;;;;;;;;;;;;;;;;;;;;;;;;;;;;;;;101.00;94.00;101.00;;;;;;;;;;;;;;;;;;;;;;;1981.700;;;;;;;;;;;;;;;;;;;;;;;;;;;;;;;;;;;;;;;;;;;;;;;;;;;;;;;;;;;;;;;;;;;;;;;;;;;;;;;;;;;;;;;;;;;;;;;;;;;;;;;;;;;;;;;;;;;;;;;;;;;;;;;;;;;;;;;;;;;;;;;;;;;;;;;;;;;;;;;;;;;;;;;;;;;;;;;;;;;;;;;;;;;;;;;;;;;;;;;;;;;;;;;;;;;;;;;;;;;;;;;;;;;;;;;;;;;;;;;;;;;;;;;;;;;;;;;;;;;;;;;;;;;;;;;;;;;;;;;;;;;;;;;;;;;;;;;;;;;;;;;;;;;;;;;;;;;;;;;;;;;;;;;;;;;;;;;;;;;;;;;;;;;;;;;;;;;;;;;;;;;;;;;;;;;;;;;;;;;;;;;;;;;;;;;;;;;;;;;;;;;;;;;;;;;;;;;;;;;;;;;;;;;;;;;;;;;;;;;;;;;;;;;;;;;;;;;;;;0;11.50;14.00;8.40;14.90;16.20;14.20;1985;2108;1547;261;260;1553.00;;;17775650;12.00;;;;;;27.00
1507837200000;2017-10-12T20:40:00.000+0100;;;;;;;;;1.00;280.10;381.20;381.70;381.40;1751.00;1741.00;1745.00;;;;;;;;;;;;;;;;;;;;;;;;;;;;;;;;;;;;;;;;;;;;;;;;;;;;;;;;;;;;50.00;;;;;;;;;;;;;;;;;;;;;;;;;;;;;;;;;;;;;;38.00;52.00;37.00;15.00;;;;65.00;75.00;63.00;;;;;;;;;;;;;;;;;;;;;;;;;;;;;;;;;;;;101.00;94.00;101.00;;;;;;;;;;;;;;;;;;;;;;;1981.100;;;;;;;;;;;;;;;;;;;;;;;;;;;;;;;;;;;;;;;;;;;;;;;;;;;;;;;;;;;;;;;;;;;;;;;;;;;;;;;;;;;;;;;;;;;;;;;;;;;;;;;;;;;;;;;;;;;;;;;;;;;;;;;;;;;;;;;;;;;;;;;;;;;;;;;;;;;;;;;;;;;;;;;;;;;;;;;;;;;;;;;;;;;;;;;;;;;;;;;;;;;;;;;;;;;;;;;;;;;;;;;;;;;;;;;;;;;;;;;;;;;;;;;;;;;;;;;;;;;;;;;;;;;;;;;;;;;;;;;;;;;;;;;;;;;;;;;;;;;;;;;;;;;;;;;;;;;;;;;;;;;;;;;;;;;;;;;;;;;;;;;;;;;;;;;;;;;;;;;;;;;;;;;;;;;;;;;;;;;;;;;;;;;;;;;;;;;;;;;;;;;;;;;;;;;;;;;;;;;;;;;;;;;;;;;;;;;;;;;;;;;;;;;;;;;;;;;;;;0;11.90;15.10;8.60;14.90;16.00;14.10;1977;2113;1363;261;260;1550.80;;;17775980;12.00;;;;;;26.00
1507837800000;2017-10-12T20:50:00.000+0100;;;;;;;;;1.00;282.20;380.80;381.40;381.20;1766.00;1756.00;1761.00;;;;;;;;;;;;;;;;;;;;;;;;;;;;;;;;;;;;;;;;;;;;;;;;;;;;;;;;;;;;50.00;;;;;;;;;;;;;;;;;;;;;;;;;;;;;;;;;;;;;;38.00;52.00;37.00;15.00;;;;71.00;80.00;69.00;;;;;;;;;;;;;;;;;;;;;;;;;;;;;;;;;;;;101.00;94.00;101.00;;;;;;;;;;;;;;;;;;;;;;;1988.500;;;;;;;;;;;;;;;;;;;;;;;;;;;;;;;;;;;;;;;;;;;;;;;;;;;;;;;;;;;;;;;;;;;;;;;;;;;;;;;;;;;;;;;;;;;;;;;;;;;;;;;;;;;;;;;;;;;;;;;;;;;;;;;;;;;;;;;;;;;;;;;;;;;;;;;;;;;;;;;;;;;;;;;;;;;;;;;;;;;;;;;;;;;;;;;;;;;;;;;;;;;;;;;;;;;;;;;;;;;;;;;;;;;;;;;;;;;;;;;;;;;;;;;;;;;;;;;;;;;;;;;;;;;;;;;;;;;;;;;;;;;;;;;;;;;;;;;;;;;;;;;;;;;;;;;;;;;;;;;;;;;;;;;;;;;;;;;;;;;;;;;;;;;;;;;;;;;;;;;;;;;;;;;;;;;;;;;;;;;;;;;;;;;;;;;;;;;;;;;;;;;;;;;;;;;;;;;;;;;;;;;;;;;;;;;;;;;;;;;;;;;;;;;;;;;;;;;;;;0;11.90;16.60;8.50;14.90;16.00;13.80;1993;2112;1526;257;256;1552.00;;;17776312;12.00;;;;;;26.00
1507838400000;2017-10-12T21:00:00.000+0100;;;;;;;;;1.00;283.30;381.40;382.00;381.80;1769.00;1760.00;1764.00;;;;;;;;;;;;;;;;;;;;;;;;;;;;;;;;;;;;;;;;;;;;;;;;;;;;;;;;;;;;50.00;;;;;;;;;;;;;;;;;;;;;;;;;;;;;;;;;;;;;;38.00;52.00;37.00;15.00;;;;76.00;84.00;74.00;;;;;;;;;;;;;;;;;;;;;;;;;;;;;;;;;;;;101.00;94.00;101.00;;;;;;;;;;;;;;;;;;;;;;;1999.300;;;;;;;;;;;;;;;;;;;;;;;;;;;;;;;;;;;;;;;;;;;;;;;;;;;;;;;;;;;;;;;;;;;;;;;;;;;;;;;;;;;;;;;;;;;;;;;;;;;;;;;;;;;;;;;;;;;;;;;;;;;;;;;;;;;;;;;;;;;;;;;;;;;;;;;;;;;;;;;;;;;;;;;;;;;;;;;;;;;;;;;;;;;;;;;;;;;;;;;;;;;;;;;;;;;;;;;;;;;;;;;;;;;;;;;;;;;;;;;;;;;;;;;;;;;;;;;;;;;;;;;;;;;;;;;;;;;;;;;;;;;;;;;;;;;;;;;;;;;;;;;;;;;;;;;;;;;;;;;;;;;;;;;;;;;;;;;;;;;;;;;;;;;;;;;;;;;;;;;;;;;;;;;;;;;;;;;;;;;;;;;;;;;;;;;;;;;;;;;;;;;;;;;;;;;;;;;;;;;;;;;;;;;;;;;;;;;;;;;;;;;;;;;;;;;;;;;;;;0;12.80;16.70;10.50;14.90;15.90;13.70;2000;2119;1763;256;256;1551.60;;;17776646;12.00;;;;;;25.00
1507839000000;2017-10-12T21:10:00.000+0100;;;;;;;;;1.00;281.90;381.70;382.20;382.00;1759.00;1750.00;1754.00;;;;;;;;;;;;;;;;;;;;;;;;;;;;;;;;;;;;;;;;;;;;;;;;;;;;;;;;;;;;50.00;;;;;;;;;;;;;;;;;;;;;;;;;;;;;;;;;;;;;;38.00;52.00;37.00;16.00;;;;80.00;88.00;78.00;;;;;;;;;;;;;;;;;;;;;;;;;;;;;;;;;;;;100.00;94.00;101.00;;;;;;;;;;;;;;;;;;;;;;;1985.500;;;;;;;;;;;;;;;;;;;;;;;;;;;;;;;;;;;;;;;;;;;;;;;;;;;;;;;;;;;;;;;;;;;;;;;;;;;;;;;;;;;;;;;;;;;;;;;;;;;;;;;;;;;;;;;;;;;;;;;;;;;;;;;;;;;;;;;;;;;;;;;;;;;;;;;;;;;;;;;;;;;;;;;;;;;;;;;;;;;;;;;;;;;;;;;;;;;;;;;;;;;;;;;;;;;;;;;;;;;;;;;;;;;;;;;;;;;;;;;;;;;;;;;;;;;;;;;;;;;;;;;;;;;;;;;;;;;;;;;;;;;;;;;;;;;;;;;;;;;;;;;;;;;;;;;;;;;;;;;;;;;;;;;;;;;;;;;;;;;;;;;;;;;;;;;;;;;;;;;;;;;;;;;;;;;;;;;;;;;;;;;;;;;;;;;;;;;;;;;;;;;;;;;;;;;;;;;;;;;;;;;;;;;;;;;;;;;;;;;;;;;;;;;;;;;;;;;;;;0;12.10;16.00;8.60;14.90;15.90;13.80;1990;2110;1350;258;258;1551.20;;;17776978;12.00;;;;;;25.00
1507839600000;2017-10-12T21:20:00.000+0100;;;;;;;;;1.00;283.30;381.20;381.80;381.60;1770.00;1761.00;1766.00;;;;;;;;;;;;;;;;;;;;;;;;;;;;;;;;;;;;;;;;;;;;;;;;;;;;;;;;;;;;50.00;;;;;;;;;;;;;;;;;;;;;;;;;;;;;;;;;;;;;;38.00;52.00;37.00;16.00;;;;80.00;88.00;80.00;;;;;;;;;;;;;;;;;;;;;;;;;;;;;;;;;;;;101.00;94.00;101.00;;;;;;;;;;;;;;;;;;;;;;;2000.000;;;;;;;;;;;;;;;;;;;;;;;;;;;;;;;;;;;;;;;;;;;;;;;;;;;;;;;;;;;;;;;;;;;;;;;;;;;;;;;;;;;;;;;;;;;;;;;;;;;;;;;;;;;;;;;;;;;;;;;;;;;;;;;;;;;;;;;;;;;;;;;;;;;;;;;;;;;;;;;;;;;;;;;;;;;;;;;;;;;;;;;;;;;;;;;;;;;;;;;;;;;;;;;;;;;;;;;;;;;;;;;;;;;;;;;;;;;;;;;;;;;;;;;;;;;;;;;;;;;;;;;;;;;;;;;;;;;;;;;;;;;;;;;;;;;;;;;;;;;;;;;;;;;;;;;;;;;;;;;;;;;;;;;;;;;;;;;;;;;;;;;;;;;;;;;;;;;;;;;;;;;;;;;;;;;;;;;;;;;;;;;;;;;;;;;;;;;;;;;;;;;;;;;;;;;;;;;;;;;;;;;;;;;;;;;;;;;;;;;;;;;;;;;;;;;;;;;;;;0;13.50;17.80;10.20;14.90;15.90;13.80;2000;2026;1974;258;259;1550.80;;;17777310;12.00;;;;;;26.00
1507840200000;2017-10-12T21:30:00.000+0100;;;;;;;;;1.00;281.90;380.50;381.20;380.70;1764.00;1755.00;1759.00;;;;;;;;;;;;;;;;;;;;;;;;;;;;;;;;;;;;;;;;;;;;;;;;;;;;;;;;;;;;50.00;;;;;;;;;;;;;;;;;;;;;;;;;;;;;;;;;;;;;;38.00;52.00;37.00;15.00;;;;69.00;81.00;71.00;;;;;;;;;;;;;;;;;;;;;;;;;;;;;;;;;;;;101.00;94.00;101.00;;;;;;;;;;;;;;;;;;;;;;;1985.300;;;;;;;;;;;;;;;;;;;;;;;;;;;;;;;;;;;;;;;;;;;;;;;;;;;;;;;;;;;;;;;;;;;;;;;;;;;;;;;;;;;;;;;;;;;;;;;;;;;;;;;;;;;;;;;;;;;;;;;;;;;;;;;;;;;;;;;;;;;;;;;;;;;;;;;;;;;;;;;;;;;;;;;;;;;;;;;;;;;;;;;;;;;;;;;;;;;;;;;;;;;;;;;;;;;;;;;;;;;;;;;;;;;;;;;;;;;;;;;;;;;;;;;;;;;;;;;;;;;;;;;;;;;;;;;;;;;;;;;;;;;;;;;;;;;;;;;;;;;;;;;;;;;;;;;;;;;;;;;;;;;;;;;;;;;;;;;;;;;;;;;;;;;;;;;;;;;;;;;;;;;;;;;;;;;;;;;;;;;;;;;;;;;;;;;;;;;;;;;;;;;;;;;;;;;;;;;;;;;;;;;;;;;;;;;;;;;;;;;;;;;;;;;;;;;;;;;;;;0;11.70;14.80;9.20;14.90;16.00;13.90;1990;2109;1601;262;261;1550.80;;;17777642;12.00;;;;;;27.00
1507840800000;2017-10-12T21:40:00.000+0100;;;;;;;;;1.00;279.90;380.50;381.20;380.80;1751.00;1742.00;1748.00;;;;;;;;;;;;;;;;;;;;;;;;;;;;;;;;;;;;;;;;;;;;;;;;;;;;;;;;;;;;50.00;;;;;;;;;;;;;;;;;;;;;;;;;;;;;;;;;;;;;;38.00;52.00;37.00;15.00;;;;63.00;76.00;64.00;;;;;;;;;;;;;;;;;;;;;;;;;;;;;;;;;;;;101.00;94.00;101.00;;;;;;;;;;;;;;;;;;;;;;;1968.300;;;;;;;;;;;;;;;;;;;;;;;;;;;;;;;;;;;;;;;;;;;;;;;;;;;;;;;;;;;;;;;;;;;;;;;;;;;;;;;;;;;;;;;;;;;;;;;;;;;;;;;;;;;;;;;;;;;;;;;;;;;;;;;;;;;;;;;;;;;;;;;;;;;;;;;;;;;;;;;;;;;;;;;;;;;;;;;;;;;;;;;;;;;;;;;;;;;;;;;;;;;;;;;;;;;;;;;;;;;;;;;;;;;;;;;;;;;;;;;;;;;;;;;;;;;;;;;;;;;;;;;;;;;;;;;;;;;;;;;;;;;;;;;;;;;;;;;;;;;;;;;;;;;;;;;;;;;;;;;;;;;;;;;;;;;;;;;;;;;;;;;;;;;;;;;;;;;;;;;;;;;;;;;;;;;;;;;;;;;;;;;;;;;;;;;;;;;;;;;;;;;;;;;;;;;;;;;;;;;;;;;;;;;;;;;;;;;;;;;;;;;;;;;;;;;;;;;;;;0;11.50;15.10;8.10;14.90;16.20;13.60;1976;2115;1345;262;263;1552.60;;;17777972;12.00;;;;;;27.00
1507841400000;2017-10-12T21:50:00.000+0100;;;;;;;;;1.00;277.20;379.70;380.50;380.00;1738.00;1729.00;1733.00;;;;;;;;;;;;;;;;;;;;;;;;;;;;;;;;;;;;;;;;;;;;;;;;;;;;;;;;;;;;50.00;;;;;;;;;;;;;;;;;;;;;;;;;;;;;;;;;;;;;;38.00;52.00;37.00;15.00;;;;59.00;72.00;59.00;;;;;;;;;;;;;;;;;;;;;;;;;;;;;;;;;;;;100.00;94.00;101.00;;;;;;;;;;;;;;;;;;;;;;;1945.900;;;;;;;;;;;;;;;;;;;;;;;;;;;;;;;;;;;;;;;;;;;;;;;;;;;;;;;;;;;;;;;;;;;;;;;;;;;;;;;;;;;;;;;;;;;;;;;;;;;;;;;;;;;;;;;;;;;;;;;;;;;;;;;;;;;;;;;;;;;;;;;;;;;;;;;;;;;;;;;;;;;;;;;;;;;;;;;;;;;;;;;;;;;;;;;;;;;;;;;;;;;;;;;;;;;;;;;;;;;;;;;;;;;;;;;;;;;;;;;;;;;;;;;;;;;;;;;;;;;;;;;;;;;;;;;;;;;;;;;;;;;;;;;;;;;;;;;;;;;;;;;;;;;;;;;;;;;;;;;;;;;;;;;;;;;;;;;;;;;;;;;;;;;;;;;;;;;;;;;;;;;;;;;;;;;;;;;;;;;;;;;;;;;;;;;;;;;;;;;;;;;;;;;;;;;;;;;;;;;;;;;;;;;;;;;;;;;;;;;;;;;;;;;;;;;;;;;;;;0;11.40;16.40;8.20;14.90;16.00;13.80;1957;2109;1322;262;262;1551.00;;;17778298;12.00;;;;;;27.00
1507842000000;2017-10-12T22:00:00.000+0100;;;;;;;;;1.00;280.50;379.30;380.10;379.60;1761.00;1752.00;1756.00;;;;;;;;;;;;;;;;;;;;;;;;;;;;;;;;;;;;;;;;;;;;;;;;;;;;;;;;;;;;50.00;;;;;;;;;;;;;;;;;;;;;;;;;;;;;;;;;;;;;;38.00;52.00;37.00;15.00;;;;56.00;69.00;56.00;;;;;;;;;;;;;;;;;;;;;;;;;;;;;;;;;;;;100.00;93.00;101.00;;;;;;;;;;;;;;;;;;;;;;;1970.600;;;;;;;;;;;;;;;;;;;;;;;;;;;;;;;;;;;;;;;;;;;;;;;;;;;;;;;;;;;;;;;;;;;;;;;;;;;;;;;;;;;;;;;;;;;;;;;;;;;;;;;;;;;;;;;;;;;;;;;;;;;;;;;;;;;;;;;;;;;;;;;;;;;;;;;;;;;;;;;;;;;;;;;;;;;;;;;;;;;;;;;;;;;;;;;;;;;;;;;;;;;;;;;;;;;;;;;;;;;;;;;;;;;;;;;;;;;;;;;;;;;;;;;;;;;;;;;;;;;;;;;;;;;;;;;;;;;;;;;;;;;;;;;;;;;;;;;;;;;;;;;;;;;;;;;;;;;;;;;;;;;;;;;;;;;;;;;;;;;;;;;;;;;;;;;;;;;;;;;;;;;;;;;;;;;;;;;;;;;;;;;;;;;;;;;;;;;;;;;;;;;;;;;;;;;;;;;;;;;;;;;;;;;;;;;;;;;;;;;;;;;;;;;;;;;;;;;;;;0;11.60;16.00;8.50;14.90;16.10;14.00;1980;2114;1383;262;261;1551.90;;;17778628;12.00;;;;;;27.00
1507842600000;2017-10-12T22:10:00.000+0100;;;;;;;;;1.00;253.40;380.00;380.80;380.40;1588.00;1580.00;1583.00;;;;;;;;;;;;;;;;;;;;;;;;;;;;;;;;;;;;;;;;;;;;;;;;;;;;;;;;;;;;50.00;;;;;;;;;;;;;;;;;;;;;;;;;;;;;;;;;;;;;;38.00;52.00;37.00;15.00;;;;54.00;68.00;54.00;;;;;;;;;;;;;;;;;;;;;;;;;;;;;;;;;;;;99.00;93.00;100.00;;;;;;;;;;;;;;;;;;;;;;;1768.600;;;;;;;;;;;;;;;;;;;;;;;;;;;;;;;;;;;;;;;;;;;;;;;;;;;;;;;;;;;;;;;;;;;;;;;;;;;;;;;;;;;;;;;;;;;;;;;;;;;;;;;;;;;;;;;;;;;;;;;;;;;;;;;;;;;;;;;;;;;;;;;;;;;;;;;;;;;;;;;;;;;;;;;;;;;;;;;;;;;;;;;;;;;;;;;;;;;;;;;;;;;;;;;;;;;;;;;;;;;;;;;;;;;;;;;;;;;;;;;;;;;;;;;;;;;;;;;;;;;;;;;;;;;;;;;;;;;;;;;;;;;;;;;;;;;;;;;;;;;;;;;;;;;;;;;;;;;;;;;;;;;;;;;;;;;;;;;;;;;;;;;;;;;;;;;;;;;;;;;;;;;;;;;;;;;;;;;;;;;;;;;;;;;;;;;;;;;;;;;;;;;;;;;;;;;;;;;;;;;;;;;;;;;;;;;;;;;;;;;;;;;;;;;;;;;;;;;;;;0;10.10;13.20;6.60;14.90;16.20;13.90;1789;2118;877;265;266;1549.50;;;17778926;12.00;;;;;;27.00
1507843200000;2017-10-12T22:20:00.000+0100;;;;;;;;;1.00;256.10;382.00;382.70;382.40;1596.00;1588.00;1592.00;;;;;;;;;;;;;;;;;;;;;;;;;;;;;;;;;;;;;;;;;;;;;;;;;;;;;;;;;;;;50.00;;;;;;;;;;;;;;;;;;;;;;;;;;;;;;;;;;;;;;38.00;52.00;37.00;15.00;;;;53.00;66.00;52.00;;;;;;;;;;;;;;;;;;;;;;;;;;;;;;;;;;;;99.00;92.00;99.00;;;;;;;;;;;;;;;;;;;;;;;1791.900;;;;;;;;;;;;;;;;;;;;;;;;;;;;;;;;;;;;;;;;;;;;;;;;;;;;;;;;;;;;;;;;;;;;;;;;;;;;;;;;;;;;;;;;;;;;;;;;;;;;;;;;;;;;;;;;;;;;;;;;;;;;;;;;;;;;;;;;;;;;;;;;;;;;;;;;;;;;;;;;;;;;;;;;;;;;;;;;;;;;;;;;;;;;;;;;;;;;;;;;;;;;;;;;;;;;;;;;;;;;;;;;;;;;;;;;;;;;;;;;;;;;;;;;;;;;;;;;;;;;;;;;;;;;;;;;;;;;;;;;;;;;;;;;;;;;;;;;;;;;;;;;;;;;;;;;;;;;;;;;;;;;;;;;;;;;;;;;;;;;;;;;;;;;;;;;;;;;;;;;;;;;;;;;;;;;;;;;;;;;;;;;;;;;;;;;;;;;;;;;;;;;;;;;;;;;;;;;;;;;;;;;;;;;;;;;;;;;;;;;;;;;;;;;;;;;;;;;;;0;10.20;12.70;7.50;14.90;15.80;14.10;1808;2114;783;264;263;1550.40;;;17779228;12.00;;;;;;27.00
1507843800000;2017-10-12T22:30:00.000+0100;;;;;;;;;1.00;256.80;379.00;379.60;379.40;1613.00;1605.00;1609.00;;;;;;;;;;;;;;;;;;;;;;;;;;;;;;;;;;;;;;;;;;;;;;;;;;;;;;;;;;;;50.00;;;;;;;;;;;;;;;;;;;;;;;;;;;;;;;;;;;;;;37.00;51.00;37.00;15.00;;;;61.00;72.00;58.00;;;;;;;;;;;;;;;;;;;;;;;;;;;;;;;;;;;;98.00;91.00;99.00;;;;;;;;;;;;;;;;;;;;;;;1792.600;;;;;;;;;;;;;;;;;;;;;;;;;;;;;;;;;;;;;;;;;;;;;;;;;;;;;;;;;;;;;;;;;;;;;;;;;;;;;;;;;;;;;;;;;;;;;;;;;;;;;;;;;;;;;;;;;;;;;;;;;;;;;;;;;;;;;;;;;;;;;;;;;;;;;;;;;;;;;;;;;;;;;;;;;;;;;;;;;;;;;;;;;;;;;;;;;;;;;;;;;;;;;;;;;;;;;;;;;;;;;;;;;;;;;;;;;;;;;;;;;;;;;;;;;;;;;;;;;;;;;;;;;;;;;;;;;;;;;;;;;;;;;;;;;;;;;;;;;;;;;;;;;;;;;;;;;;;;;;;;;;;;;;;;;;;;;;;;;;;;;;;;;;;;;;;;;;;;;;;;;;;;;;;;;;;;;;;;;;;;;;;;;;;;;;;;;;;;;;;;;;;;;;;;;;;;;;;;;;;;;;;;;;;;;;;;;;;;;;;;;;;;;;;;;;;;;;;;;;0;10.20;13.10;6.80;14.90;16.00;14.30;1813;2111;1076;262;262;1549.30;;;17779528;12.00;;;;;;26.00
1507844400000;2017-10-12T22:40:00.000+0100;;;;;;;;;1.00;225.10;380.10;380.70;380.50;1410.00;1403.00;1405.00;;;;;;;;;;;;;;;;;;;;;;;;;;;;;;;;;;;;;;;;;;;;;;;;;;;;;;;;;;;;50.00;;;;;;;;;;;;;;;;;;;;;;;;;;;;;;;;;;;;;;37.00;51.00;36.00;15.00;;;;66.00;76.00;63.00;;;;;;;;;;;;;;;;;;;;;;;;;;;;;;;;;;;;97.00;90.00;97.00;;;;;;;;;;;;;;;;;;;;;;;1579.800;;;;;;;;;;;;;;;;;;;;;;;;;;;;;;;;;;;;;;;;;;;;;;;;;;;;;;;;;;;;;;;;;;;;;;;;;;;;;;;;;;;;;;;;;;;;;;;;;;;;;;;;;;;;;;;;;;;;;;;;;;;;;;;;;;;;;;;;;;;;;;;;;;;;;;;;;;;;;;;;;;;;;;;;;;;;;;;;;;;;;;;;;;;;;;;;;;;;;;;;;;;;;;;;;;;;;;;;;;;;;;;;;;;;;;;;;;;;;;;;;;;;;;;;;;;;;;;;;;;;;;;;;;;;;;;;;;;;;;;;;;;;;;;;;;;;;;;;;;;;;;;;;;;;;;;;;;;;;;;;;;;;;;;;;;;;;;;;;;;;;;;;;;;;;;;;;;;;;;;;;;;;;;;;;;;;;;;;;;;;;;;;;;;;;;;;;;;;;;;;;;;;;;;;;;;;;;;;;;;;;;;;;;;;;;;;;;;;;;;;;;;;;;;;;;;;;;;;;;0;9.30;12.00;6.50;14.90;15.70;14.30;1589;2110;917;260;261;1545.70;;;17779794;12.00;;;;;;25.00
1507845000000;2017-10-12T22:50:00.000+0100;;;;;;;;;1.00;270.40;382.80;383.40;383.20;1682.00;1674.00;1678.00;;;;;;;;;;;;;;;;;;;;;;;;;;;;;;;;;;;;;;;;;;;;;;;;;;;;;;;;;;;;50.00;;;;;;;;;;;;;;;;;;;;;;;;;;;;;;;;;;;;;;37.00;51.00;37.00;15.00;;;;69.00;79.00;67.00;;;;;;;;;;;;;;;;;;;;;;;;;;;;;;;;;;;;97.00;90.00;97.00;;;;;;;;;;;;;;;;;;;;;;;1893.800;;;;;;;;;;;;;;;;;;;;;;;;;;;;;;;;;;;;;;;;;;;;;;;;;;;;;;;;;;;;;;;;;;;;;;;;;;;;;;;;;;;;;;;;;;;;;;;;;;;;;;;;;;;;;;;;;;;;;;;;;;;;;;;;;;;;;;;;;;;;;;;;;;;;;;;;;;;;;;;;;;;;;;;;;;;;;;;;;;;;;;;;;;;;;;;;;;;;;;;;;;;;;;;;;;;;;;;;;;;;;;;;;;;;;;;;;;;;;;;;;;;;;;;;;;;;;;;;;;;;;;;;;;;;;;;;;;;;;;;;;;;;;;;;;;;;;;;;;;;;;;;;;;;;;;;;;;;;;;;;;;;;;;;;;;;;;;;;;;;;;;;;;;;;;;;;;;;;;;;;;;;;;;;;;;;;;;;;;;;;;;;;;;;;;;;;;;;;;;;;;;;;;;;;;;;;;;;;;;;;;;;;;;;;;;;;;;;;;;;;;;;;;;;;;;;;;;;;;;0;10.70;13.50;7.90;14.90;15.80;14.10;1909;2113;1299;263;264;1551.30;;;17780114;12.00;;;;;;25.00
1507845600000;2017-10-12T23:00:00.000+0100;;;;;;;;;1.00;261.60;380.30;381.00;380.70;1638.00;1630.00;1633.00;;;;;;;;;;;;;;;;;;;;;;;;;;;;;;;;;;;;;;;;;;;;;;;;;;;;;;;;;;;;50.00;;;;;;;;;;;;;;;;;;;;;;;;;;;;;;;;;;;;;;37.00;51.00;37.00;15.00;;;;74.00;82.00;72.00;;;;;;;;;;;;;;;;;;;;;;;;;;;;;;;;;;;;97.00;91.00;98.00;;;;;;;;;;;;;;;;;;;;;;;1842.200;;;;;;;;;;;;;;;;;;;;;;;;;;;;;;;;;;;;;;;;;;;;;;;;;;;;;;;;;;;;;;;;;;;;;;;;;;;;;;;;;;;;;;;;;;;;;;;;;;;;;;;;;;;;;;;;;;;;;;;;;;;;;;;;;;;;;;;;;;;;;;;;;;;;;;;;;;;;;;;;;;;;;;;;;;;;;;;;;;;;;;;;;;;;;;;;;;;;;;;;;;;;;;;;;;;;;;;;;;;;;;;;;;;;;;;;;;;;;;;;;;;;;;;;;;;;;;;;;;;;;;;;;;;;;;;;;;;;;;;;;;;;;;;;;;;;;;;;;;;;;;;;;;;;;;;;;;;;;;;;;;;;;;;;;;;;;;;;;;;;;;;;;;;;;;;;;;;;;;;;;;;;;;;;;;;;;;;;;;;;;;;;;;;;;;;;;;;;;;;;;;;;;;;;;;;;;;;;;;;;;;;;;;;;;;;;;;;;;;;;;;;;;;;;;;;;;;;;;;0;10.50;13.90;7.30;14.90;16.10;14.00;1846;2116;1299;270;268;1549.80;;;17780422;12.00;;;;;;25.00
1507846200000;2017-10-12T23:10:00.000+0100;;;;;;;;;1.00;248.30;379.80;380.40;380.20;1557.00;1548.00;1552.00;;;;;;;;;;;;;;;;;;;;;;;;;;;;;;;;;;;;;;;;;;;;;;;;;;;;;;;;;;;;50.00;;;;;;;;;;;;;;;;;;;;;;;;;;;;;;;;;;;;;;37.00;51.00;37.00;15.00;;;;76.00;84.00;75.00;;;;;;;;;;;;;;;;;;;;;;;;;;;;;;;;;;;;97.00;91.00;98.00;;;;;;;;;;;;;;;;;;;;;;;1736.800;;;;;;;;;;;;;;;;;;;;;;;;;;;;;;;;;;;;;;;;;;;;;;;;;;;;;;;;;;;;;;;;;;;;;;;;;;;;;;;;;;;;;;;;;;;;;;;;;;;;;;;;;;;;;;;;;;;;;;;;;;;;;;;;;;;;;;;;;;;;;;;;;;;;;;;;;;;;;;;;;;;;;;;;;;;;;;;;;;;;;;;;;;;;;;;;;;;;;;;;;;;;;;;;;;;;;;;;;;;;;;;;;;;;;;;;;;;;;;;;;;;;;;;;;;;;;;;;;;;;;;;;;;;;;;;;;;;;;;;;;;;;;;;;;;;;;;;;;;;;;;;;;;;;;;;;;;;;;;;;;;;;;;;;;;;;;;;;;;;;;;;;;;;;;;;;;;;;;;;;;;;;;;;;;;;;;;;;;;;;;;;;;;;;;;;;;;;;;;;;;;;;;;;;;;;;;;;;;;;;;;;;;;;;;;;;;;;;;;;;;;;;;;;;;;;;;;;;;;0;10.00;13.20;6.60;14.80;16.30;13.40;1754;2119;758;267;266;1543.50;;;17780714;12.00;;;;;;25.00
1507846800000;2017-10-12T23:20:00.000+0100;;;;;;;;;1.00;251.90;379.90;380.50;380.20;1579.00;1570.00;1575.00;;;;;;;;;;;;;;;;;;;;;;;;;;;;;;;;;;;;;;;;;;;;;;;;;;;;;;;;;;;;50.00;;;;;;;;;;;;;;;;;;;;;;;;;;;;;;;;;;;;;;37.00;51.00;37.00;15.00;;;;78.00;86.00;77.00;;;;;;;;;;;;;;;;;;;;;;;;;;;;;;;;;;;;97.00;90.00;97.00;;;;;;;;;;;;;;;;;;;;;;;1764.400;;;;;;;;;;;;;;;;;;;;;;;;;;;;;;;;;;;;;;;;;;;;;;;;;;;;;;;;;;;;;;;;;;;;;;;;;;;;;;;;;;;;;;;;;;;;;;;;;;;;;;;;;;;;;;;;;;;;;;;;;;;;;;;;;;;;;;;;;;;;;;;;;;;;;;;;;;;;;;;;;;;;;;;;;;;;;;;;;;;;;;;;;;;;;;;;;;;;;;;;;;;;;;;;;;;;;;;;;;;;;;;;;;;;;;;;;;;;;;;;;;;;;;;;;;;;;;;;;;;;;;;;;;;;;;;;;;;;;;;;;;;;;;;;;;;;;;;;;;;;;;;;;;;;;;;;;;;;;;;;;;;;;;;;;;;;;;;;;;;;;;;;;;;;;;;;;;;;;;;;;;;;;;;;;;;;;;;;;;;;;;;;;;;;;;;;;;;;;;;;;;;;;;;;;;;;;;;;;;;;;;;;;;;;;;;;;;;;;;;;;;;;;;;;;;;;;;;;;;0;10.10;13.30;6.50;14.90;16.20;14.20;1778;2109;949;265;265;1549.50;;;17781010;12.00;;;;;;25.00
1507847400000;2017-10-12T23:30:00.000+0100;;;;;;;;;1.00;273.70;381.00;381.50;381.20;1712.00;1703.00;1708.00;;;;;;;;;;;;;;;;;;;;;;;;;;;;;;;;;;;;;;;;;;;;;;;;;;;;;;;;;;;;50.00;;;;;;;;;;;;;;;;;;;;;;;;;;;;;;;;;;;;;;37.00;51.00;37.00;15.00;;;;80.00;87.00;79.00;;;;;;;;;;;;;;;;;;;;;;;;;;;;;;;;;;;;97.00;91.00;98.00;;;;;;;;;;;;;;;;;;;;;;;1940.400;;;;;;;;;;;;;;;;;;;;;;;;;;;;;;;;;;;;;;;;;;;;;;;;;;;;;;;;;;;;;;;;;;;;;;;;;;;;;;;;;;;;;;;;;;;;;;;;;;;;;;;;;;;;;;;;;;;;;;;;;;;;;;;;;;;;;;;;;;;;;;;;;;;;;;;;;;;;;;;;;;;;;;;;;;;;;;;;;;;;;;;;;;;;;;;;;;;;;;;;;;;;;;;;;;;;;;;;;;;;;;;;;;;;;;;;;;;;;;;;;;;;;;;;;;;;;;;;;;;;;;;;;;;;;;;;;;;;;;;;;;;;;;;;;;;;;;;;;;;;;;;;;;;;;;;;;;;;;;;;;;;;;;;;;;;;;;;;;;;;;;;;;;;;;;;;;;;;;;;;;;;;;;;;;;;;;;;;;;;;;;;;;;;;;;;;;;;;;;;;;;;;;;;;;;;;;;;;;;;;;;;;;;;;;;;;;;;;;;;;;;;;;;;;;;;;;;;;;;0;11.00;13.20;8.80;14.90;15.80;14.10;1932;2111;1278;262;262;1551.40;;;17781332;12.00;;;;;;25.00
1507848000000;2017-10-12T23:40:00.000+0100;;;;;;;;;1.00;273.30;381.30;381.80;381.60;1708.00;1699.00;1703.00;;;;;;;;;;;;;;;;;;;;;;;;;;;;;;;;;;;;;;;;;;;;;;;;;;;;;;;;;;;;50.00;;;;;;;;;;;;;;;;;;;;;;;;;;;;;;;;;;;;;;37.00;51.00;37.00;15.00;;;;82.00;89.00;81.00;;;;;;;;;;;;;;;;;;;;;;;;;;;;;;;;;;;;98.00;91.00;99.00;;;;;;;;;;;;;;;;;;;;;;;1914.600;;;;;;;;;;;;;;;;;;;;;;;;;;;;;;;;;;;;;;;;;;;;;;;;;;;;;;;;;;;;;;;;;;;;;;;;;;;;;;;;;;;;;;;;;;;;;;;;;;;;;;;;;;;;;;;;;;;;;;;;;;;;;;;;;;;;;;;;;;;;;;;;;;;;;;;;;;;;;;;;;;;;;;;;;;;;;;;;;;;;;;;;;;;;;;;;;;;;;;;;;;;;;;;;;;;;;;;;;;;;;;;;;;;;;;;;;;;;;;;;;;;;;;;;;;;;;;;;;;;;;;;;;;;;;;;;;;;;;;;;;;;;;;;;;;;;;;;;;;;;;;;;;;;;;;;;;;;;;;;;;;;;;;;;;;;;;;;;;;;;;;;;;;;;;;;;;;;;;;;;;;;;;;;;;;;;;;;;;;;;;;;;;;;;;;;;;;;;;;;;;;;;;;;;;;;;;;;;;;;;;;;;;;;;;;;;;;;;;;;;;;;;;;;;;;;;;;;;;;0;10.80;13.20;7.10;14.90;15.80;14.20;1930;2121;1443;262;264;1552.10;;;17781654;12.00;;;;;;25.00
1507848600000;2017-10-12T23:50:00.000+0100;;;;;;;;;1.00;239.20;382.20;382.80;382.50;1488.00;1481.00;1484.00;;;;;;;;;;;;;;;;;;;;;;;;;;;;;;;;;;;;;;;;;;;;;;;;;;;;;;;;;;;;50.10;;;;;;;;;;;;;;;;;;;;;;;;;;;;;;;;;;;;;;37.00;51.00;37.00;15.00;;;;75.00;84.00;76.00;;;;;;;;;;;;;;;;;;;;;;;;;;;;;;;;;;;;98.00;92.00;99.00;;;;;;;;;;;;;;;;;;;;;;;1826.800;;;;;;;;;;;;;;;;;;;;;;;;;;;;;;;;;;;;;;;;;;;;;;;;;;;;;;;;;;;;;;;;;;;;;;;;;;;;;;;;;;;;;;;;;;;;;;;;;;;;;;;;;;;;;;;;;;;;;;;;;;;;;;;;;;;;;;;;;;;;;;;;;;;;;;;;;;;;;;;;;;;;;;;;;;;;;;;;;;;;;;;;;;;;;;;;;;;;;;;;;;;;;;;;;;;;;;;;;;;;;;;;;;;;;;;;;;;;;;;;;;;;;;;;;;;;;;;;;;;;;;;;;;;;;;;;;;;;;;;;;;;;;;;;;;;;;;;;;;;;;;;;;;;;;;;;;;;;;;;;;;;;;;;;;;;;;;;;;;;;;;;;;;;;;;;;;;;;;;;;;;;;;;;;;;;;;;;;;;;;;;;;;;;;;;;;;;;;;;;;;;;;;;;;;;;;;;;;;;;;;;;;;;;;;;;;;;;;;;;;;;;;;;;;;;;;;;;;;;0;10.20;12.70;7.30;14.90;15.80;14.10;1689;2120;180;268;267;1551.00;;;17781936;12.00;;;;;;26.00
