Timestamp;DateTime;T Generatorkuehlluft;T Gear Bearing Temperatur HS-ROT;T Wellenlager;Scheinleistung;U ac;I ac;Operation Mode;Turmauslenkung;Grid Production CosPhi (avg);Blindleistung;Spannung L1-N;Spannung L2-N;Spannung L3-N;Strom L1;Strom L2;Strom L3;Pitch Angle 1 (avg);Gondelumdrehung;Generatordrehzahl;DC Modules;Windabweichung 1 sek;Pitch Angle 2 (avg);Pitch Angle 3 (avg);Blattwinkel 1 (Soll);Blattwinkel 2 (Soll);Blattwinkel 3 (Soll);cos phi (Soll);n-Soll 1;n-Soll 2;Drehmoment;Drehmoment (Soll);Max. Operatingstate;Gondelbild;Windabweichung 10 sek;Schnelllaufzahl;Digital 1;Digital 2;Leistungsschalter Zuschaltungen;Triebstr.beschleunigung;Turmbeschleunigung;Anlagenzustand;Gear Bearing High Speed Shaft Generator Temperature (avg);Hydraulikvordruck;T.1(202);T.2(205);T.3(208);T.4(211);T.5(214);T.6(217);T.7(220);T.8(224);T.9(227);T.10(231);T.11(234);Int.Temp.;T.Sub1(202);T.Sub2(205);T.Sub3(208);T.Sub4(211);T.Sub5(214);T.Sub6(217);T.Sub7(220);T.Sub8(224);T.Sub9(227);T.Sub10(231);T.Sub11(234);Intern T.Sub;Windg. 1+2;T. SAMI;A.Ein(236);A.Ein(239);A.Ein(242);A.Ein(245);A.Aus(400);A.Aus(404);Netz Freq.;Grid voltage;Drehstromsteller Soll;Deviation Wind Direction To Nacelle Direction (avg);Leistungsmittelwert 5 Sek;Leistungsmittelwert 30 Sek;zugeschaltete Blindleistung;Leistungsklasse;Zustand Blatt;Anzahl Komp. Stufen;T Stator;Subtotal Energy Generator 1;Subtotal Energy Generator 2;Subtotal Production Time Generator 1;Subtotal Production Time Generator 2;Subtotal Availability Total Hours;Subtotal Availability Total Error;Subtotal Availability;Subtotal Wind Average;Subtotal Wind Maximum;Subtotal Availability Wind OK Hours;Subtotal Availability Braked Hours;Subtotal Availability External Error Hours;Subtotal Availability Grid Error Hours;Total Energy Generator 1;Total Energy Generator 2;Total Production Time Generator 1;Total Production Time Generator 2;Total Availability Total Hours;Total Availability Total Error;Total Availability;Total Wind Average;Total Wind Maximum;Total Availability Wind OK Hours;Total Availability Braked Hours;Total Availability External Error Hours;Total Availability Grid Error Hours;Blattwinkel;T Hydraulic Oil;T Gear Oil;T Generator Cooling Water;T Spin;Generator Slip Ring Top Temperature (avg);FreeForReuse;T Spin Slip Ring;High Voltage Trafo Phase 1 Temperature (avg);High Voltage Trafo Phase 2 Temperature (avg);High Voltage Trafo Phase 3 Temperature (avg);Event;Event Modul;Air Pressure;Niederschlag;Wingeschwindigkeit (Extern);Windrichtungsabweichung Max;Windrichtungsabweichung Min;Windrichtungsabweichung (Extern);Generatordrehzahl Max;Generatordrehzahl Min;Blindleistung Max;Blindleistung Min;Netzspannung Max;Netzspannung Min;Netzstrom;Netzstrom Max;Netzstrom Min;Statorstrom;Blattwinkel Durchschnitt;Blattwinkel Max;Blattwinkel Min;Leistung Bezug;Scheinleistung Bezug;Scheinleistung Bezug Max;Active Power Reference Value;Reactive Power Reference Value;Schwingungssensor 1 X Achse Max;Schwingungssensor 1 Y Achse Max;Schwingungssensor 2 X Achse Max;Schwingungssensor 2 Y Achse Max;Energie Produktion;Energie Bezug;Blindenergie Produktion;Blindenergie Bezug;Gondelposition Sensor;Statortemperatur L1;Statortemperatur L2;Statortemperatur L3;Blatt1 Motortemperatur;Blatt2 Motortemperatur;Blatt3 Motortemperatur;Umrichter (Generator zu Gleich) Temperatur;Umrichter (Gleich zu Netz) Temperatur;Produktionsstunden;Bezugszaehler;Setpoint frequenzy;t (Total);t (Produktionsbetrieb);t (Innerhalb Windgrenzen);Setpoint voltage;Produktion Zaehler-Lebenszeit kWh;Exported active energy;Exported active energy (red. op-mode);Setpoint in percent;Setpoint active power in percent;Internal setpoint max power;Internal setpoint stop WTG;Internal setpoint start WTG;Betriebsstunden Gen. 1;Betriebsstunden Gen. 2;Grid Possible Power (avg);Air Density;Max. Grid Active Power (Setpoint);Min. Grid Active Power (Setpoint);Max. Possible Grid Active Power (Setpoint);Full Power Operation Time;Power Reduced Operation Time;Min. Operatingstate;Wind Speed 2;Wind Speed 3;Wind Direction 2;Relative Humidity;T Generator Bearing DE;T Generator Bearing NDE;Radiation Module [W/m2];Radiation Horizontal [W/m2];Module Temperature;Wind Speed 4;Wind Speed 5;Wind Speed 6;Wind Speed 7;Wind Speed 8;Wind Direction 3;Wind Direction 4;Temperature Outside 2;Availability Wind Sensor 1;Availability Wind Sensor 2;Active Wind Sector In Period LaPM / Boost);Sector Angle Begin In Period (LaPM / Boost);Sector Angle End In Period (LaPM / Boost);Sector Time In Period (LaPM / Boost);Wind Direction Leading To Power Management (LaPM / Boost);Number Of Currently Main Wind Sensor;Active Wind Sensor;Relative Wind Direction (avg);Relative Wind Direction (min);Relative Wind Direction (max);Relative Wind Direction (stddev);Relative Wind Direction Sensor 1 (avg);Relative Wind Direction Sensor 1 (min);Relative Wind Direction Sensor 1 (max);Relative Wind Direction Sensor 1 (stddev);Relative Wind Direction Sensor 2 (avg);Relative Wind Direction Sensor 2 (min);Relative Wind Direction Sensor 2 (max);Relative Wind Direction Sensor 2 (stddev);Estimated Wind Speed (avg);Estimated Wind Speed (min);Estimated Wind Speed (max);Estimated Wind Speed (stddev);Wind Speed (stddev);Wind Speed Sensor 1 (avg);Wind Speed Sensor 1 (min);Wind Speed Sensor 1 (max);Wind Speed Sensor 1 (stddev);Wind Speed Sensor 2 (avg);Wind Speed Sensor 2 (min);Wind Speed Sensor 2 (max);Wind Speed Sensor 2 (stddev);Pitch Angle 1 (min);Pitch Angle 1 (max);Pitch Angle 1 (stddev);Ground Controller Temperature (avg);Ground Controller Temperature (min);Ground Controller Temperature (max);Ground Controller Temperature (std);Hub Controller Temperature (avg);Hub Controller Temperature (min);Hub Controller Temperature (max);Hub Controller Temperature (stddev);Top Controller Temperature (avg);Top Controller Temperature (min);Top Controller Temperature (max);Top Controller Temperature (stddev);VCP Choke Coil Temperature (avg);VCP Choke Coil Temperature (min);VCP Choke Coil Temperature (max);VCP Choke Coil Temperature (stddev);VCP Temperature (avg);VCP Temperature (min);VCP Temperature (max);VCP Temperature (stddev);VCP Wtr Temperatur (avg);VCP Wtr Temperatur (min);VCP Wtr Temperatur (max);VCP Wtr Temperatur (stddev);Gear Bearing Temperature A (avg);Gear Bearing Temperature A (min);Gear Bearing Temperature A (max);Gear Bearing Temperature A (stddev);Gear Bearing Temperature B (avg);Gear Bearing Temperature B (min);Gear Bearing Temperature B (max);Fermenter Niveau;Fermenter Druck;Fermenter ph-Wert;Fermenter Redoxpotential;Fermenter Temperatur 1;Fermenter Gasanalyse CO2;Fermenter Gasanalyse H2S;Fermenter Gasanalyse CH4;Fermenter Gasanalyse O2;Fermenter TS-Gehalt;Fermenter oTS-Gehalt;Fermenter1 Niveau;Fermenter1 Druck;Fermenter1 ph-Wert;Fermenter1 Redoxpotential;Fermenter1 Temperatur 1;Fermenter1 Gasanalyse CO2;Fermenter1 Gasanalyse H2S;Fermenter1 Gasanalyse CH4;Fermenter1 Gasanalyse O2;Fermenter1 TS-Gehalt;Fermenter1 oTS-Gehalt;Fermenter2 Niveau;Fermenter2 Druck;Fermenter2 ph-Wert;Fermenter2 Redoxpotential;Fermenter2 Temperatur 1;Fermenter2 Gasanalyse CO2;Fermenter2 Gasanalyse H2S;Fermenter2 Gasanalyse CH4;Fermenter2 Gasanalyse O2;Fermenter2 TS-Gehalt;Fermenter2 oTS-Gehalt;Fermenter3 Niveau;Fermenter3 Druck;Fermenter3 ph-Wert;Fermenter3 Redoxpotential;Fermenter3 Temperatur 1;Fermenter3 Gasanalyse CO2;Fermenter3 Gasanalyse H2S;Fermenter3 Gasanalyse CH4;Fermenter3 Gasanalyse O2;Fermenter3 TS-Gehalt;Fermenter3 oTS-Gehalt;Fermenter4 Niveau;Fermenter4 Druck;Fermenter4 ph-Wert;Fermenter4 Redoxpotential;Fermenter4 Temperatur 1;Fermenter4 Gasanalyse CO2;Fermenter4 Gasanalyse H2S;Fermenter4 Gasanalyse CH4;Fermenter4 Gasanalyse O2;Fermenter4 TS-Gehalt;Fermenter4 oTS-Gehalt;Fermenter5 Niveau;Fermenter5 Druck;Fermenter5 ph-Wert;Fermenter5 Redoxpotential;Fermenter5 Temperatur 1;Fermenter5 Gasanalyse CO2;Fermenter5 Gasanalyse H2S;Fermenter5 Gasanalyse CH4;Fermenter5 Gasanalyse O2;Fermenter5 TS-Gehalt;Fermenter5 oTS-Gehalt;Nachgaerer Niveau;Nachgaerer Kopfdruckmessung;Nachgaerer Temperatur 1;Nachgaerer TS-Gehalt;Nachgaerer oTS-Gehalt;Nachgaerer1 Niveau;Nachgaerer1 Kopfdruckmessung;Nachgaerer1 Temperatur 1;Nachgaerer1 TS-Gehalt;Nachgaerer1 oTS-Gehalt;Nachgaerer2 Niveau;Nachgaerer2 Kopfdruckmessung;Nachgaerer2 Temperatur 1;Nachgaerer2 TS-Gehalt;Nachgaerer2 oTS-Gehalt;Nachgaerer3 Niveau;Nachgaerer3 Kopfdruckmessung;Nachgaerer3 Temperatur 1;Nachgaerer3 TS-Gehalt;Nachgaerer3 oTS-Gehalt;Nachgaerer4 Niveau;Nachgaerer4 Kopfdruckmessung;Nachgaerer4 Temperatur 1;Nachgaerer4 TS-Gehalt;Nachgaerer4 oTS-Gehalt;Nachgaerer5 Niveau;Nachgaerer5 Kopfdruckmessung;Nachgaerer5 Temperatur 1;Nachgaerer5 TS-Gehalt;Nachgaerer5 oTS-Gehalt;Rohstofflager Fuellstand;Rohstofflager TS-Gehalt;Rohstofflager oTS-Gehalt;Gasspeicher Fuellstand 1;Gasspeicher Gasdruck;Gasspeicher Temperatur;Gasspeicher1 Fuellstand 1;Gasspeicher1 Gasdruck;Gasspeicher1 Temperatur;Gasspeicher2 Fuellstand 1;Gasspeicher2 Gasdruck;Gasspeicher2 Temperatur;Gasspeicher3 Fuellstand 1;Gasspeicher3 Gasdruck;Gasspeicher3 Temperatur;Gasspeicher4 Fuellstand 1;Gasspeicher4 Gasdruck;Gasspeicher4 Temperatur;Gasspeicher5 Fuellstand 1;Gasspeicher5 Gasdruck;Gasspeicher5 Temperatur;BHKW Leistung;BHKW Gasdurchfluss;BHKW Vorlauftemperatur Fermenter;BHKW Ruecklauftemperatur Fermenter;BHKW Gasanalyse CO2;BHKW Gasanalyse H2S;BHKW Gasanalyse O2;BHKW Gasanalyse CH4;BHKW Gasanalyse H2;BHKW1 Leistung;BHKW1 Gasdurchfluss;BHKW1 Vorlauftemperatur Fermenter;BHKW1 Ruecklauftemperatur Fermenter;BHKW1 Gasanalyse CO2;BHKW1 Gasanalyse H2S;BHKW1 Gasanalyse O2;BHKW1 Gasanalyse CH4;BHKW1 Gasanalyse H2;BHKW2 Leistung;BHKW2 Gasdurchfluss;BHKW2 Vorlauftemperatur Fermenter;BHKW2 Ruecklauftemperatur Fermenter;BHKW2 Gasanalyse CO2;BHKW2 Gasanalyse H2S;BHKW2 Gasanalyse O2;BHKW2 Gasanalyse CH4;BHKW2 Gasanalyse H2;BHKW3 Leistung;BHKW3 Gasdurchfluss;BHKW3 Vorlauftemperatur Fermenter;BHKW3 Ruecklauftemperatur Fermenter;BHKW3 Gasanalyse CO2;BHKW3 Gasanalyse H2S;BHKW3 Gasanalyse O2;BHKW3 Gasanalyse CH4;BHKW3 Gasanalyse H2;BHKW4 Leistung;BHKW4 Gasdurchfluss;BHKW4 Vorlauftemperatur Fermenter;BHKW4 Ruecklauftemperatur Fermenter;BHKW4 Gasanalyse CO2;BHKW4 Gasanalyse H2S;BHKW4 Gasanalyse O2;BHKW4 Gasanalyse CH4;BHKW4 Gasanalyse H2;BHKW5 Leistung;BHKW5 Gasdurchfluss;BHKW5 Vorlauftemperatur Fermenter;BHKW5 Ruecklauftemperatur Fermenter;BHKW5 Gasanalyse CO2;BHKW5 Gasanalyse H2S;BHKW5 Gasanalyse O2;BHKW5 Gasanalyse CH4;BHKW5 Gasanalyse H2;ZM-Pumpe Druckmessung;ZM-Pumpe Temperatur;ZM-Pumpe Durchflussmessung;Durchflussmenge;Leitapparat;Oberpegel;Pegel;BHKW Gesamtleistungsbezug Eigenbedarf;BHKW Gasverbrauch heute;BHKW Gasverbrauch gesamt;Fuellstand Vorgrube;Niederschlag max;Niederschlag min;T Mittelspannungstrafo Windung U ;T Mittelspannungstrafo Windung V;T Mittelspannungstrafo Windung W ;T Mittelspannungstrafo Umbegung;Ice Level;External setpoint power factor;Free For Reuse;Water Flow Rate;Upstream Water Level;Downstream Water Level;Weir Water Level;Setpoint power from grid operator;Setpoint power from direct marketer;Setpoint power from customer;Vmin;Vmax;Vout;Iout;%Wout;Freq;%Cap;Vbat;TupsC;%VAout;Setpoint active power controller;Wind Average of Running plants;Gear Bearing Temperature B (stddev);Gear Bearing Temperature C (avg);Gear Bearing Temperature C (min);Gear Bearing Temperature C (max);Gear Bearing Temperature C (stddev);Gear Bearing Hollow Shaft Generator Temperature (avg);Gear Bearing Hollow Shaft Generator Temperature (min);Gear Bearing Hollow Shaft Generator Temperature (max);Gear Bearing Hollow Shaft Generator Temperature (stddev);Gear Bearing Hollow Shaft Rotor Temperature (avg);Gear Bearing Hollow Shaft Rotor Temperature (min);Gear Bearing Hollow Shaft Rotor Temperature (max);Gear Bearing Hollow Shaft Rotor Temperature (stddev);Gear Bearing High Speed Generator Temperature (min);Gear Bearing High Speed Generator Temperature (max);Gear Bearing High Speed Generator Temperature (stddev);Gear Bearing High Speed Middle Temperature (avg);Gear Bearing High Speed Middle Temperature (min);Gear Bearing High Speed Middle Temperature (max);Gear Bearing High Speed Middle Temperature (stddev);Gear Bearing High Speed Rotor Temperature (avg);Gear Bearing High Speed Rotor Temperature (min);Gear Bearing High Speed Rotor Temperature (max);Gear Bearing High Speed Rotor Temperature (stddev);Gear Bearing Intermediate Shaft 1 Temperature (avg);Gear Bearing Intermediate Shaft 1 Temperature (min);Gear Bearing Intermediate Shaft 1 Temperature (max);Gear Bearing Intermediate Shaft 1 Temperature (stddev);Gear Bearing Intermediate Shaft 2 Temperature (avg);Gear Bearing Intermediate Shaft 2 Temperature (min);Gear Bearing Intermediate Shaft 2 Temperature (max);Gear Bearing Intermediate Shaft 2 Temperature (stddev);Gear Bearing Intermediate Shaft 3 Temperature (avg);Gear Bearing Intermediate Shaft 3 Temperature (min);Gear Bearing Intermediate Shaft 3 Temperature (max);Gear Bearing Intermediate Shaft 3 Temperature (stddev);Gear Cooling Water Temperature (avg);Gear Cooling Water Temperature (min);Gear Cooling Water Temperature (max);Gear Cooling Water Temperature (stddev);Gear Lubrication Oil Temperature (avg);Gear Lubrication Oil Temperature (min);Gear Lubrication Oil Temperature (max);Gear Lubrication Oil Temperature (stddev);Gear Main Bearing Temperature (avg);Gear Main Bearing Temperature (min);Gear Main Bearing Temperature (max);Gear Main Bearing Temperature (stddev);Gear Main Tank Oil Temperature (avg);Gear Main Tank Oil Temperature (min);Gear Main Tank Oil Temperature (max);Gear Main Tank Oil Temperature (stddev);Gear Oil Inlet Temperature (avg);Gear Oil Inlet Temperature (min);Gear Oil Inlet Temperature (max);Gear Oil Inlet Temperature (stddev);Generator RPM (min);Generator RPM (max);Generator RPM (stddev);Generator Slip Ring Top Temperature (min);Generator Slip Ring Top Temperature (max);Generator Slip Ring Top Temperature (stddev);Grid Busbar Temperature (avg);Grid Busbar Temperature (min);Grid Busbar Temperature (max);Grid Busbar Temperature (stddev);Grid Production CosPhi (min);Grid Production CosPhi (max);Grid Production CosPhi (stddev);Grid Possible Power (min);Grid Possible Power (max);Grid Possible Power (stddev);Grid Produced Power Internal Derate State;Grid Produced Power Internal Derate Time;Grid Produced Power Standard Deviation;Grid Rotor (Inverter) Phase 1 Current (avg);Grid Rotor (Inverter) Phase 1 Current (min);Grid Rotor (Inverter) Phase 1 Current (max);Grid Rotor (Inverter) Phase 1 Current (stddec);Grid Rotor (Inverter) Phase 1 Temperature (avg);Grid Rotor (Inverter) Phase 2 Current (avg);Grid Rotor (Inverter) Phase 2 Current (min);Grid Rotor (Inverter) Phase 2 Current (max);Grid Rotor (Inverter) Phase 2 Current (stddev);Grid Rotor (Inverter) Phase 2 Temperature (avg);Grid Rotor (Inverter) Phase 2 Temperature (min);Grid Rotor (Inverter) Phase 2 Temperature (max);Grid Rotor (Inverter) Phase 2 Temperature (stddev);Grid Rotor (Inverter) Phase 3 Current (avg);Grid Rotor (Inverter) Phase 3 Current (min);Grid Rotor (Inverter) Phase 3 Current (max);Grid Rotor (Inverter) Phase 3 Current (stddev);Grid Rotor (Inverter) Phase 3 Temperature (avg);Grid Rotor (Inverter) Phase 3 Temperature (min);Grid Rotor (Inverter) Phase 3 Temperature (max);Grid Rotor (Inverter) Phase 3 Temperature (stddev);Active Power Reference Value (min);Active Power Reference Value (max);Active Power Setting Source;Reactive Power Setting Source;VCRS Chopper Temperature (avg);High Voltage Trafo Air Outlet Temperature (avg);High Voltage Trafo Core Temperature 1 (avg);High Voltage Trafo Core Temperature 1 (min);High Voltage Trafo Core Temperature 1 (max);High Voltage Trafo Core Temperature 1 (stddev);High Voltage Trafo Core Temperature 2 (avg);High Voltage Trafo Core Temperature 2 (min);High Voltage Trafo Core Temperature 2 (max);High Voltage Trafo Core Temperature 2 (stddev);High Voltage Trafo Phase 1 Temperature (min);High Voltage Trafo Phase 1 Temperature (max);High Voltage Trafo Phase 1 Temperature (stddev);High Voltage Trafo Phase 2 Temperature (min);High Voltage Trafo Phase 2 Temperature (max);High Voltage Trafo Phase 2 Temperature (stddev);High Voltage Trafo Phase 3 Temperature (min);High Voltage Trafo Phase 3 Temperature (max);High Voltage Trafo Phase 3 Temperature (stddev);Nacelle Damper Temperature (avg);Nacelle Damper Temperature (min);Nacelle Damper Temperature (max);Nacelle Damper Temperature (stddev);Rotor RPM (stddev);First Active Alarm Parameter 1;First Active Alarm Parameter 2;Tower Acceleration X Axis;Tower Acceleration Y Axis;Yaw Motors Temperature (avg);Yaw Motors Temperature (min);Yaw Motors Temperature (max);Yaw Motors Temperature (stddev);High Voltage Trafo Phase 1 Core Temperature (avg);High Voltage Trafo Phase 1 Core Temperature (min);High Voltage Trafo Phase 1 Core Temperature (max);High Voltage Trafo Phase 1 Core Temperature (stddev);High Voltage Trafo Phase 2 Core Temperature (avg);High Voltage Trafo Phase 2 Core Temperature (min);High Voltage Trafo Phase 2 Core Temperature (max);High Voltage Trafo Phase 2 Core Temperature (stddev);High Voltage Trafo Phase 3 Core Temperature (avg);High Voltage Trafo Phase 3 Core Temperature (min);High Voltage Trafo Phase 3 Core Temperature (max);High Voltage Trafo Phase 3 Core Temperature (stddev);PowerBoost gain (absolute) [kWh];Nacelle Orientation (max) [degrees];Nacelle Orientation (min) [degrees];Regulator power reference [kW];DMI power demand [kW];Utility power demand [kW];Visibility Range (avg);Visibility Range (min);Visibility Range (max);T Outside Ground Level (avg);Calculated By ROTORsoft;Fehlernummer;Windgeschwindigkeit;Windgeschwindigkeit Max;Windgeschwindigkeit Min;Rotor RPM (avg);Rotor RPM (max);Rotor RPM (min);Leistung;Leistung Max;Leistung Min;Gondelposition;Windrichtung;Generator RPM (avg);Stop Fault;Schwingung;Produktion Zaehler;T Outside Nacelle Level (avg);T Gen1;T Gen2;T Getriebe;T Lager A;T Lager B;T Inside Nacelle (avg)
1570748400000;2019-10-11T00:00:00.000+0100;;;;;;;;;1.00;136.40;381.70;382.20;381.50;1177.00;1169.00;1168.00;;;;;;;;;;;;;;;;1.0;;;;;;;;;;;;;;;;;;;;;;;;;;;;;;;;;;;;;;;;;;;;50.00;;;;;;;;;;;;;;;;;;;;;;;;;;;;;;;;;;;;;;38.00;52.00;36.00;10.00;;;;73.00;78.00;70.00;;;;;;;;;;;;;;;;;;;;;;;;;;;;;;;;;;;;87.00;85.00;89.00;;;;;;;;;;;;;;;;;;;;;;;1334.300;;;;;;;;;;;;;;;;;;;;;;;;;;;;;;;;;;;;;;;;;;;;;;;;;;;;;;;;;;;;;;;;;;;;;;;;;;;;;;;;;;;;;;;;;;;;;;;;;;;;;;;;;;;;;;;;;;;;;;;;;;;;;;;;;;;;;;;;;;;;;;;;;;;;;;;;;;;;;;;;;;;;;;;;;;;;;;;;;;;;;;;;;;;;;;;;;;;;;;;;;;;;;;;;;;;;;;;;;;;;;;;;;;;;;;;;;;;;;;;;;;;;;;;;;;;;;;;;;;;;;;;;;;;;;;;;;;;;;;;;;;;;;;;;;;;;;;;;;;;;;;;;;;;;;;;;;;;;;;;;;;;;;;;;;;;;;;;;;;;;;;;;;;;;;;;;;;;;;;;;;;;;;;;;;;;;;;;;;;;;;;;;;;;;;;;;;;;;;;;;;;;;;;;;;;;;;;;;;;;;;;;;;;;;;;;;;;;;;;;;;;;;;;;;;;;;;;;;;;0;9.10;10.60;7.50;14.90;15.20;14.60;1334;1923;923;242;239;1550.00;;;24837366;9.00;;;;;;23.00
1570749000000;2019-10-11T00:10:00.000+0100;;;;;;;;;1.00;142.50;381.90;382.20;381.70;1229.00;1220.00;1219.00;;;;;;;;;;;;;;;;1.0;;;;;;;;;;;;;;;;;;;;;;;;;;;;;;;;;;;;;;;;;;;;50.00;;;;;;;;;;;;;;;;;;;;;;;;;;;;;;;;;;;;;;38.00;52.00;36.00;10.00;;;;71.00;76.00;68.00;;;;;;;;;;;;;;;;;;;;;;;;;;;;;;;;;;;;86.00;84.00;88.00;;;;;;;;;;;;;;;;;;;;;;;1394.000;;;;;;;;;;;;;;;;;;;;;;;;;;;;;;;;;;;;;;;;;;;;;;;;;;;;;;;;;;;;;;;;;;;;;;;;;;;;;;;;;;;;;;;;;;;;;;;;;;;;;;;;;;;;;;;;;;;;;;;;;;;;;;;;;;;;;;;;;;;;;;;;;;;;;;;;;;;;;;;;;;;;;;;;;;;;;;;;;;;;;;;;;;;;;;;;;;;;;;;;;;;;;;;;;;;;;;;;;;;;;;;;;;;;;;;;;;;;;;;;;;;;;;;;;;;;;;;;;;;;;;;;;;;;;;;;;;;;;;;;;;;;;;;;;;;;;;;;;;;;;;;;;;;;;;;;;;;;;;;;;;;;;;;;;;;;;;;;;;;;;;;;;;;;;;;;;;;;;;;;;;;;;;;;;;;;;;;;;;;;;;;;;;;;;;;;;;;;;;;;;;;;;;;;;;;;;;;;;;;;;;;;;;;;;;;;;;;;;;;;;;;;;;;;;;;;;;;;;;0;9.10;11.10;6.50;14.90;15.20;14.60;1394;1942;968;238;238;1549.70;;;24837598;9.00;;;;;;22.00
1570749600000;2019-10-11T00:20:00.000+0100;;;;;;;;;1.00;155.10;382.00;382.30;381.70;1338.00;1328.00;1329.00;;;;;;;;;;;;;;;;1.0;;;;;;;;;;;;;;;;;;;;;;;;;;;;;;;;;;;;;;;;;;;;50.00;;;;;;;;;;;;;;;;;;;;;;;;;;;;;;;;;;;;;;38.00;52.00;36.00;10.00;;;;70.00;75.00;67.00;;;;;;;;;;;;;;;;;;;;;;;;;;;;;;;;;;;;86.00;84.00;88.00;;;;;;;;;;;;;;;;;;;;;;;1515.500;;;;;;;;;;;;;;;;;;;;;;;;;;;;;;;;;;;;;;;;;;;;;;;;;;;;;;;;;;;;;;;;;;;;;;;;;;;;;;;;;;;;;;;;;;;;;;;;;;;;;;;;;;;;;;;;;;;;;;;;;;;;;;;;;;;;;;;;;;;;;;;;;;;;;;;;;;;;;;;;;;;;;;;;;;;;;;;;;;;;;;;;;;;;;;;;;;;;;;;;;;;;;;;;;;;;;;;;;;;;;;;;;;;;;;;;;;;;;;;;;;;;;;;;;;;;;;;;;;;;;;;;;;;;;;;;;;;;;;;;;;;;;;;;;;;;;;;;;;;;;;;;;;;;;;;;;;;;;;;;;;;;;;;;;;;;;;;;;;;;;;;;;;;;;;;;;;;;;;;;;;;;;;;;;;;;;;;;;;;;;;;;;;;;;;;;;;;;;;;;;;;;;;;;;;;;;;;;;;;;;;;;;;;;;;;;;;;;;;;;;;;;;;;;;;;;;;;;;;0;9.50;11.30;7.30;14.90;15.20;14.60;1518;2099;925;238;239;1550.30;;;24837850;9.00;;;;;;22.00
1570750200000;2019-10-11T00:30:00.000+0100;;;;;;;;;1.00;152.50;382.00;382.20;381.60;1316.00;1307.00;1306.00;;;;;;;;;;;;;;;;1.0;;;;;;;;;;;;;;;;;;;;;;;;;;;;;;;;;;;;;;;;;;;;50.00;;;;;;;;;;;;;;;;;;;;;;;;;;;;;;;;;;;;;;38.00;52.00;36.00;10.00;;;;70.00;75.00;67.00;;;;;;;;;;;;;;;;;;;;;;;;;;;;;;;;;;;;86.00;85.00;88.00;;;;;;;;;;;;;;;;;;;;;;;1490.400;;;;;;;;;;;;;;;;;;;;;;;;;;;;;;;;;;;;;;;;;;;;;;;;;;;;;;;;;;;;;;;;;;;;;;;;;;;;;;;;;;;;;;;;;;;;;;;;;;;;;;;;;;;;;;;;;;;;;;;;;;;;;;;;;;;;;;;;;;;;;;;;;;;;;;;;;;;;;;;;;;;;;;;;;;;;;;;;;;;;;;;;;;;;;;;;;;;;;;;;;;;;;;;;;;;;;;;;;;;;;;;;;;;;;;;;;;;;;;;;;;;;;;;;;;;;;;;;;;;;;;;;;;;;;;;;;;;;;;;;;;;;;;;;;;;;;;;;;;;;;;;;;;;;;;;;;;;;;;;;;;;;;;;;;;;;;;;;;;;;;;;;;;;;;;;;;;;;;;;;;;;;;;;;;;;;;;;;;;;;;;;;;;;;;;;;;;;;;;;;;;;;;;;;;;;;;;;;;;;;;;;;;;;;;;;;;;;;;;;;;;;;;;;;;;;;;;;;;;0;9.50;11.50;7.40;14.90;15.20;14.60;1492;2100;1013;238;239;1549.70;;;24838100;9.00;;;;;;22.00
1570750800000;2019-10-11T00:40:00.000+0100;;;;;;;;;1.00;142.70;382.30;382.60;382.00;1229.00;1221.00;1218.00;;;;;;;;;;;;;;;;1.0;;;;;;;;;;;;;;;;;;;;;;;;;;;;;;;;;;;;;;;;;;;;50.00;;;;;;;;;;;;;;;;;;;;;;;;;;;;;;;;;;;;;;38.00;52.00;36.00;10.00;;;;70.00;75.00;67.00;;;;;;;;;;;;;;;;;;;;;;;;;;;;;;;;;;;;86.00;84.00;88.00;;;;;;;;;;;;;;;;;;;;;;;1395.300;;;;;;;;;;;;;;;;;;;;;;;;;;;;;;;;;;;;;;;;;;;;;;;;;;;;;;;;;;;;;;;;;;;;;;;;;;;;;;;;;;;;;;;;;;;;;;;;;;;;;;;;;;;;;;;;;;;;;;;;;;;;;;;;;;;;;;;;;;;;;;;;;;;;;;;;;;;;;;;;;;;;;;;;;;;;;;;;;;;;;;;;;;;;;;;;;;;;;;;;;;;;;;;;;;;;;;;;;;;;;;;;;;;;;;;;;;;;;;;;;;;;;;;;;;;;;;;;;;;;;;;;;;;;;;;;;;;;;;;;;;;;;;;;;;;;;;;;;;;;;;;;;;;;;;;;;;;;;;;;;;;;;;;;;;;;;;;;;;;;;;;;;;;;;;;;;;;;;;;;;;;;;;;;;;;;;;;;;;;;;;;;;;;;;;;;;;;;;;;;;;;;;;;;;;;;;;;;;;;;;;;;;;;;;;;;;;;;;;;;;;;;;;;;;;;;;;;;;;0;9.20;11.30;6.80;14.90;14.90;14.60;1396;1871;990;238;236;1549.70;;;24838332;9.00;;;;;;22.00
1570751400000;2019-10-11T00:50:00.000+0100;;;;;;;;;1.00;131.50;382.20;382.50;382.10;1133.00;1125.00;1124.00;;;;;;;;;;;;;;;;1.0;;;;;;;;;;;;;;;;;;;;;;;;;;;;;;;;;;;;;;;;;;;;50.00;;;;;;;;;;;;;;;;;;;;;;;;;;;;;;;;;;;;;;38.00;51.00;35.00;10.00;;;;69.00;73.00;66.00;;;;;;;;;;;;;;;;;;;;;;;;;;;;;;;;;;;;85.00;83.00;87.00;;;;;;;;;;;;;;;;;;;;;;;1286.400;;;;;;;;;;;;;;;;;;;;;;;;;;;;;;;;;;;;;;;;;;;;;;;;;;;;;;;;;;;;;;;;;;;;;;;;;;;;;;;;;;;;;;;;;;;;;;;;;;;;;;;;;;;;;;;;;;;;;;;;;;;;;;;;;;;;;;;;;;;;;;;;;;;;;;;;;;;;;;;;;;;;;;;;;;;;;;;;;;;;;;;;;;;;;;;;;;;;;;;;;;;;;;;;;;;;;;;;;;;;;;;;;;;;;;;;;;;;;;;;;;;;;;;;;;;;;;;;;;;;;;;;;;;;;;;;;;;;;;;;;;;;;;;;;;;;;;;;;;;;;;;;;;;;;;;;;;;;;;;;;;;;;;;;;;;;;;;;;;;;;;;;;;;;;;;;;;;;;;;;;;;;;;;;;;;;;;;;;;;;;;;;;;;;;;;;;;;;;;;;;;;;;;;;;;;;;;;;;;;;;;;;;;;;;;;;;;;;;;;;;;;;;;;;;;;;;;;;;;0;9.00;10.50;7.70;14.90;15.20;14.60;1287;1644;975;232;233;1550.00;;;24838548;9.00;;;;;;22.00
1570752000000;2019-10-11T01:00:00.000+0100;;;;;;;;;1.00;119.70;381.90;382.20;381.70;1034.00;1026.00;1025.00;;;;;;;;;;;;;;;;1.0;;;;;;;;;;;;;;;;;;;;;;;;;;;;;;;;;;;;;;;;;;;;50.00;;;;;;;;;;;;;;;;;;;;;;;;;;;;;;;;;;;;;;38.00;51.00;35.00;10.00;;;;67.00;71.00;64.00;;;;;;;;;;;;;;;;;;;;;;;;;;;;;;;;;;;;84.00;82.00;86.00;;;;;;;;;;;;;;;;;;;;;;;1171.500;;;;;;;;;;;;;;;;;;;;;;;;;;;;;;;;;;;;;;;;;;;;;;;;;;;;;;;;;;;;;;;;;;;;;;;;;;;;;;;;;;;;;;;;;;;;;;;;;;;;;;;;;;;;;;;;;;;;;;;;;;;;;;;;;;;;;;;;;;;;;;;;;;;;;;;;;;;;;;;;;;;;;;;;;;;;;;;;;;;;;;;;;;;;;;;;;;;;;;;;;;;;;;;;;;;;;;;;;;;;;;;;;;;;;;;;;;;;;;;;;;;;;;;;;;;;;;;;;;;;;;;;;;;;;;;;;;;;;;;;;;;;;;;;;;;;;;;;;;;;;;;;;;;;;;;;;;;;;;;;;;;;;;;;;;;;;;;;;;;;;;;;;;;;;;;;;;;;;;;;;;;;;;;;;;;;;;;;;;;;;;;;;;;;;;;;;;;;;;;;;;;;;;;;;;;;;;;;;;;;;;;;;;;;;;;;;;;;;;;;;;;;;;;;;;;;;;;;;;0;8.70;10.30;7.10;14.90;14.90;14.60;1172;1480;794;235;233;1549.10;;;24838742;9.00;;;;;;22.00
1570752600000;2019-10-11T01:10:00.000+0100;;;;;;;;;1.00;125.10;381.70;382.00;381.50;1081.00;1074.00;1072.00;;;;;;;;;;;;;;;;1.0;;;;;;;;;;;;;;;;;;;;;;;;;;;;;;;;;;;;;;;;;;;;50.00;;;;;;;;;;;;;;;;;;;;;;;;;;;;;;;;;;;;;;38.00;51.00;35.00;10.00;;;;65.00;70.00;62.00;;;;;;;;;;;;;;;;;;;;;;;;;;;;;;;;;;;;83.00;81.00;85.00;;;;;;;;;;;;;;;;;;;;;;;1224.200;;;;;;;;;;;;;;;;;;;;;;;;;;;;;;;;;;;;;;;;;;;;;;;;;;;;;;;;;;;;;;;;;;;;;;;;;;;;;;;;;;;;;;;;;;;;;;;;;;;;;;;;;;;;;;;;;;;;;;;;;;;;;;;;;;;;;;;;;;;;;;;;;;;;;;;;;;;;;;;;;;;;;;;;;;;;;;;;;;;;;;;;;;;;;;;;;;;;;;;;;;;;;;;;;;;;;;;;;;;;;;;;;;;;;;;;;;;;;;;;;;;;;;;;;;;;;;;;;;;;;;;;;;;;;;;;;;;;;;;;;;;;;;;;;;;;;;;;;;;;;;;;;;;;;;;;;;;;;;;;;;;;;;;;;;;;;;;;;;;;;;;;;;;;;;;;;;;;;;;;;;;;;;;;;;;;;;;;;;;;;;;;;;;;;;;;;;;;;;;;;;;;;;;;;;;;;;;;;;;;;;;;;;;;;;;;;;;;;;;;;;;;;;;;;;;;;;;;;;0;8.70;10.30;6.40;14.90;15.20;14.00;1224;1577;830;235;234;1546.10;;;24838946;9.00;;;;;;23.00
1570753200000;2019-10-11T01:20:00.000+0100;;;;;;;;;1.00;120.30;381.70;382.10;381.70;1038.00;1029.00;1032.00;;;;;;;;;;;;;;;;1.0;;;;;;;;;;;;;;;;;;;;;;;;;;;;;;;;;;;;;;;;;;;;50.00;;;;;;;;;;;;;;;;;;;;;;;;;;;;;;;;;;;;;;38.00;51.00;35.00;10.00;;;;63.00;68.00;61.00;;;;;;;;;;;;;;;;;;;;;;;;;;;;;;;;;;;;83.00;81.00;84.00;;;;;;;;;;;;;;;;;;;;;;;1176.800;;;;;;;;;;;;;;;;;;;;;;;;;;;;;;;;;;;;;;;;;;;;;;;;;;;;;;;;;;;;;;;;;;;;;;;;;;;;;;;;;;;;;;;;;;;;;;;;;;;;;;;;;;;;;;;;;;;;;;;;;;;;;;;;;;;;;;;;;;;;;;;;;;;;;;;;;;;;;;;;;;;;;;;;;;;;;;;;;;;;;;;;;;;;;;;;;;;;;;;;;;;;;;;;;;;;;;;;;;;;;;;;;;;;;;;;;;;;;;;;;;;;;;;;;;;;;;;;;;;;;;;;;;;;;;;;;;;;;;;;;;;;;;;;;;;;;;;;;;;;;;;;;;;;;;;;;;;;;;;;;;;;;;;;;;;;;;;;;;;;;;;;;;;;;;;;;;;;;;;;;;;;;;;;;;;;;;;;;;;;;;;;;;;;;;;;;;;;;;;;;;;;;;;;;;;;;;;;;;;;;;;;;;;;;;;;;;;;;;;;;;;;;;;;;;;;;;;;;;0;8.60;10.10;7.20;14.90;14.90;14.60;1177;1464;917;235;234;1549.10;;;24839142;9.00;;;;;;22.00
1570753800000;2019-10-11T01:30:00.000+0100;;;;;;;;;1.00;134.50;381.70;382.10;381.60;1160.00;1153.00;1150.00;;;;;;;;;;;;;;;;1.0;;;;;;;;;;;;;;;;;;;;;;;;;;;;;;;;;;;;;;;;;;;;50.00;;;;;;;;;;;;;;;;;;;;;;;;;;;;;;;;;;;;;;38.00;51.00;35.00;10.00;;;;63.00;67.00;60.00;;;;;;;;;;;;;;;;;;;;;;;;;;;;;;;;;;;;83.00;81.00;85.00;;;;;;;;;;;;;;;;;;;;;;;1315.300;;;;;;;;;;;;;;;;;;;;;;;;;;;;;;;;;;;;;;;;;;;;;;;;;;;;;;;;;;;;;;;;;;;;;;;;;;;;;;;;;;;;;;;;;;;;;;;;;;;;;;;;;;;;;;;;;;;;;;;;;;;;;;;;;;;;;;;;;;;;;;;;;;;;;;;;;;;;;;;;;;;;;;;;;;;;;;;;;;;;;;;;;;;;;;;;;;;;;;;;;;;;;;;;;;;;;;;;;;;;;;;;;;;;;;;;;;;;;;;;;;;;;;;;;;;;;;;;;;;;;;;;;;;;;;;;;;;;;;;;;;;;;;;;;;;;;;;;;;;;;;;;;;;;;;;;;;;;;;;;;;;;;;;;;;;;;;;;;;;;;;;;;;;;;;;;;;;;;;;;;;;;;;;;;;;;;;;;;;;;;;;;;;;;;;;;;;;;;;;;;;;;;;;;;;;;;;;;;;;;;;;;;;;;;;;;;;;;;;;;;;;;;;;;;;;;;;;;;;0;9.00;11.40;7.60;14.90;14.90;14.60;1315;1822;1012;235;233;1550.00;;;24839362;9.00;;;;;;23.00
1570754400000;2019-10-11T01:40:00.000+0100;;;;;;;;;1.00;131.60;381.40;381.70;381.20;1137.00;1128.00;1128.00;;;;;;;;;;;;;;;;1.0;;;;;;;;;;;;;;;;;;;;;;;;;;;;;;;;;;;;;;;;;;;;50.00;;;;;;;;;;;;;;;;;;;;;;;;;;;;;;;;;;;;;;38.00;51.00;35.00;10.00;;;;62.00;67.00;60.00;;;;;;;;;;;;;;;;;;;;;;;;;;;;;;;;;;;;83.00;81.00;85.00;;;;;;;;;;;;;;;;;;;;;;;1287.400;;;;;;;;;;;;;;;;;;;;;;;;;;;;;;;;;;;;;;;;;;;;;;;;;;;;;;;;;;;;;;;;;;;;;;;;;;;;;;;;;;;;;;;;;;;;;;;;;;;;;;;;;;;;;;;;;;;;;;;;;;;;;;;;;;;;;;;;;;;;;;;;;;;;;;;;;;;;;;;;;;;;;;;;;;;;;;;;;;;;;;;;;;;;;;;;;;;;;;;;;;;;;;;;;;;;;;;;;;;;;;;;;;;;;;;;;;;;;;;;;;;;;;;;;;;;;;;;;;;;;;;;;;;;;;;;;;;;;;;;;;;;;;;;;;;;;;;;;;;;;;;;;;;;;;;;;;;;;;;;;;;;;;;;;;;;;;;;;;;;;;;;;;;;;;;;;;;;;;;;;;;;;;;;;;;;;;;;;;;;;;;;;;;;;;;;;;;;;;;;;;;;;;;;;;;;;;;;;;;;;;;;;;;;;;;;;;;;;;;;;;;;;;;;;;;;;;;;;;0;8.70;10.30;6.60;14.90;14.90;14.30;1288;1665;834;231;232;1547.00;;;24839578;9.00;;;;;;23.00
1570755000000;2019-10-11T01:50:00.000+0100;;;;;;;;;1.00;138.10;381.10;381.40;380.90;1194.00;1186.00;1184.00;;;;;;;;;;;;;;;;1.0;;;;;;;;;;;;;;;;;;;;;;;;;;;;;;;;;;;;;;;;;;;;50.00;;;;;;;;;;;;;;;;;;;;;;;;;;;;;;;;;;;;;;38.00;51.00;35.00;10.00;;;;62.00;66.00;59.00;;;;;;;;;;;;;;;;;;;;;;;;;;;;;;;;;;;;83.00;81.00;85.00;;;;;;;;;;;;;;;;;;;;;;;1351.400;;;;;;;;;;;;;;;;;;;;;;;;;;;;;;;;;;;;;;;;;;;;;;;;;;;;;;;;;;;;;;;;;;;;;;;;;;;;;;;;;;;;;;;;;;;;;;;;;;;;;;;;;;;;;;;;;;;;;;;;;;;;;;;;;;;;;;;;;;;;;;;;;;;;;;;;;;;;;;;;;;;;;;;;;;;;;;;;;;;;;;;;;;;;;;;;;;;;;;;;;;;;;;;;;;;;;;;;;;;;;;;;;;;;;;;;;;;;;;;;;;;;;;;;;;;;;;;;;;;;;;;;;;;;;;;;;;;;;;;;;;;;;;;;;;;;;;;;;;;;;;;;;;;;;;;;;;;;;;;;;;;;;;;;;;;;;;;;;;;;;;;;;;;;;;;;;;;;;;;;;;;;;;;;;;;;;;;;;;;;;;;;;;;;;;;;;;;;;;;;;;;;;;;;;;;;;;;;;;;;;;;;;;;;;;;;;;;;;;;;;;;;;;;;;;;;;;;;;;0;9.10;10.60;7.10;14.90;15.20;14.60;1352;1703;952;233;232;1549.40;;;24839800;9.00;;;;;;22.00
1570755600000;2019-10-11T02:00:00.000+0100;;;;;;;;;1.00;136.30;381.20;381.50;380.90;1178.00;1169.00;1167.00;;;;;;;;;;;;;;;;1.0;;;;;;;;;;;;;;;;;;;;;;;;;;;;;;;;;;;;;;;;;;;;50.00;;;;;;;;;;;;;;;;;;;;;;;;;;;;;;;;;;;;;;38.00;51.00;35.00;10.00;;;;62.00;66.00;59.00;;;;;;;;;;;;;;;;;;;;;;;;;;;;;;;;;;;;83.00;81.00;85.00;;;;;;;;;;;;;;;;;;;;;;;1332.500;;;;;;;;;;;;;;;;;;;;;;;;;;;;;;;;;;;;;;;;;;;;;;;;;;;;;;;;;;;;;;;;;;;;;;;;;;;;;;;;;;;;;;;;;;;;;;;;;;;;;;;;;;;;;;;;;;;;;;;;;;;;;;;;;;;;;;;;;;;;;;;;;;;;;;;;;;;;;;;;;;;;;;;;;;;;;;;;;;;;;;;;;;;;;;;;;;;;;;;;;;;;;;;;;;;;;;;;;;;;;;;;;;;;;;;;;;;;;;;;;;;;;;;;;;;;;;;;;;;;;;;;;;;;;;;;;;;;;;;;;;;;;;;;;;;;;;;;;;;;;;;;;;;;;;;;;;;;;;;;;;;;;;;;;;;;;;;;;;;;;;;;;;;;;;;;;;;;;;;;;;;;;;;;;;;;;;;;;;;;;;;;;;;;;;;;;;;;;;;;;;;;;;;;;;;;;;;;;;;;;;;;;;;;;;;;;;;;;;;;;;;;;;;;;;;;;;;;;;0;8.90;10.40;6.50;14.90;15.20;14.00;1333;1746;848;233;232;1545.80;;;24840024;9.00;;;;;;22.00
1570756200000;2019-10-11T02:10:00.000+0100;;;;;;;;;1.00;132.00;381.50;381.70;381.20;1140.00;1133.00;1131.00;;;;;;;;;;;;;;;;1.0;;;;;;;;;;;;;;;;;;;;;;;;;;;;;;;;;;;;;;;;;;;;50.00;;;;;;;;;;;;;;;;;;;;;;;;;;;;;;;;;;;;;;38.00;51.00;35.00;10.00;;;;62.00;66.00;59.00;;;;;;;;;;;;;;;;;;;;;;;;;;;;;;;;;;;;83.00;82.00;85.00;;;;;;;;;;;;;;;;;;;;;;;1291.500;;;;;;;;;;;;;;;;;;;;;;;;;;;;;;;;;;;;;;;;;;;;;;;;;;;;;;;;;;;;;;;;;;;;;;;;;;;;;;;;;;;;;;;;;;;;;;;;;;;;;;;;;;;;;;;;;;;;;;;;;;;;;;;;;;;;;;;;;;;;;;;;;;;;;;;;;;;;;;;;;;;;;;;;;;;;;;;;;;;;;;;;;;;;;;;;;;;;;;;;;;;;;;;;;;;;;;;;;;;;;;;;;;;;;;;;;;;;;;;;;;;;;;;;;;;;;;;;;;;;;;;;;;;;;;;;;;;;;;;;;;;;;;;;;;;;;;;;;;;;;;;;;;;;;;;;;;;;;;;;;;;;;;;;;;;;;;;;;;;;;;;;;;;;;;;;;;;;;;;;;;;;;;;;;;;;;;;;;;;;;;;;;;;;;;;;;;;;;;;;;;;;;;;;;;;;;;;;;;;;;;;;;;;;;;;;;;;;;;;;;;;;;;;;;;;;;;;;;;0;8.90;10.50;6.70;14.90;15.20;14.30;1292;1739;900;233;234;1548.50;;;24840238;9.00;;;;;;22.00
1570756800000;2019-10-11T02:20:00.000+0100;;;;;;;;;1.00;136.30;381.60;381.90;381.30;1177.00;1167.00;1166.00;;;;;;;;;;;;;;;;1.0;;;;;;;;;;;;;;;;;;;;;;;;;;;;;;;;;;;;;;;;;;;;50.00;;;;;;;;;;;;;;;;;;;;;;;;;;;;;;;;;;;;;;38.00;51.00;36.00;10.00;;;;62.00;66.00;59.00;;;;;;;;;;;;;;;;;;;;;;;;;;;;;;;;;;;;83.00;82.00;85.00;;;;;;;;;;;;;;;;;;;;;;;1332.700;;;;;;;;;;;;;;;;;;;;;;;;;;;;;;;;;;;;;;;;;;;;;;;;;;;;;;;;;;;;;;;;;;;;;;;;;;;;;;;;;;;;;;;;;;;;;;;;;;;;;;;;;;;;;;;;;;;;;;;;;;;;;;;;;;;;;;;;;;;;;;;;;;;;;;;;;;;;;;;;;;;;;;;;;;;;;;;;;;;;;;;;;;;;;;;;;;;;;;;;;;;;;;;;;;;;;;;;;;;;;;;;;;;;;;;;;;;;;;;;;;;;;;;;;;;;;;;;;;;;;;;;;;;;;;;;;;;;;;;;;;;;;;;;;;;;;;;;;;;;;;;;;;;;;;;;;;;;;;;;;;;;;;;;;;;;;;;;;;;;;;;;;;;;;;;;;;;;;;;;;;;;;;;;;;;;;;;;;;;;;;;;;;;;;;;;;;;;;;;;;;;;;;;;;;;;;;;;;;;;;;;;;;;;;;;;;;;;;;;;;;;;;;;;;;;;;;;;;;0;8.90;10.90;7.00;14.90;15.20;14.60;1333;1764;907;233;234;1548.20;;;24840460;9.00;;;;;;22.00
1570757400000;2019-10-11T02:30:00.000+0100;;;;;;;;;1.00;129.90;381.50;381.80;381.20;1121.00;1115.00;1114.00;;;;;;;;;;;;;;;;1.0;;;;;;;;;;;;;;;;;;;;;;;;;;;;;;;;;;;;;;;;;;;;50.00;;;;;;;;;;;;;;;;;;;;;;;;;;;;;;;;;;;;;;38.00;51.00;35.00;10.00;;;;61.00;66.00;59.00;;;;;;;;;;;;;;;;;;;;;;;;;;;;;;;;;;;;83.00;81.00;85.00;;;;;;;;;;;;;;;;;;;;;;;1270.900;;;;;;;;;;;;;;;;;;;;;;;;;;;;;;;;;;;;;;;;;;;;;;;;;;;;;;;;;;;;;;;;;;;;;;;;;;;;;;;;;;;;;;;;;;;;;;;;;;;;;;;;;;;;;;;;;;;;;;;;;;;;;;;;;;;;;;;;;;;;;;;;;;;;;;;;;;;;;;;;;;;;;;;;;;;;;;;;;;;;;;;;;;;;;;;;;;;;;;;;;;;;;;;;;;;;;;;;;;;;;;;;;;;;;;;;;;;;;;;;;;;;;;;;;;;;;;;;;;;;;;;;;;;;;;;;;;;;;;;;;;;;;;;;;;;;;;;;;;;;;;;;;;;;;;;;;;;;;;;;;;;;;;;;;;;;;;;;;;;;;;;;;;;;;;;;;;;;;;;;;;;;;;;;;;;;;;;;;;;;;;;;;;;;;;;;;;;;;;;;;;;;;;;;;;;;;;;;;;;;;;;;;;;;;;;;;;;;;;;;;;;;;;;;;;;;;;;;;;0;8.60;10.20;6.30;14.90;14.90;14.30;1271;1553;973;233;235;1547.60;;;24840672;9.00;;;;;;22.00
1570758000000;2019-10-11T02:40:00.000+0100;;;;;;;;;1.00;119.90;381.40;381.70;381.20;1036.00;1029.00;1029.00;;;;;;;;;;;;;;;;1.0;;;;;;;;;;;;;;;;;;;;;;;;;;;;;;;;;;;;;;;;;;;;50.00;;;;;;;;;;;;;;;;;;;;;;;;;;;;;;;;;;;;;;38.00;51.00;35.00;10.00;;;;61.00;65.00;58.00;;;;;;;;;;;;;;;;;;;;;;;;;;;;;;;;;;;;83.00;81.00;85.00;;;;;;;;;;;;;;;;;;;;;;;1173.400;;;;;;;;;;;;;;;;;;;;;;;;;;;;;;;;;;;;;;;;;;;;;;;;;;;;;;;;;;;;;;;;;;;;;;;;;;;;;;;;;;;;;;;;;;;;;;;;;;;;;;;;;;;;;;;;;;;;;;;;;;;;;;;;;;;;;;;;;;;;;;;;;;;;;;;;;;;;;;;;;;;;;;;;;;;;;;;;;;;;;;;;;;;;;;;;;;;;;;;;;;;;;;;;;;;;;;;;;;;;;;;;;;;;;;;;;;;;;;;;;;;;;;;;;;;;;;;;;;;;;;;;;;;;;;;;;;;;;;;;;;;;;;;;;;;;;;;;;;;;;;;;;;;;;;;;;;;;;;;;;;;;;;;;;;;;;;;;;;;;;;;;;;;;;;;;;;;;;;;;;;;;;;;;;;;;;;;;;;;;;;;;;;;;;;;;;;;;;;;;;;;;;;;;;;;;;;;;;;;;;;;;;;;;;;;;;;;;;;;;;;;;;;;;;;;;;;;;;;0;8.60;10.20;7.00;14.90;14.90;14.30;1174;1469;837;233;234;1549.10;;;24840868;9.00;;;;;;22.00
1570758600000;2019-10-11T02:50:00.000+0100;;;;;;;;;1.00;114.50;382.10;382.30;381.80;987.00;980.00;980.00;;;;;;;;;;;;;;;;1.0;;;;;;;;;;;;;;;;;;;;;;;;;;;;;;;;;;;;;;;;;;;;50.00;;;;;;;;;;;;;;;;;;;;;;;;;;;;;;;;;;;;;;38.00;50.00;35.00;10.00;;;;60.00;64.00;57.00;;;;;;;;;;;;;;;;;;;;;;;;;;;;;;;;;;;;82.00;80.00;84.00;;;;;;;;;;;;;;;;;;;;;;;1120.400;;;;;;;;;;;;;;;;;;;;;;;;;;;;;;;;;;;;;;;;;;;;;;;;;;;;;;;;;;;;;;;;;;;;;;;;;;;;;;;;;;;;;;;;;;;;;;;;;;;;;;;;;;;;;;;;;;;;;;;;;;;;;;;;;;;;;;;;;;;;;;;;;;;;;;;;;;;;;;;;;;;;;;;;;;;;;;;;;;;;;;;;;;;;;;;;;;;;;;;;;;;;;;;;;;;;;;;;;;;;;;;;;;;;;;;;;;;;;;;;;;;;;;;;;;;;;;;;;;;;;;;;;;;;;;;;;;;;;;;;;;;;;;;;;;;;;;;;;;;;;;;;;;;;;;;;;;;;;;;;;;;;;;;;;;;;;;;;;;;;;;;;;;;;;;;;;;;;;;;;;;;;;;;;;;;;;;;;;;;;;;;;;;;;;;;;;;;;;;;;;;;;;;;;;;;;;;;;;;;;;;;;;;;;;;;;;;;;;;;;;;;;;;;;;;;;;;;;;;0;8.50;10.40;6.80;14.90;14.90;14.00;1120;1542;798;233;231;1544.00;;;24841054;9.00;;;;;;22.00
1570759200000;2019-10-11T03:00:00.000+0100;;;;;;;;;1.00;136.50;383.00;383.20;382.70;1174.00;1168.00;1166.00;;;;;;;;;;;;;;;;1.0;;;;;;;;;;;;;;;;;;;;;;;;;;;;;;;;;;;;;;;;;;;;50.00;;;;;;;;;;;;;;;;;;;;;;;;;;;;;;;;;;;;;;38.00;51.00;35.00;10.00;;;;59.00;64.00;57.00;;;;;;;;;;;;;;;;;;;;;;;;;;;;;;;;;;;;82.00;81.00;84.00;;;;;;;;;;;;;;;;;;;;;;;1336.100;;;;;;;;;;;;;;;;;;;;;;;;;;;;;;;;;;;;;;;;;;;;;;;;;;;;;;;;;;;;;;;;;;;;;;;;;;;;;;;;;;;;;;;;;;;;;;;;;;;;;;;;;;;;;;;;;;;;;;;;;;;;;;;;;;;;;;;;;;;;;;;;;;;;;;;;;;;;;;;;;;;;;;;;;;;;;;;;;;;;;;;;;;;;;;;;;;;;;;;;;;;;;;;;;;;;;;;;;;;;;;;;;;;;;;;;;;;;;;;;;;;;;;;;;;;;;;;;;;;;;;;;;;;;;;;;;;;;;;;;;;;;;;;;;;;;;;;;;;;;;;;;;;;;;;;;;;;;;;;;;;;;;;;;;;;;;;;;;;;;;;;;;;;;;;;;;;;;;;;;;;;;;;;;;;;;;;;;;;;;;;;;;;;;;;;;;;;;;;;;;;;;;;;;;;;;;;;;;;;;;;;;;;;;;;;;;;;;;;;;;;;;;;;;;;;;;;;;;;0;8.90;10.50;7.20;14.90;15.20;14.60;1336;1783;849;228;228;1550.30;;;24841278;9.00;;;;;;23.00
1570759800000;2019-10-11T03:10:00.000+0100;;;;;;;;;1.00;118.40;381.20;381.40;381.00;1023.00;1016.00;1016.00;;;;;;;;;;;;;;;;1.0;;;;;;;;;;;;;;;;;;;;;;;;;;;;;;;;;;;;;;;;;;;;50.00;;;;;;;;;;;;;;;;;;;;;;;;;;;;;;;;;;;;;;38.00;50.00;35.00;10.00;;;;59.00;63.00;57.00;;;;;;;;;;;;;;;;;;;;;;;;;;;;;;;;;;;;82.00;81.00;84.00;;;;;;;;;;;;;;;;;;;;;;;1158.200;;;;;;;;;;;;;;;;;;;;;;;;;;;;;;;;;;;;;;;;;;;;;;;;;;;;;;;;;;;;;;;;;;;;;;;;;;;;;;;;;;;;;;;;;;;;;;;;;;;;;;;;;;;;;;;;;;;;;;;;;;;;;;;;;;;;;;;;;;;;;;;;;;;;;;;;;;;;;;;;;;;;;;;;;;;;;;;;;;;;;;;;;;;;;;;;;;;;;;;;;;;;;;;;;;;;;;;;;;;;;;;;;;;;;;;;;;;;;;;;;;;;;;;;;;;;;;;;;;;;;;;;;;;;;;;;;;;;;;;;;;;;;;;;;;;;;;;;;;;;;;;;;;;;;;;;;;;;;;;;;;;;;;;;;;;;;;;;;;;;;;;;;;;;;;;;;;;;;;;;;;;;;;;;;;;;;;;;;;;;;;;;;;;;;;;;;;;;;;;;;;;;;;;;;;;;;;;;;;;;;;;;;;;;;;;;;;;;;;;;;;;;;;;;;;;;;;;;;;0;8.40;10.80;6.50;14.60;15.20;13.70;1158;1548;779;228;226;1539.20;;;24841472;9.00;;;;;;23.00
1570760400000;2019-10-11T03:20:00.000+0100;;;;;;;;;1.00;134.40;380.70;380.90;380.50;1163.00;1155.00;1153.00;;;;;;;;;;;;;;;;1.0;;;;;;;;;;;;;;;;;;;;;;;;;;;;;;;;;;;;;;;;;;;;50.00;;;;;;;;;;;;;;;;;;;;;;;;;;;;;;;;;;;;;;38.00;50.00;35.00;10.00;;;;58.00;63.00;56.00;;;;;;;;;;;;;;;;;;;;;;;;;;;;;;;;;;;;82.00;80.00;84.00;;;;;;;;;;;;;;;;;;;;;;;1313.600;;;;;;;;;;;;;;;;;;;;;;;;;;;;;;;;;;;;;;;;;;;;;;;;;;;;;;;;;;;;;;;;;;;;;;;;;;;;;;;;;;;;;;;;;;;;;;;;;;;;;;;;;;;;;;;;;;;;;;;;;;;;;;;;;;;;;;;;;;;;;;;;;;;;;;;;;;;;;;;;;;;;;;;;;;;;;;;;;;;;;;;;;;;;;;;;;;;;;;;;;;;;;;;;;;;;;;;;;;;;;;;;;;;;;;;;;;;;;;;;;;;;;;;;;;;;;;;;;;;;;;;;;;;;;;;;;;;;;;;;;;;;;;;;;;;;;;;;;;;;;;;;;;;;;;;;;;;;;;;;;;;;;;;;;;;;;;;;;;;;;;;;;;;;;;;;;;;;;;;;;;;;;;;;;;;;;;;;;;;;;;;;;;;;;;;;;;;;;;;;;;;;;;;;;;;;;;;;;;;;;;;;;;;;;;;;;;;;;;;;;;;;;;;;;;;;;;;;;;0;8.90;11.60;6.30;14.90;15.20;14.00;1315;2031;823;225;226;1545.20;;;24841690;9.00;;;;;;23.00
1570761000000;2019-10-11T03:30:00.000+0100;;;;;;;;;1.00;155.80;380.30;380.60;380.00;1350.00;1340.00;1339.00;;;;;;;;;;;;;;;;1.0;;;;;;;;;;;;;;;;;;;;;;;;;;;;;;;;;;;;;;;;;;;;50.00;;;;;;;;;;;;;;;;;;;;;;;;;;;;;;;;;;;;;;38.00;51.00;36.00;10.00;;;;60.00;64.00;57.00;;;;;;;;;;;;;;;;;;;;;;;;;;;;;;;;;;;;84.00;82.00;86.00;;;;;;;;;;;;;;;;;;;;;;;1521.700;;;;;;;;;;;;;;;;;;;;;;;;;;;;;;;;;;;;;;;;;;;;;;;;;;;;;;;;;;;;;;;;;;;;;;;;;;;;;;;;;;;;;;;;;;;;;;;;;;;;;;;;;;;;;;;;;;;;;;;;;;;;;;;;;;;;;;;;;;;;;;;;;;;;;;;;;;;;;;;;;;;;;;;;;;;;;;;;;;;;;;;;;;;;;;;;;;;;;;;;;;;;;;;;;;;;;;;;;;;;;;;;;;;;;;;;;;;;;;;;;;;;;;;;;;;;;;;;;;;;;;;;;;;;;;;;;;;;;;;;;;;;;;;;;;;;;;;;;;;;;;;;;;;;;;;;;;;;;;;;;;;;;;;;;;;;;;;;;;;;;;;;;;;;;;;;;;;;;;;;;;;;;;;;;;;;;;;;;;;;;;;;;;;;;;;;;;;;;;;;;;;;;;;;;;;;;;;;;;;;;;;;;;;;;;;;;;;;;;;;;;;;;;;;;;;;;;;;;;0;9.40;11.70;6.30;14.90;15.20;13.70;1524;2021;766;228;228;1547.30;;;24841944;9.00;;;;;;23.00
1570761600000;2019-10-11T03:40:00.000+0100;;;;;;;;;1.00;184.00;380.50;380.60;380.00;1594.00;1583.00;1582.00;;;;;;;;;;;;;;;;1.0;;;;;;;;;;;;;;;;;;;;;;;;;;;;;;;;;;;;;;;;;;;;50.00;;;;;;;;;;;;;;;;;;;;;;;;;;;;;;;;;;;;;;38.00;51.00;36.00;10.00;;;;63.00;67.00;59.00;;;;;;;;;;;;;;;;;;;;;;;;;;;;;;;;;;;;86.00;84.00;88.00;;;;;;;;;;;;;;;;;;;;;;;1778.900;;;;;;;;;;;;;;;;;;;;;;;;;;;;;;;;;;;;;;;;;;;;;;;;;;;;;;;;;;;;;;;;;;;;;;;;;;;;;;;;;;;;;;;;;;;;;;;;;;;;;;;;;;;;;;;;;;;;;;;;;;;;;;;;;;;;;;;;;;;;;;;;;;;;;;;;;;;;;;;;;;;;;;;;;;;;;;;;;;;;;;;;;;;;;;;;;;;;;;;;;;;;;;;;;;;;;;;;;;;;;;;;;;;;;;;;;;;;;;;;;;;;;;;;;;;;;;;;;;;;;;;;;;;;;;;;;;;;;;;;;;;;;;;;;;;;;;;;;;;;;;;;;;;;;;;;;;;;;;;;;;;;;;;;;;;;;;;;;;;;;;;;;;;;;;;;;;;;;;;;;;;;;;;;;;;;;;;;;;;;;;;;;;;;;;;;;;;;;;;;;;;;;;;;;;;;;;;;;;;;;;;;;;;;;;;;;;;;;;;;;;;;;;;;;;;;;;;;;;0;10.10;12.30;6.80;14.90;15.20;14.30;1801;2109;1008;228;229;1549.70;;;24842246;9.00;;;;;;22.00
1570762200000;2019-10-11T03:50:00.000+0100;;;;;;;;;1.00;167.80;381.40;381.50;380.90;1451.00;1440.00;1439.00;;;;;;;;;;;;;;;;1.0;;;;;;;;;;;;;;;;;;;;;;;;;;;;;;;;;;;;;;;;;;;;50.00;;;;;;;;;;;;;;;;;;;;;;;;;;;;;;;;;;;;;;38.00;52.00;36.00;10.00;;;;66.00;70.00;62.00;;;;;;;;;;;;;;;;;;;;;;;;;;;;;;;;;;;;88.00;86.00;90.00;;;;;;;;;;;;;;;;;;;;;;;1638.000;;;;;;;;;;;;;;;;;;;;;;;;;;;;;;;;;;;;;;;;;;;;;;;;;;;;;;;;;;;;;;;;;;;;;;;;;;;;;;;;;;;;;;;;;;;;;;;;;;;;;;;;;;;;;;;;;;;;;;;;;;;;;;;;;;;;;;;;;;;;;;;;;;;;;;;;;;;;;;;;;;;;;;;;;;;;;;;;;;;;;;;;;;;;;;;;;;;;;;;;;;;;;;;;;;;;;;;;;;;;;;;;;;;;;;;;;;;;;;;;;;;;;;;;;;;;;;;;;;;;;;;;;;;;;;;;;;;;;;;;;;;;;;;;;;;;;;;;;;;;;;;;;;;;;;;;;;;;;;;;;;;;;;;;;;;;;;;;;;;;;;;;;;;;;;;;;;;;;;;;;;;;;;;;;;;;;;;;;;;;;;;;;;;;;;;;;;;;;;;;;;;;;;;;;;;;;;;;;;;;;;;;;;;;;;;;;;;;;;;;;;;;;;;;;;;;;;;;;;0;9.80;11.80;7.90;14.90;15.20;14.60;1642;2109;1186;228;227;1550.00;;;24842518;9.00;;;;;;22.00
1570762800000;2019-10-11T04:00:00.000+0100;;;;;;;;;1.00;163.10;381.20;381.30;380.70;1411.00;1400.00;1400.00;;;;;;;;;;;;;;;;1.0;;;;;;;;;;;;;;;;;;;;;;;;;;;;;;;;;;;;;;;;;;;;50.00;;;;;;;;;;;;;;;;;;;;;;;;;;;;;;;;;;;;;;38.00;52.00;36.00;10.00;;;;67.00;71.00;64.00;;;;;;;;;;;;;;;;;;;;;;;;;;;;;;;;;;;;88.00;85.00;89.00;;;;;;;;;;;;;;;;;;;;;;;1590.300;;;;;;;;;;;;;;;;;;;;;;;;;;;;;;;;;;;;;;;;;;;;;;;;;;;;;;;;;;;;;;;;;;;;;;;;;;;;;;;;;;;;;;;;;;;;;;;;;;;;;;;;;;;;;;;;;;;;;;;;;;;;;;;;;;;;;;;;;;;;;;;;;;;;;;;;;;;;;;;;;;;;;;;;;;;;;;;;;;;;;;;;;;;;;;;;;;;;;;;;;;;;;;;;;;;;;;;;;;;;;;;;;;;;;;;;;;;;;;;;;;;;;;;;;;;;;;;;;;;;;;;;;;;;;;;;;;;;;;;;;;;;;;;;;;;;;;;;;;;;;;;;;;;;;;;;;;;;;;;;;;;;;;;;;;;;;;;;;;;;;;;;;;;;;;;;;;;;;;;;;;;;;;;;;;;;;;;;;;;;;;;;;;;;;;;;;;;;;;;;;;;;;;;;;;;;;;;;;;;;;;;;;;;;;;;;;;;;;;;;;;;;;;;;;;;;;;;;;;0;9.60;11.50;7.40;14.90;15.50;14.30;1596;2115;920;225;225;1550.30;;;24842784;9.00;;;;;;22.00
1570763400000;2019-10-11T04:10:00.000+0100;;;;;;;;;1.00;188.50;381.40;381.50;380.90;1630.00;1618.00;1617.00;;;;;;;;;;;;;;;;1.0;;;;;;;;;;;;;;;;;;;;;;;;;;;;;;;;;;;;;;;;;;;;50.00;;;;;;;;;;;;;;;;;;;;;;;;;;;;;;;;;;;;;;38.00;52.00;36.00;10.00;;;;69.00;73.00;65.00;;;;;;;;;;;;;;;;;;;;;;;;;;;;;;;;;;;;89.00;87.00;91.00;;;;;;;;;;;;;;;;;;;;;;;1820.200;;;;;;;;;;;;;;;;;;;;;;;;;;;;;;;;;;;;;;;;;;;;;;;;;;;;;;;;;;;;;;;;;;;;;;;;;;;;;;;;;;;;;;;;;;;;;;;;;;;;;;;;;;;;;;;;;;;;;;;;;;;;;;;;;;;;;;;;;;;;;;;;;;;;;;;;;;;;;;;;;;;;;;;;;;;;;;;;;;;;;;;;;;;;;;;;;;;;;;;;;;;;;;;;;;;;;;;;;;;;;;;;;;;;;;;;;;;;;;;;;;;;;;;;;;;;;;;;;;;;;;;;;;;;;;;;;;;;;;;;;;;;;;;;;;;;;;;;;;;;;;;;;;;;;;;;;;;;;;;;;;;;;;;;;;;;;;;;;;;;;;;;;;;;;;;;;;;;;;;;;;;;;;;;;;;;;;;;;;;;;;;;;;;;;;;;;;;;;;;;;;;;;;;;;;;;;;;;;;;;;;;;;;;;;;;;;;;;;;;;;;;;;;;;;;;;;;;;;;0;10.30;12.40;8.10;14.90;15.80;14.30;1845;2114;1204;226;228;1550.60;;;24843090;10.00;;;;;;22.00
1570764000000;2019-10-11T04:20:00.000+0100;;;;;;;;;1.00;194.20;384.20;384.30;383.70;1666.00;1654.00;1653.00;;;;;;;;;;;;;;;;1.0;;;;;;;;;;;;;;;;;;;;;;;;;;;;;;;;;;;;;;;;;;;;50.00;;;;;;;;;;;;;;;;;;;;;;;;;;;;;;;;;;;;;;38.00;52.00;36.00;10.00;;;;73.00;77.00;68.00;;;;;;;;;;;;;;;;;;;;;;;;;;;;;;;;;;;;91.00;89.00;93.00;;;;;;;;;;;;;;;;;;;;;;;1878.500;;;;;;;;;;;;;;;;;;;;;;;;;;;;;;;;;;;;;;;;;;;;;;;;;;;;;;;;;;;;;;;;;;;;;;;;;;;;;;;;;;;;;;;;;;;;;;;;;;;;;;;;;;;;;;;;;;;;;;;;;;;;;;;;;;;;;;;;;;;;;;;;;;;;;;;;;;;;;;;;;;;;;;;;;;;;;;;;;;;;;;;;;;;;;;;;;;;;;;;;;;;;;;;;;;;;;;;;;;;;;;;;;;;;;;;;;;;;;;;;;;;;;;;;;;;;;;;;;;;;;;;;;;;;;;;;;;;;;;;;;;;;;;;;;;;;;;;;;;;;;;;;;;;;;;;;;;;;;;;;;;;;;;;;;;;;;;;;;;;;;;;;;;;;;;;;;;;;;;;;;;;;;;;;;;;;;;;;;;;;;;;;;;;;;;;;;;;;;;;;;;;;;;;;;;;;;;;;;;;;;;;;;;;;;;;;;;;;;;;;;;;;;;;;;;;;;;;;;;0;10.50;12.20;8.80;14.90;15.80;14.30;1900;2108;1361;229;231;1550.60;;;24843408;10.00;;;;;;23.00
1570764600000;2019-10-11T04:30:00.000+0100;;;;;;;;;1.00;184.30;379.10;379.20;378.70;1603.00;1590.00;1591.00;;;;;;;;;;;;;;;;1.0;;;;;;;;;;;;;;;;;;;;;;;;;;;;;;;;;;;;;;;;;;;;50.00;;;;;;;;;;;;;;;;;;;;;;;;;;;;;;;;;;;;;;38.00;53.00;36.00;10.00;;;;75.00;80.00;71.00;;;;;;;;;;;;;;;;;;;;;;;;;;;;;;;;;;;;91.00;89.00;93.00;;;;;;;;;;;;;;;;;;;;;;;1778.600;;;;;;;;;;;;;;;;;;;;;;;;;;;;;;;;;;;;;;;;;;;;;;;;;;;;;;;;;;;;;;;;;;;;;;;;;;;;;;;;;;;;;;;;;;;;;;;;;;;;;;;;;;;;;;;;;;;;;;;;;;;;;;;;;;;;;;;;;;;;;;;;;;;;;;;;;;;;;;;;;;;;;;;;;;;;;;;;;;;;;;;;;;;;;;;;;;;;;;;;;;;;;;;;;;;;;;;;;;;;;;;;;;;;;;;;;;;;;;;;;;;;;;;;;;;;;;;;;;;;;;;;;;;;;;;;;;;;;;;;;;;;;;;;;;;;;;;;;;;;;;;;;;;;;;;;;;;;;;;;;;;;;;;;;;;;;;;;;;;;;;;;;;;;;;;;;;;;;;;;;;;;;;;;;;;;;;;;;;;;;;;;;;;;;;;;;;;;;;;;;;;;;;;;;;;;;;;;;;;;;;;;;;;;;;;;;;;;;;;;;;;;;;;;;;;;;;;;;;0;10.20;11.70;7.80;14.90;15.50;14.30;1804;2112;1206;229;228;1551.50;;;24843708;10.00;;;;;;23.00
1570765200000;2019-10-11T04:40:00.000+0100;;;;;;;;;1.00;194.70;378.10;378.20;377.70;1699.00;1685.00;1689.00;;;;;;;;;;;;;;;;1.0;;;;;;;;;;;;;;;;;;;;;;;;;;;;;;;;;;;;;;;;;;;;50.00;;;;;;;;;;;;;;;;;;;;;;;;;;;;;;;;;;;;;;38.00;53.00;36.00;10.00;;;;77.00;82.00;73.00;;;;;;;;;;;;;;;;;;;;;;;;;;;;;;;;;;;;92.00;90.00;94.00;;;;;;;;;;;;;;;;;;;;;;;1880.800;;;;;;;;;;;;;;;;;;;;;;;;;;;;;;;;;;;;;;;;;;;;;;;;;;;;;;;;;;;;;;;;;;;;;;;;;;;;;;;;;;;;;;;;;;;;;;;;;;;;;;;;;;;;;;;;;;;;;;;;;;;;;;;;;;;;;;;;;;;;;;;;;;;;;;;;;;;;;;;;;;;;;;;;;;;;;;;;;;;;;;;;;;;;;;;;;;;;;;;;;;;;;;;;;;;;;;;;;;;;;;;;;;;;;;;;;;;;;;;;;;;;;;;;;;;;;;;;;;;;;;;;;;;;;;;;;;;;;;;;;;;;;;;;;;;;;;;;;;;;;;;;;;;;;;;;;;;;;;;;;;;;;;;;;;;;;;;;;;;;;;;;;;;;;;;;;;;;;;;;;;;;;;;;;;;;;;;;;;;;;;;;;;;;;;;;;;;;;;;;;;;;;;;;;;;;;;;;;;;;;;;;;;;;;;;;;;;;;;;;;;;;;;;;;;;;;;;;;;0;10.70;13.00;8.50;14.90;16.10;14.00;1906;2118;1288;229;229;1550.90;;;24844026;10.00;;;;;;23.00
1570765800000;2019-10-11T04:50:00.000+0100;;;;;;;;;1.00;185.50;378.60;378.80;378.30;1616.00;1603.00;1605.00;;;;;;;;;;;;;;;;1.0;;;;;;;;;;;;;;;;;;;;;;;;;;;;;;;;;;;;;;;;;;;;50.00;;;;;;;;;;;;;;;;;;;;;;;;;;;;;;;;;;;;;;38.00;53.00;36.00;11.00;;;;80.00;84.00;75.00;;;;;;;;;;;;;;;;;;;;;;;;;;;;;;;;;;;;92.00;90.00;94.00;;;;;;;;;;;;;;;;;;;;;;;1797.400;;;;;;;;;;;;;;;;;;;;;;;;;;;;;;;;;;;;;;;;;;;;;;;;;;;;;;;;;;;;;;;;;;;;;;;;;;;;;;;;;;;;;;;;;;;;;;;;;;;;;;;;;;;;;;;;;;;;;;;;;;;;;;;;;;;;;;;;;;;;;;;;;;;;;;;;;;;;;;;;;;;;;;;;;;;;;;;;;;;;;;;;;;;;;;;;;;;;;;;;;;;;;;;;;;;;;;;;;;;;;;;;;;;;;;;;;;;;;;;;;;;;;;;;;;;;;;;;;;;;;;;;;;;;;;;;;;;;;;;;;;;;;;;;;;;;;;;;;;;;;;;;;;;;;;;;;;;;;;;;;;;;;;;;;;;;;;;;;;;;;;;;;;;;;;;;;;;;;;;;;;;;;;;;;;;;;;;;;;;;;;;;;;;;;;;;;;;;;;;;;;;;;;;;;;;;;;;;;;;;;;;;;;;;;;;;;;;;;;;;;;;;;;;;;;;;;;;;;;0;10.40;12.70;8.40;14.90;15.50;14.30;1816;2108;1205;225;224;1551.50;;;24844328;10.00;;;;;;23.00
1570766400000;2019-10-11T05:00:00.000+0100;;;;;;;;;1.00;192.30;378.50;378.80;378.30;1675.00;1662.00;1659.00;;;;;;;;;;;;;;;;1.0;;;;;;;;;;;;;;;;;;;;;;;;;;;;;;;;;;;;;;;;;;;;50.00;;;;;;;;;;;;;;;;;;;;;;;;;;;;;;;;;;;;;;38.00;53.00;36.00;11.00;;;;81.00;86.00;77.00;;;;;;;;;;;;;;;;;;;;;;;;;;;;;;;;;;;;92.00;90.00;95.00;;;;;;;;;;;;;;;;;;;;;;;1863.300;;;;;;;;;;;;;;;;;;;;;;;;;;;;;;;;;;;;;;;;;;;;;;;;;;;;;;;;;;;;;;;;;;;;;;;;;;;;;;;;;;;;;;;;;;;;;;;;;;;;;;;;;;;;;;;;;;;;;;;;;;;;;;;;;;;;;;;;;;;;;;;;;;;;;;;;;;;;;;;;;;;;;;;;;;;;;;;;;;;;;;;;;;;;;;;;;;;;;;;;;;;;;;;;;;;;;;;;;;;;;;;;;;;;;;;;;;;;;;;;;;;;;;;;;;;;;;;;;;;;;;;;;;;;;;;;;;;;;;;;;;;;;;;;;;;;;;;;;;;;;;;;;;;;;;;;;;;;;;;;;;;;;;;;;;;;;;;;;;;;;;;;;;;;;;;;;;;;;;;;;;;;;;;;;;;;;;;;;;;;;;;;;;;;;;;;;;;;;;;;;;;;;;;;;;;;;;;;;;;;;;;;;;;;;;;;;;;;;;;;;;;;;;;;;;;;;;;;;;0;10.50;12.50;8.50;14.90;15.50;14.30;1882;2115;1359;220;222;1550.30;;;24844642;10.00;;;;;;23.00
1570767000000;2019-10-11T05:10:00.000+0100;;;;;;;;;1.00;174.50;381.90;382.20;381.70;1506.00;1495.00;1495.00;;;;;;;;;;;;;;;;1.0;;;;;;;;;;;;;;;;;;;;;;;;;;;;;;;;;;;;;;;;;;;;50.00;;;;;;;;;;;;;;;;;;;;;;;;;;;;;;;;;;;;;;38.00;53.00;36.00;11.00;;;;82.00;87.00;78.00;;;;;;;;;;;;;;;;;;;;;;;;;;;;;;;;;;;;92.00;90.00;94.00;;;;;;;;;;;;;;;;;;;;;;;1689.700;;;;;;;;;;;;;;;;;;;;;;;;;;;;;;;;;;;;;;;;;;;;;;;;;;;;;;;;;;;;;;;;;;;;;;;;;;;;;;;;;;;;;;;;;;;;;;;;;;;;;;;;;;;;;;;;;;;;;;;;;;;;;;;;;;;;;;;;;;;;;;;;;;;;;;;;;;;;;;;;;;;;;;;;;;;;;;;;;;;;;;;;;;;;;;;;;;;;;;;;;;;;;;;;;;;;;;;;;;;;;;;;;;;;;;;;;;;;;;;;;;;;;;;;;;;;;;;;;;;;;;;;;;;;;;;;;;;;;;;;;;;;;;;;;;;;;;;;;;;;;;;;;;;;;;;;;;;;;;;;;;;;;;;;;;;;;;;;;;;;;;;;;;;;;;;;;;;;;;;;;;;;;;;;;;;;;;;;;;;;;;;;;;;;;;;;;;;;;;;;;;;;;;;;;;;;;;;;;;;;;;;;;;;;;;;;;;;;;;;;;;;;;;;;;;;;;;;;;;0;10.10;12.20;7.80;14.90;15.50;14.30;1708;2111;1110;223;223;1550.00;;;24844928;10.00;;;;;;23.00
1570767600000;2019-10-11T05:20:00.000+0100;;;;;;;;;1.00;172.50;383.30;383.50;383.20;1483.00;1472.00;1473.00;;;;;;;;;;;;;;;;1.0;;;;;;;;;;;;;;;;;;;;;;;;;;;;;;;;;;;;;;;;;;;;50.00;;;;;;;;;;;;;;;;;;;;;;;;;;;;;;;;;;;;;;38.00;53.00;36.00;11.00;;;;82.00;86.00;77.00;;;;;;;;;;;;;;;;;;;;;;;;;;;;;;;;;;;;91.00;89.00;93.00;;;;;;;;;;;;;;;;;;;;;;;1675.100;;;;;;;;;;;;;;;;;;;;;;;;;;;;;;;;;;;;;;;;;;;;;;;;;;;;;;;;;;;;;;;;;;;;;;;;;;;;;;;;;;;;;;;;;;;;;;;;;;;;;;;;;;;;;;;;;;;;;;;;;;;;;;;;;;;;;;;;;;;;;;;;;;;;;;;;;;;;;;;;;;;;;;;;;;;;;;;;;;;;;;;;;;;;;;;;;;;;;;;;;;;;;;;;;;;;;;;;;;;;;;;;;;;;;;;;;;;;;;;;;;;;;;;;;;;;;;;;;;;;;;;;;;;;;;;;;;;;;;;;;;;;;;;;;;;;;;;;;;;;;;;;;;;;;;;;;;;;;;;;;;;;;;;;;;;;;;;;;;;;;;;;;;;;;;;;;;;;;;;;;;;;;;;;;;;;;;;;;;;;;;;;;;;;;;;;;;;;;;;;;;;;;;;;;;;;;;;;;;;;;;;;;;;;;;;;;;;;;;;;;;;;;;;;;;;;;;;;;;0;9.90;11.50;7.30;14.90;15.20;14.30;1689;2114;1173;224;222;1550.30;;;24845210;10.00;;;;;;23.00
1570768200000;2019-10-11T05:30:00.000+0100;;;;;;;;;1.00;147.60;383.00;383.20;383.00;1269.00;1259.00;1258.00;;;;;;;;;;;;;;;;1.0;;;;;;;;;;;;;;;;;;;;;;;;;;;;;;;;;;;;;;;;;;;;50.00;;;;;;;;;;;;;;;;;;;;;;;;;;;;;;;;;;;;;;38.00;53.00;36.00;11.00;;;;81.00;86.00;77.00;;;;;;;;;;;;;;;;;;;;;;;;;;;;;;;;;;;;90.00;88.00;92.00;;;;;;;;;;;;;;;;;;;;;;;1437.100;;;;;;;;;;;;;;;;;;;;;;;;;;;;;;;;;;;;;;;;;;;;;;;;;;;;;;;;;;;;;;;;;;;;;;;;;;;;;;;;;;;;;;;;;;;;;;;;;;;;;;;;;;;;;;;;;;;;;;;;;;;;;;;;;;;;;;;;;;;;;;;;;;;;;;;;;;;;;;;;;;;;;;;;;;;;;;;;;;;;;;;;;;;;;;;;;;;;;;;;;;;;;;;;;;;;;;;;;;;;;;;;;;;;;;;;;;;;;;;;;;;;;;;;;;;;;;;;;;;;;;;;;;;;;;;;;;;;;;;;;;;;;;;;;;;;;;;;;;;;;;;;;;;;;;;;;;;;;;;;;;;;;;;;;;;;;;;;;;;;;;;;;;;;;;;;;;;;;;;;;;;;;;;;;;;;;;;;;;;;;;;;;;;;;;;;;;;;;;;;;;;;;;;;;;;;;;;;;;;;;;;;;;;;;;;;;;;;;;;;;;;;;;;;;;;;;;;;;;0;9.30;12.40;6.80;14.90;15.50;14.00;1444;2109;758;223;221;1542.80;;;24845450;10.00;;;;;;23.00
1570768800000;2019-10-11T05:40:00.000+0100;;;;;;;;;1.00;121.90;380.70;380.90;380.70;1056.00;1048.00;1047.00;;;;;;;;;;;;;;;;1.0;;;;;;;;;;;;;;;;;;;;;;;;;;;;;;;;;;;;;;;;;;;;50.00;;;;;;;;;;;;;;;;;;;;;;;;;;;;;;;;;;;;;;38.00;52.00;36.00;11.00;;;;77.00;82.00;74.00;;;;;;;;;;;;;;;;;;;;;;;;;;;;;;;;;;;;87.00;85.00;89.00;;;;;;;;;;;;;;;;;;;;;;;1193.000;;;;;;;;;;;;;;;;;;;;;;;;;;;;;;;;;;;;;;;;;;;;;;;;;;;;;;;;;;;;;;;;;;;;;;;;;;;;;;;;;;;;;;;;;;;;;;;;;;;;;;;;;;;;;;;;;;;;;;;;;;;;;;;;;;;;;;;;;;;;;;;;;;;;;;;;;;;;;;;;;;;;;;;;;;;;;;;;;;;;;;;;;;;;;;;;;;;;;;;;;;;;;;;;;;;;;;;;;;;;;;;;;;;;;;;;;;;;;;;;;;;;;;;;;;;;;;;;;;;;;;;;;;;;;;;;;;;;;;;;;;;;;;;;;;;;;;;;;;;;;;;;;;;;;;;;;;;;;;;;;;;;;;;;;;;;;;;;;;;;;;;;;;;;;;;;;;;;;;;;;;;;;;;;;;;;;;;;;;;;;;;;;;;;;;;;;;;;;;;;;;;;;;;;;;;;;;;;;;;;;;;;;;;;;;;;;;;;;;;;;;;;;;;;;;;;;;;;;;0;8.50;11.20;6.30;14.60;15.20;13.40;1193;1902;568;219;221;1532.40;;;24845648;10.00;;;;;;23.00
1570769400000;2019-10-11T05:50:00.000+0100;;;;;;;;;1.00;144.50;380.10;380.40;380.10;1252.00;1244.00;1243.00;;;;;;;;;;;;;;;;1.0;;;;;;;;;;;;;;;;;;;;;;;;;;;;;;;;;;;;;;;;;;;;50.00;;;;;;;;;;;;;;;;;;;;;;;;;;;;;;;;;;;;;;38.00;52.00;36.00;11.00;;;;75.00;80.00;71.00;;;;;;;;;;;;;;;;;;;;;;;;;;;;;;;;;;;;86.00;84.00;88.00;;;;;;;;;;;;;;;;;;;;;;;1406.800;;;;;;;;;;;;;;;;;;;;;;;;;;;;;;;;;;;;;;;;;;;;;;;;;;;;;;;;;;;;;;;;;;;;;;;;;;;;;;;;;;;;;;;;;;;;;;;;;;;;;;;;;;;;;;;;;;;;;;;;;;;;;;;;;;;;;;;;;;;;;;;;;;;;;;;;;;;;;;;;;;;;;;;;;;;;;;;;;;;;;;;;;;;;;;;;;;;;;;;;;;;;;;;;;;;;;;;;;;;;;;;;;;;;;;;;;;;;;;;;;;;;;;;;;;;;;;;;;;;;;;;;;;;;;;;;;;;;;;;;;;;;;;;;;;;;;;;;;;;;;;;;;;;;;;;;;;;;;;;;;;;;;;;;;;;;;;;;;;;;;;;;;;;;;;;;;;;;;;;;;;;;;;;;;;;;;;;;;;;;;;;;;;;;;;;;;;;;;;;;;;;;;;;;;;;;;;;;;;;;;;;;;;;;;;;;;;;;;;;;;;;;;;;;;;;;;;;;;;0;9.10;11.80;6.80;14.90;15.20;14.00;1414;2106;881;224;223;1549.10;;;24845884;10.00;;;;;;23.00
1570770000000;2019-10-11T06:00:00.000+0100;;;;;;;;;1.00;154.30;379.80;380.20;379.70;1340.00;1330.00;1329.00;;;;;;;;;;;;;;;;1.0;;;;;;;;;;;;;;;;;;;;;;;;;;;;;;;;;;;;;;;;;;;;50.00;;;;;;;;;;;;;;;;;;;;;;;;;;;;;;;;;;;;;;38.00;52.00;36.00;11.00;;;;74.00;78.00;70.00;;;;;;;;;;;;;;;;;;;;;;;;;;;;;;;;;;;;86.00;84.00;88.00;;;;;;;;;;;;;;;;;;;;;;;1504.300;;;;;;;;;;;;;;;;;;;;;;;;;;;;;;;;;;;;;;;;;;;;;;;;;;;;;;;;;;;;;;;;;;;;;;;;;;;;;;;;;;;;;;;;;;;;;;;;;;;;;;;;;;;;;;;;;;;;;;;;;;;;;;;;;;;;;;;;;;;;;;;;;;;;;;;;;;;;;;;;;;;;;;;;;;;;;;;;;;;;;;;;;;;;;;;;;;;;;;;;;;;;;;;;;;;;;;;;;;;;;;;;;;;;;;;;;;;;;;;;;;;;;;;;;;;;;;;;;;;;;;;;;;;;;;;;;;;;;;;;;;;;;;;;;;;;;;;;;;;;;;;;;;;;;;;;;;;;;;;;;;;;;;;;;;;;;;;;;;;;;;;;;;;;;;;;;;;;;;;;;;;;;;;;;;;;;;;;;;;;;;;;;;;;;;;;;;;;;;;;;;;;;;;;;;;;;;;;;;;;;;;;;;;;;;;;;;;;;;;;;;;;;;;;;;;;;;;;;;0;9.50;12.10;7.30;14.90;15.20;14.60;1510;2104;912;224;223;1550.30;;;24846136;10.00;;;;;;23.00
1570770600000;2019-10-11T06:10:00.000+0100;;;;;;;;;1.00;184.00;381.10;381.40;381.00;1590.00;1578.00;1578.00;;;;;;;;;;;;;;;;1.0;;;;;;;;;;;;;;;;;;;;;;;;;;;;;;;;;;;;;;;;;;;;50.00;;;;;;;;;;;;;;;;;;;;;;;;;;;;;;;;;;;;;;38.00;52.00;36.00;11.00;;;;74.00;79.00;71.00;;;;;;;;;;;;;;;;;;;;;;;;;;;;;;;;;;;;88.00;86.00;90.00;;;;;;;;;;;;;;;;;;;;;;;1783.200;;;;;;;;;;;;;;;;;;;;;;;;;;;;;;;;;;;;;;;;;;;;;;;;;;;;;;;;;;;;;;;;;;;;;;;;;;;;;;;;;;;;;;;;;;;;;;;;;;;;;;;;;;;;;;;;;;;;;;;;;;;;;;;;;;;;;;;;;;;;;;;;;;;;;;;;;;;;;;;;;;;;;;;;;;;;;;;;;;;;;;;;;;;;;;;;;;;;;;;;;;;;;;;;;;;;;;;;;;;;;;;;;;;;;;;;;;;;;;;;;;;;;;;;;;;;;;;;;;;;;;;;;;;;;;;;;;;;;;;;;;;;;;;;;;;;;;;;;;;;;;;;;;;;;;;;;;;;;;;;;;;;;;;;;;;;;;;;;;;;;;;;;;;;;;;;;;;;;;;;;;;;;;;;;;;;;;;;;;;;;;;;;;;;;;;;;;;;;;;;;;;;;;;;;;;;;;;;;;;;;;;;;;;;;;;;;;;;;;;;;;;;;;;;;;;;;;;;;;0;10.40;12.50;8.30;14.90;15.50;14.30;1801;2110;1188;224;225;1550.60;;;24846434;10.00;;;;;;23.00
1570771200000;2019-10-11T06:20:00.000+0100;;;;;;;;;1.00;188.50;381.10;381.50;381.00;1630.00;1617.00;1619.00;;;;;;;;;;;;;;;;1.0;;;;;;;;;;;;;;;;;;;;;;;;;;;;;;;;;;;;;;;;;;;;50.00;;;;;;;;;;;;;;;;;;;;;;;;;;;;;;;;;;;;;;38.00;53.00;36.00;11.00;;;;77.00;81.00;73.00;;;;;;;;;;;;;;;;;;;;;;;;;;;;;;;;;;;;89.00;87.00;92.00;;;;;;;;;;;;;;;;;;;;;;;1820.000;;;;;;;;;;;;;;;;;;;;;;;;;;;;;;;;;;;;;;;;;;;;;;;;;;;;;;;;;;;;;;;;;;;;;;;;;;;;;;;;;;;;;;;;;;;;;;;;;;;;;;;;;;;;;;;;;;;;;;;;;;;;;;;;;;;;;;;;;;;;;;;;;;;;;;;;;;;;;;;;;;;;;;;;;;;;;;;;;;;;;;;;;;;;;;;;;;;;;;;;;;;;;;;;;;;;;;;;;;;;;;;;;;;;;;;;;;;;;;;;;;;;;;;;;;;;;;;;;;;;;;;;;;;;;;;;;;;;;;;;;;;;;;;;;;;;;;;;;;;;;;;;;;;;;;;;;;;;;;;;;;;;;;;;;;;;;;;;;;;;;;;;;;;;;;;;;;;;;;;;;;;;;;;;;;;;;;;;;;;;;;;;;;;;;;;;;;;;;;;;;;;;;;;;;;;;;;;;;;;;;;;;;;;;;;;;;;;;;;;;;;;;;;;;;;;;;;;;;;0;10.40;12.30;8.00;14.90;15.80;14.00;1845;2114;1138;224;222;1551.50;;;24846742;11.00;;;;;;23.00
1570771800000;2019-10-11T06:30:00.000+0100;;;;;;;;;1.00;196.90;381.80;382.10;381.60;1700.00;1687.00;1688.00;;;;;;;;;;;;;;;;1.0;;;;;;;;;;;;;;;;;;;;;;;;;;;;;;;;;;;;;;;;;;;;50.00;;;;;;;;;;;;;;;;;;;;;;;;;;;;;;;;;;;;;;38.00;53.00;37.00;11.00;;;;79.00;84.00;75.00;;;;;;;;;;;;;;;;;;;;;;;;;;;;;;;;;;;;92.00;89.00;94.00;;;;;;;;;;;;;;;;;;;;;;;1905.300;;;;;;;;;;;;;;;;;;;;;;;;;;;;;;;;;;;;;;;;;;;;;;;;;;;;;;;;;;;;;;;;;;;;;;;;;;;;;;;;;;;;;;;;;;;;;;;;;;;;;;;;;;;;;;;;;;;;;;;;;;;;;;;;;;;;;;;;;;;;;;;;;;;;;;;;;;;;;;;;;;;;;;;;;;;;;;;;;;;;;;;;;;;;;;;;;;;;;;;;;;;;;;;;;;;;;;;;;;;;;;;;;;;;;;;;;;;;;;;;;;;;;;;;;;;;;;;;;;;;;;;;;;;;;;;;;;;;;;;;;;;;;;;;;;;;;;;;;;;;;;;;;;;;;;;;;;;;;;;;;;;;;;;;;;;;;;;;;;;;;;;;;;;;;;;;;;;;;;;;;;;;;;;;;;;;;;;;;;;;;;;;;;;;;;;;;;;;;;;;;;;;;;;;;;;;;;;;;;;;;;;;;;;;;;;;;;;;;;;;;;;;;;;;;;;;;;;;;;0;11.00;13.20;9.00;14.90;15.80;14.30;1927;2112;1467;224;222;1550.60;;;24847064;11.00;;;;;;24.00
1570772400000;2019-10-11T06:40:00.000+0100;;;;;;;;;1.00;179.70;383.50;383.80;383.40;1543.00;1533.00;1532.00;;;;;;;;;;;;;;;;1.0;;;;;;;;;;;;;;;;;;;;;;;;;;;;;;;;;;;;;;;;;;;;50.00;;;;;;;;;;;;;;;;;;;;;;;;;;;;;;;;;;;;;;38.00;53.00;36.00;11.00;;;;81.00;86.00;77.00;;;;;;;;;;;;;;;;;;;;;;;;;;;;;;;;;;;;92.00;90.00;94.00;;;;;;;;;;;;;;;;;;;;;;;1741.400;;;;;;;;;;;;;;;;;;;;;;;;;;;;;;;;;;;;;;;;;;;;;;;;;;;;;;;;;;;;;;;;;;;;;;;;;;;;;;;;;;;;;;;;;;;;;;;;;;;;;;;;;;;;;;;;;;;;;;;;;;;;;;;;;;;;;;;;;;;;;;;;;;;;;;;;;;;;;;;;;;;;;;;;;;;;;;;;;;;;;;;;;;;;;;;;;;;;;;;;;;;;;;;;;;;;;;;;;;;;;;;;;;;;;;;;;;;;;;;;;;;;;;;;;;;;;;;;;;;;;;;;;;;;;;;;;;;;;;;;;;;;;;;;;;;;;;;;;;;;;;;;;;;;;;;;;;;;;;;;;;;;;;;;;;;;;;;;;;;;;;;;;;;;;;;;;;;;;;;;;;;;;;;;;;;;;;;;;;;;;;;;;;;;;;;;;;;;;;;;;;;;;;;;;;;;;;;;;;;;;;;;;;;;;;;;;;;;;;;;;;;;;;;;;;;;;;;;;;0;10.40;12.50;8.10;14.90;15.50;14.30;1759;2110;1195;222;220;1550.30;;;24847358;11.00;;;;;;24.00
1570773000000;2019-10-11T06:50:00.000+0100;;;;;;;;;1.00;185.00;382.80;383.20;382.70;1592.00;1581.00;1580.00;;;;;;;;;;;;;;;;1.0;;;;;;;;;;;;;;;;;;;;;;;;;;;;;;;;;;;;;;;;;;;;50.00;;;;;;;;;;;;;;;;;;;;;;;;;;;;;;;;;;;;;;38.00;53.00;36.00;11.00;;;;82.00;87.00;78.00;;;;;;;;;;;;;;;;;;;;;;;;;;;;;;;;;;;;92.00;89.00;94.00;;;;;;;;;;;;;;;;;;;;;;;1791.300;;;;;;;;;;;;;;;;;;;;;;;;;;;;;;;;;;;;;;;;;;;;;;;;;;;;;;;;;;;;;;;;;;;;;;;;;;;;;;;;;;;;;;;;;;;;;;;;;;;;;;;;;;;;;;;;;;;;;;;;;;;;;;;;;;;;;;;;;;;;;;;;;;;;;;;;;;;;;;;;;;;;;;;;;;;;;;;;;;;;;;;;;;;;;;;;;;;;;;;;;;;;;;;;;;;;;;;;;;;;;;;;;;;;;;;;;;;;;;;;;;;;;;;;;;;;;;;;;;;;;;;;;;;;;;;;;;;;;;;;;;;;;;;;;;;;;;;;;;;;;;;;;;;;;;;;;;;;;;;;;;;;;;;;;;;;;;;;;;;;;;;;;;;;;;;;;;;;;;;;;;;;;;;;;;;;;;;;;;;;;;;;;;;;;;;;;;;;;;;;;;;;;;;;;;;;;;;;;;;;;;;;;;;;;;;;;;;;;;;;;;;;;;;;;;;;;;;;;;0;10.40;12.30;8.60;14.90;15.50;14.30;1810;2109;1435;221;219;1550.90;;;24847658;11.00;;;;;;24.00
1570773600000;2019-10-11T07:00:00.000+0100;;;;;;;;;1.00;168.80;380.60;381.00;380.50;1461.00;1449.00;1450.00;;;;;;;;;;;;;;;;1.0;;;;;;;;;;;;;;;;;;;;;;;;;;;;;;;;;;;;;;;;;;;;50.00;;;;;;;;;;;;;;;;;;;;;;;;;;;;;;;;;;;;;;38.00;53.00;36.00;12.00;;;;83.00;87.00;78.00;;;;;;;;;;;;;;;;;;;;;;;;;;;;;;;;;;;;91.00;90.00;94.00;;;;;;;;;;;;;;;;;;;;;;;1634.200;;;;;;;;;;;;;;;;;;;;;;;;;;;;;;;;;;;;;;;;;;;;;;;;;;;;;;;;;;;;;;;;;;;;;;;;;;;;;;;;;;;;;;;;;;;;;;;;;;;;;;;;;;;;;;;;;;;;;;;;;;;;;;;;;;;;;;;;;;;;;;;;;;;;;;;;;;;;;;;;;;;;;;;;;;;;;;;;;;;;;;;;;;;;;;;;;;;;;;;;;;;;;;;;;;;;;;;;;;;;;;;;;;;;;;;;;;;;;;;;;;;;;;;;;;;;;;;;;;;;;;;;;;;;;;;;;;;;;;;;;;;;;;;;;;;;;;;;;;;;;;;;;;;;;;;;;;;;;;;;;;;;;;;;;;;;;;;;;;;;;;;;;;;;;;;;;;;;;;;;;;;;;;;;;;;;;;;;;;;;;;;;;;;;;;;;;;;;;;;;;;;;;;;;;;;;;;;;;;;;;;;;;;;;;;;;;;;;;;;;;;;;;;;;;;;;;;;;;;0;10.00;12.70;6.70;14.90;15.80;14.00;1652;2114;841;218;218;1550.30;;;24847936;11.00;;;;;;24.00
1570774200000;2019-10-11T07:10:00.000+0100;;;;;;;;;1.00;174.30;380.80;381.30;380.70;1509.00;1499.00;1497.00;;;;;;;;;;;;;;;;1.0;;;;;;;;;;;;;;;;;;;;;;;;;;;;;;;;;;;;;;;;;;;;50.00;;;;;;;;;;;;;;;;;;;;;;;;;;;;;;;;;;;;;;38.00;53.00;36.00;12.00;;;;82.00;87.00;78.00;;;;;;;;;;;;;;;;;;;;;;;;;;;;;;;;;;;;91.00;89.00;93.00;;;;;;;;;;;;;;;;;;;;;;;1681.400;;;;;;;;;;;;;;;;;;;;;;;;;;;;;;;;;;;;;;;;;;;;;;;;;;;;;;;;;;;;;;;;;;;;;;;;;;;;;;;;;;;;;;;;;;;;;;;;;;;;;;;;;;;;;;;;;;;;;;;;;;;;;;;;;;;;;;;;;;;;;;;;;;;;;;;;;;;;;;;;;;;;;;;;;;;;;;;;;;;;;;;;;;;;;;;;;;;;;;;;;;;;;;;;;;;;;;;;;;;;;;;;;;;;;;;;;;;;;;;;;;;;;;;;;;;;;;;;;;;;;;;;;;;;;;;;;;;;;;;;;;;;;;;;;;;;;;;;;;;;;;;;;;;;;;;;;;;;;;;;;;;;;;;;;;;;;;;;;;;;;;;;;;;;;;;;;;;;;;;;;;;;;;;;;;;;;;;;;;;;;;;;;;;;;;;;;;;;;;;;;;;;;;;;;;;;;;;;;;;;;;;;;;;;;;;;;;;;;;;;;;;;;;;;;;;;;;;;;;0;10.00;12.10;7.40;14.90;15.50;14.30;1706;2112;1019;219;219;1550.90;;;24848220;11.00;;;;;;24.00
1570774800000;2019-10-11T07:20:00.000+0100;;;;;;;;;1.00;180.40;379.90;380.30;379.60;1565.00;1554.00;1552.00;;;;;;;;;;;;;;;;1.0;;;;;;;;;;;;;;;;;;;;;;;;;;;;;;;;;;;;;;;;;;;;50.00;;;;;;;;;;;;;;;;;;;;;;;;;;;;;;;;;;;;;;38.00;53.00;36.00;12.00;;;;83.00;88.00;78.00;;;;;;;;;;;;;;;;;;;;;;;;;;;;;;;;;;;;91.00;89.00;93.00;;;;;;;;;;;;;;;;;;;;;;;1736.400;;;;;;;;;;;;;;;;;;;;;;;;;;;;;;;;;;;;;;;;;;;;;;;;;;;;;;;;;;;;;;;;;;;;;;;;;;;;;;;;;;;;;;;;;;;;;;;;;;;;;;;;;;;;;;;;;;;;;;;;;;;;;;;;;;;;;;;;;;;;;;;;;;;;;;;;;;;;;;;;;;;;;;;;;;;;;;;;;;;;;;;;;;;;;;;;;;;;;;;;;;;;;;;;;;;;;;;;;;;;;;;;;;;;;;;;;;;;;;;;;;;;;;;;;;;;;;;;;;;;;;;;;;;;;;;;;;;;;;;;;;;;;;;;;;;;;;;;;;;;;;;;;;;;;;;;;;;;;;;;;;;;;;;;;;;;;;;;;;;;;;;;;;;;;;;;;;;;;;;;;;;;;;;;;;;;;;;;;;;;;;;;;;;;;;;;;;;;;;;;;;;;;;;;;;;;;;;;;;;;;;;;;;;;;;;;;;;;;;;;;;;;;;;;;;;;;;;;;;0;10.10;12.30;7.60;14.90;15.50;14.30;1765;2111;1133;222;221;1551.20;;;24848514;11.00;;;;;;24.00
1570775400000;2019-10-11T07:30:00.000+0100;;;;;;;;;1.00;190.40;378.80;379.30;378.50;1656.00;1645.00;1643.00;;;;;;;;;;;;;;;;1.0;;;;;;;;;;;;;;;;;;;;;;;;;;;;;;;;;;;;;;;;;;;;50.00;;;;;;;;;;;;;;;;;;;;;;;;;;;;;;;;;;;;;;38.00;53.00;37.00;12.00;;;;84.00;89.00;79.00;;;;;;;;;;;;;;;;;;;;;;;;;;;;;;;;;;;;92.00;89.00;94.00;;;;;;;;;;;;;;;;;;;;;;;1841.400;;;;;;;;;;;;;;;;;;;;;;;;;;;;;;;;;;;;;;;;;;;;;;;;;;;;;;;;;;;;;;;;;;;;;;;;;;;;;;;;;;;;;;;;;;;;;;;;;;;;;;;;;;;;;;;;;;;;;;;;;;;;;;;;;;;;;;;;;;;;;;;;;;;;;;;;;;;;;;;;;;;;;;;;;;;;;;;;;;;;;;;;;;;;;;;;;;;;;;;;;;;;;;;;;;;;;;;;;;;;;;;;;;;;;;;;;;;;;;;;;;;;;;;;;;;;;;;;;;;;;;;;;;;;;;;;;;;;;;;;;;;;;;;;;;;;;;;;;;;;;;;;;;;;;;;;;;;;;;;;;;;;;;;;;;;;;;;;;;;;;;;;;;;;;;;;;;;;;;;;;;;;;;;;;;;;;;;;;;;;;;;;;;;;;;;;;;;;;;;;;;;;;;;;;;;;;;;;;;;;;;;;;;;;;;;;;;;;;;;;;;;;;;;;;;;;;;;;;;0;10.40;13.30;7.50;14.90;15.50;14.00;1863;2114;1340;222;222;1550.60;;;24848824;11.00;;;;;;24.00
1570776000000;2019-10-11T07:40:00.000+0100;;;;;;;;;1.00;189.20;378.20;378.90;378.00;1647.00;1634.00;1634.00;;;;;;;;;;;;;;;;1.0;;;;;;;;;;;;;;;;;;;;;;;;;;;;;;;;;;;;;;;;;;;;50.00;;;;;;;;;;;;;;;;;;;;;;;;;;;;;;;;;;;;;;38.00;53.00;37.00;12.00;;;;82.00;88.00;78.00;;;;;;;;;;;;;;;;;;;;;;;;;;;;;;;;;;;;92.00;90.00;95.00;;;;;;;;;;;;;;;;;;;;;;;1827.300;;;;;;;;;;;;;;;;;;;;;;;;;;;;;;;;;;;;;;;;;;;;;;;;;;;;;;;;;;;;;;;;;;;;;;;;;;;;;;;;;;;;;;;;;;;;;;;;;;;;;;;;;;;;;;;;;;;;;;;;;;;;;;;;;;;;;;;;;;;;;;;;;;;;;;;;;;;;;;;;;;;;;;;;;;;;;;;;;;;;;;;;;;;;;;;;;;;;;;;;;;;;;;;;;;;;;;;;;;;;;;;;;;;;;;;;;;;;;;;;;;;;;;;;;;;;;;;;;;;;;;;;;;;;;;;;;;;;;;;;;;;;;;;;;;;;;;;;;;;;;;;;;;;;;;;;;;;;;;;;;;;;;;;;;;;;;;;;;;;;;;;;;;;;;;;;;;;;;;;;;;;;;;;;;;;;;;;;;;;;;;;;;;;;;;;;;;;;;;;;;;;;;;;;;;;;;;;;;;;;;;;;;;;;;;;;;;;;;;;;;;;;;;;;;;;;;;;;;;0;10.80;13.40;8.10;14.90;15.80;14.00;1851;2115;1196;221;221;1550.90;;;24849134;11.00;;;;;;25.00
1570776600000;2019-10-11T07:50:00.000+0100;;;;;;;;;1.00;187.80;377.70;378.40;377.60;1640.00;1628.00;1629.00;;;;;;;;;;;;;;;;1.0;;;;;;;;;;;;;;;;;;;;;;;;;;;;;;;;;;;;;;;;;;;;50.00;;;;;;;;;;;;;;;;;;;;;;;;;;;;;;;;;;;;;;38.00;53.00;37.00;12.00;;;;71.00;80.00;68.00;;;;;;;;;;;;;;;;;;;;;;;;;;;;;;;;;;;;92.00;90.00;95.00;;;;;;;;;;;;;;;;;;;;;;;1817.900;;;;;;;;;;;;;;;;;;;;;;;;;;;;;;;;;;;;;;;;;;;;;;;;;;;;;;;;;;;;;;;;;;;;;;;;;;;;;;;;;;;;;;;;;;;;;;;;;;;;;;;;;;;;;;;;;;;;;;;;;;;;;;;;;;;;;;;;;;;;;;;;;;;;;;;;;;;;;;;;;;;;;;;;;;;;;;;;;;;;;;;;;;;;;;;;;;;;;;;;;;;;;;;;;;;;;;;;;;;;;;;;;;;;;;;;;;;;;;;;;;;;;;;;;;;;;;;;;;;;;;;;;;;;;;;;;;;;;;;;;;;;;;;;;;;;;;;;;;;;;;;;;;;;;;;;;;;;;;;;;;;;;;;;;;;;;;;;;;;;;;;;;;;;;;;;;;;;;;;;;;;;;;;;;;;;;;;;;;;;;;;;;;;;;;;;;;;;;;;;;;;;;;;;;;;;;;;;;;;;;;;;;;;;;;;;;;;;;;;;;;;;;;;;;;;;;;;;;;0;10.50;13.50;7.40;14.90;16.10;14.30;1839;2117;1134;214;216;1551.20;;;24849438;11.00;;;;;;26.00
1570777200000;2019-10-11T08:00:00.000+0100;;;;;;;;;1.00;195.70;377.70;378.50;377.60;1708.00;1694.00;1695.00;;;;;;;;;;;;;;;;1.0;;;;;;;;;;;;;;;;;;;;;;;;;;;;;;;;;;;;;;;;;;;;50.00;;;;;;;;;;;;;;;;;;;;;;;;;;;;;;;;;;;;;;38.00;54.00;37.00;12.00;;;;65.00;75.00;61.00;;;;;;;;;;;;;;;;;;;;;;;;;;;;;;;;;;;;93.00;91.00;95.00;;;;;;;;;;;;;;;;;;;;;;;1891.500;;;;;;;;;;;;;;;;;;;;;;;;;;;;;;;;;;;;;;;;;;;;;;;;;;;;;;;;;;;;;;;;;;;;;;;;;;;;;;;;;;;;;;;;;;;;;;;;;;;;;;;;;;;;;;;;;;;;;;;;;;;;;;;;;;;;;;;;;;;;;;;;;;;;;;;;;;;;;;;;;;;;;;;;;;;;;;;;;;;;;;;;;;;;;;;;;;;;;;;;;;;;;;;;;;;;;;;;;;;;;;;;;;;;;;;;;;;;;;;;;;;;;;;;;;;;;;;;;;;;;;;;;;;;;;;;;;;;;;;;;;;;;;;;;;;;;;;;;;;;;;;;;;;;;;;;;;;;;;;;;;;;;;;;;;;;;;;;;;;;;;;;;;;;;;;;;;;;;;;;;;;;;;;;;;;;;;;;;;;;;;;;;;;;;;;;;;;;;;;;;;;;;;;;;;;;;;;;;;;;;;;;;;;;;;;;;;;;;;;;;;;;;;;;;;;;;;;;;;0;10.80;12.80;8.50;14.90;15.80;14.00;1916;2114;1255;218;218;1550.60;;;24849758;11.00;;;;;;26.00
1570777800000;2019-10-11T08:10:00.000+0100;;;;;;;;;1.00;177.30;380.70;381.30;380.50;1534.00;1522.00;1522.00;;;;;;;;;;;;;;;;1.0;;;;;;;;;;;;;;;;;;;;;;;;;;;;;;;;;;;;;;;;;;;;49.90;;;;;;;;;;;;;;;;;;;;;;;;;;;;;;;;;;;;;;38.00;54.00;37.00;12.00;;;;60.00;70.00;56.00;;;;;;;;;;;;;;;;;;;;;;;;;;;;;;;;;;;;93.00;91.00;95.00;;;;;;;;;;;;;;;;;;;;;;;1710.800;;;;;;;;;;;;;;;;;;;;;;;;;;;;;;;;;;;;;;;;;;;;;;;;;;;;;;;;;;;;;;;;;;;;;;;;;;;;;;;;;;;;;;;;;;;;;;;;;;;;;;;;;;;;;;;;;;;;;;;;;;;;;;;;;;;;;;;;;;;;;;;;;;;;;;;;;;;;;;;;;;;;;;;;;;;;;;;;;;;;;;;;;;;;;;;;;;;;;;;;;;;;;;;;;;;;;;;;;;;;;;;;;;;;;;;;;;;;;;;;;;;;;;;;;;;;;;;;;;;;;;;;;;;;;;;;;;;;;;;;;;;;;;;;;;;;;;;;;;;;;;;;;;;;;;;;;;;;;;;;;;;;;;;;;;;;;;;;;;;;;;;;;;;;;;;;;;;;;;;;;;;;;;;;;;;;;;;;;;;;;;;;;;;;;;;;;;;;;;;;;;;;;;;;;;;;;;;;;;;;;;;;;;;;;;;;;;;;;;;;;;;;;;;;;;;;;;;;;;0;10.10;12.00;7.40;14.90;15.80;14.30;1735;2110;1008;215;213;1550.00;;;24850046;11.00;;;;;;26.00
1570778400000;2019-10-11T08:20:00.000+0100;;;;;;;;;1.00;186.90;383.10;383.80;383.00;1608.00;1595.00;1595.00;;;;;;;;;;;;;;;;1.0;;;;;;;;;;;;;;;;;;;;;;;;;;;;;;;;;;;;;;;;;;;;50.00;;;;;;;;;;;;;;;;;;;;;;;;;;;;;;;;;;;;;;38.00;54.00;37.00;12.00;;;;56.00;67.00;52.00;;;;;;;;;;;;;;;;;;;;;;;;;;;;;;;;;;;;93.00;91.00;95.00;;;;;;;;;;;;;;;;;;;;;;;1803.600;;;;;;;;;;;;;;;;;;;;;;;;;;;;;;;;;;;;;;;;;;;;;;;;;;;;;;;;;;;;;;;;;;;;;;;;;;;;;;;;;;;;;;;;;;;;;;;;;;;;;;;;;;;;;;;;;;;;;;;;;;;;;;;;;;;;;;;;;;;;;;;;;;;;;;;;;;;;;;;;;;;;;;;;;;;;;;;;;;;;;;;;;;;;;;;;;;;;;;;;;;;;;;;;;;;;;;;;;;;;;;;;;;;;;;;;;;;;;;;;;;;;;;;;;;;;;;;;;;;;;;;;;;;;;;;;;;;;;;;;;;;;;;;;;;;;;;;;;;;;;;;;;;;;;;;;;;;;;;;;;;;;;;;;;;;;;;;;;;;;;;;;;;;;;;;;;;;;;;;;;;;;;;;;;;;;;;;;;;;;;;;;;;;;;;;;;;;;;;;;;;;;;;;;;;;;;;;;;;;;;;;;;;;;;;;;;;;;;;;;;;;;;;;;;;;;;;;;;;0;10.50;12.50;8.20;14.90;15.80;14.30;1830;2108;1208;213;214;1551.20;;;24850352;11.00;;;;;;26.00
1570779000000;2019-10-11T08:30:00.000+0100;;;;;;;;;1.00;171.50;382.70;383.40;382.70;1476.00;1465.00;1464.00;;;;;;;;;;;;;;;;1.0;;;;;;;;;;;;;;;;;;;;;;;;;;;;;;;;;;;;;;;;;;;;50.00;;;;;;;;;;;;;;;;;;;;;;;;;;;;;;;;;;;;;;38.00;53.00;36.00;12.00;;;;57.00;66.00;52.00;;;;;;;;;;;;;;;;;;;;;;;;;;;;;;;;;;;;92.00;90.00;94.00;;;;;;;;;;;;;;;;;;;;;;;1651.000;;;;;;;;;;;;;;;;;;;;;;;;;;;;;;;;;;;;;;;;;;;;;;;;;;;;;;;;;;;;;;;;;;;;;;;;;;;;;;;;;;;;;;;;;;;;;;;;;;;;;;;;;;;;;;;;;;;;;;;;;;;;;;;;;;;;;;;;;;;;;;;;;;;;;;;;;;;;;;;;;;;;;;;;;;;;;;;;;;;;;;;;;;;;;;;;;;;;;;;;;;;;;;;;;;;;;;;;;;;;;;;;;;;;;;;;;;;;;;;;;;;;;;;;;;;;;;;;;;;;;;;;;;;;;;;;;;;;;;;;;;;;;;;;;;;;;;;;;;;;;;;;;;;;;;;;;;;;;;;;;;;;;;;;;;;;;;;;;;;;;;;;;;;;;;;;;;;;;;;;;;;;;;;;;;;;;;;;;;;;;;;;;;;;;;;;;;;;;;;;;;;;;;;;;;;;;;;;;;;;;;;;;;;;;;;;;;;;;;;;;;;;;;;;;;;;;;;;;;0;10.00;12.50;7.70;14.90;15.80;14.00;1678;2116;834;216;217;1550.60;;;24850632;11.00;;;;;;26.00
1570779600000;2019-10-11T08:40:00.000+0100;;;;;;;;;1.00;186.80;381.80;382.50;381.80;1612.00;1600.00;1601.00;;;;;;;;;;;;;;;;1.0;;;;;;;;;;;;;;;;;;;;;;;;;;;;;;;;;;;;;;;;;;;;50.00;;;;;;;;;;;;;;;;;;;;;;;;;;;;;;;;;;;;;;38.00;53.00;37.00;12.00;;;;64.00;72.00;59.00;;;;;;;;;;;;;;;;;;;;;;;;;;;;;;;;;;;;92.00;90.00;94.00;;;;;;;;;;;;;;;;;;;;;;;1806.500;;;;;;;;;;;;;;;;;;;;;;;;;;;;;;;;;;;;;;;;;;;;;;;;;;;;;;;;;;;;;;;;;;;;;;;;;;;;;;;;;;;;;;;;;;;;;;;;;;;;;;;;;;;;;;;;;;;;;;;;;;;;;;;;;;;;;;;;;;;;;;;;;;;;;;;;;;;;;;;;;;;;;;;;;;;;;;;;;;;;;;;;;;;;;;;;;;;;;;;;;;;;;;;;;;;;;;;;;;;;;;;;;;;;;;;;;;;;;;;;;;;;;;;;;;;;;;;;;;;;;;;;;;;;;;;;;;;;;;;;;;;;;;;;;;;;;;;;;;;;;;;;;;;;;;;;;;;;;;;;;;;;;;;;;;;;;;;;;;;;;;;;;;;;;;;;;;;;;;;;;;;;;;;;;;;;;;;;;;;;;;;;;;;;;;;;;;;;;;;;;;;;;;;;;;;;;;;;;;;;;;;;;;;;;;;;;;;;;;;;;;;;;;;;;;;;;;;;;;0;11.20;14.80;7.70;14.90;16.10;14.00;1828;2114;1037;218;218;1550.90;;;24850936;12.00;;;;;;26.00
1570780200000;2019-10-11T08:50:00.000+0100;;;;;;;;;1.00;177.10;382.00;382.70;382.00;1528.00;1516.00;1516.00;;;;;;;;;;;;;;;;1.0;;;;;;;;;;;;;;;;;;;;;;;;;;;;;;;;;;;;;;;;;;;;50.00;;;;;;;;;;;;;;;;;;;;;;;;;;;;;;;;;;;;;;38.00;53.00;36.00;12.00;;;;69.00;76.00;64.00;;;;;;;;;;;;;;;;;;;;;;;;;;;;;;;;;;;;92.00;90.00;94.00;;;;;;;;;;;;;;;;;;;;;;;1710.100;;;;;;;;;;;;;;;;;;;;;;;;;;;;;;;;;;;;;;;;;;;;;;;;;;;;;;;;;;;;;;;;;;;;;;;;;;;;;;;;;;;;;;;;;;;;;;;;;;;;;;;;;;;;;;;;;;;;;;;;;;;;;;;;;;;;;;;;;;;;;;;;;;;;;;;;;;;;;;;;;;;;;;;;;;;;;;;;;;;;;;;;;;;;;;;;;;;;;;;;;;;;;;;;;;;;;;;;;;;;;;;;;;;;;;;;;;;;;;;;;;;;;;;;;;;;;;;;;;;;;;;;;;;;;;;;;;;;;;;;;;;;;;;;;;;;;;;;;;;;;;;;;;;;;;;;;;;;;;;;;;;;;;;;;;;;;;;;;;;;;;;;;;;;;;;;;;;;;;;;;;;;;;;;;;;;;;;;;;;;;;;;;;;;;;;;;;;;;;;;;;;;;;;;;;;;;;;;;;;;;;;;;;;;;;;;;;;;;;;;;;;;;;;;;;;;;;;;;;0;10.40;14.70;7.20;14.90;16.10;14.30;1733;2114;1119;215;215;1552.10;;;24851226;11.00;;;;;;26.00
1570780800000;2019-10-11T09:00:00.000+0100;;;;;;;;;1.00;196.00;381.50;382.10;381.40;1693.00;1680.00;1679.00;;;;;;;;;;;;;;;;1.0;;;;;;;;;;;;;;;;;;;;;;;;;;;;;;;;;;;;;;;;;;;;50.00;;;;;;;;;;;;;;;;;;;;;;;;;;;;;;;;;;;;;;38.00;54.00;37.00;12.00;;;;74.00;80.00;68.00;;;;;;;;;;;;;;;;;;;;;;;;;;;;;;;;;;;;93.00;91.00;95.00;;;;;;;;;;;;;;;;;;;;;;;1892.900;;;;;;;;;;;;;;;;;;;;;;;;;;;;;;;;;;;;;;;;;;;;;;;;;;;;;;;;;;;;;;;;;;;;;;;;;;;;;;;;;;;;;;;;;;;;;;;;;;;;;;;;;;;;;;;;;;;;;;;;;;;;;;;;;;;;;;;;;;;;;;;;;;;;;;;;;;;;;;;;;;;;;;;;;;;;;;;;;;;;;;;;;;;;;;;;;;;;;;;;;;;;;;;;;;;;;;;;;;;;;;;;;;;;;;;;;;;;;;;;;;;;;;;;;;;;;;;;;;;;;;;;;;;;;;;;;;;;;;;;;;;;;;;;;;;;;;;;;;;;;;;;;;;;;;;;;;;;;;;;;;;;;;;;;;;;;;;;;;;;;;;;;;;;;;;;;;;;;;;;;;;;;;;;;;;;;;;;;;;;;;;;;;;;;;;;;;;;;;;;;;;;;;;;;;;;;;;;;;;;;;;;;;;;;;;;;;;;;;;;;;;;;;;;;;;;;;;;;;0;11.10;14.60;7.50;14.90;16.10;14.00;1918;2117;1038;213;215;1550.30;;;24851544;11.00;;;;;;25.00
1570781400000;2019-10-11T09:10:00.000+0100;;;;;;;;;1.00;199.40;381.30;382.00;381.20;1722.00;1710.00;1709.00;;;;;;;;;;;;;;;;1.0;;;;;;;;;;;;;;;;;;;;;;;;;;;;;;;;;;;;;;;;;;;;50.00;;;;;;;;;;;;;;;;;;;;;;;;;;;;;;;;;;;;;;38.00;54.00;37.00;12.00;;;;79.00;85.00;73.00;;;;;;;;;;;;;;;;;;;;;;;;;;;;;;;;;;;;93.00;91.00;96.00;;;;;;;;;;;;;;;;;;;;;;;1931.500;;;;;;;;;;;;;;;;;;;;;;;;;;;;;;;;;;;;;;;;;;;;;;;;;;;;;;;;;;;;;;;;;;;;;;;;;;;;;;;;;;;;;;;;;;;;;;;;;;;;;;;;;;;;;;;;;;;;;;;;;;;;;;;;;;;;;;;;;;;;;;;;;;;;;;;;;;;;;;;;;;;;;;;;;;;;;;;;;;;;;;;;;;;;;;;;;;;;;;;;;;;;;;;;;;;;;;;;;;;;;;;;;;;;;;;;;;;;;;;;;;;;;;;;;;;;;;;;;;;;;;;;;;;;;;;;;;;;;;;;;;;;;;;;;;;;;;;;;;;;;;;;;;;;;;;;;;;;;;;;;;;;;;;;;;;;;;;;;;;;;;;;;;;;;;;;;;;;;;;;;;;;;;;;;;;;;;;;;;;;;;;;;;;;;;;;;;;;;;;;;;;;;;;;;;;;;;;;;;;;;;;;;;;;;;;;;;;;;;;;;;;;;;;;;;;;;;;;;;0;11.40;14.90;8.60;14.90;15.80;14.00;1951;2113;1383;220;221;1551.50;;;24851872;11.00;;;;;;25.00
1570782000000;2019-10-11T09:20:00.000+0100;;;;;;;;;1.00;200.60;380.70;381.30;380.50;1736.00;1724.00;1723.00;;;;;;;;;;;;;;;;1.0;;;;;;;;;;;;;;;;;;;;;;;;;;;;;;;;;;;;;;;;;;;;50.00;;;;;;;;;;;;;;;;;;;;;;;;;;;;;;;;;;;;;;39.00;54.00;36.00;11.00;;;;83.00;88.00;77.00;;;;;;;;;;;;;;;;;;;;;;;;;;;;;;;;;;;;94.00;92.00;97.00;;;;;;;;;;;;;;;;;;;;;;;1950.900;;;;;;;;;;;;;;;;;;;;;;;;;;;;;;;;;;;;;;;;;;;;;;;;;;;;;;;;;;;;;;;;;;;;;;;;;;;;;;;;;;;;;;;;;;;;;;;;;;;;;;;;;;;;;;;;;;;;;;;;;;;;;;;;;;;;;;;;;;;;;;;;;;;;;;;;;;;;;;;;;;;;;;;;;;;;;;;;;;;;;;;;;;;;;;;;;;;;;;;;;;;;;;;;;;;;;;;;;;;;;;;;;;;;;;;;;;;;;;;;;;;;;;;;;;;;;;;;;;;;;;;;;;;;;;;;;;;;;;;;;;;;;;;;;;;;;;;;;;;;;;;;;;;;;;;;;;;;;;;;;;;;;;;;;;;;;;;;;;;;;;;;;;;;;;;;;;;;;;;;;;;;;;;;;;;;;;;;;;;;;;;;;;;;;;;;;;;;;;;;;;;;;;;;;;;;;;;;;;;;;;;;;;;;;;;;;;;;;;;;;;;;;;;;;;;;;;;;;;0;11.50;13.80;7.50;14.90;16.10;14.00;1964;2114;975;220;221;1550.30;;;24852198;11.00;;;;;;25.00
1570782600000;2019-10-11T09:30:00.000+0100;;;;;;;;;1.00;198.70;379.30;380.00;379.10;1725.00;1713.00;1712.00;;;;;;;;;;;;;;;;1.0;;;;;;;;;;;;;;;;;;;;;;;;;;;;;;;;;;;;;;;;;;;;50.00;;;;;;;;;;;;;;;;;;;;;;;;;;;;;;;;;;;;;;39.00;54.00;37.00;11.00;;;;79.00;86.00;74.00;;;;;;;;;;;;;;;;;;;;;;;;;;;;;;;;;;;;94.00;92.00;97.00;;;;;;;;;;;;;;;;;;;;;;;1926.300;;;;;;;;;;;;;;;;;;;;;;;;;;;;;;;;;;;;;;;;;;;;;;;;;;;;;;;;;;;;;;;;;;;;;;;;;;;;;;;;;;;;;;;;;;;;;;;;;;;;;;;;;;;;;;;;;;;;;;;;;;;;;;;;;;;;;;;;;;;;;;;;;;;;;;;;;;;;;;;;;;;;;;;;;;;;;;;;;;;;;;;;;;;;;;;;;;;;;;;;;;;;;;;;;;;;;;;;;;;;;;;;;;;;;;;;;;;;;;;;;;;;;;;;;;;;;;;;;;;;;;;;;;;;;;;;;;;;;;;;;;;;;;;;;;;;;;;;;;;;;;;;;;;;;;;;;;;;;;;;;;;;;;;;;;;;;;;;;;;;;;;;;;;;;;;;;;;;;;;;;;;;;;;;;;;;;;;;;;;;;;;;;;;;;;;;;;;;;;;;;;;;;;;;;;;;;;;;;;;;;;;;;;;;;;;;;;;;;;;;;;;;;;;;;;;;;;;;;;0;11.40;14.20;8.20;14.90;16.10;14.00;1945;2118;1317;220;222;1550.90;;;24852522;11.00;;;;;;25.00
1570783200000;2019-10-11T09:40:00.000+0100;;;;;;;;;1.00;197.00;378.80;379.40;378.70;1713.00;1701.00;1701.00;;;;;;;;;;;;;;;;1.0;;;;;;;;;;;;;;;;;;;;;;;;;;;;;;;;;;;;;;;;;;;;50.00;;;;;;;;;;;;;;;;;;;;;;;;;;;;;;;;;;;;;;39.00;54.00;37.00;11.00;;;;69.00;79.00;65.00;;;;;;;;;;;;;;;;;;;;;;;;;;;;;;;;;;;;95.00;92.00;97.00;;;;;;;;;;;;;;;;;;;;;;;1904.300;;;;;;;;;;;;;;;;;;;;;;;;;;;;;;;;;;;;;;;;;;;;;;;;;;;;;;;;;;;;;;;;;;;;;;;;;;;;;;;;;;;;;;;;;;;;;;;;;;;;;;;;;;;;;;;;;;;;;;;;;;;;;;;;;;;;;;;;;;;;;;;;;;;;;;;;;;;;;;;;;;;;;;;;;;;;;;;;;;;;;;;;;;;;;;;;;;;;;;;;;;;;;;;;;;;;;;;;;;;;;;;;;;;;;;;;;;;;;;;;;;;;;;;;;;;;;;;;;;;;;;;;;;;;;;;;;;;;;;;;;;;;;;;;;;;;;;;;;;;;;;;;;;;;;;;;;;;;;;;;;;;;;;;;;;;;;;;;;;;;;;;;;;;;;;;;;;;;;;;;;;;;;;;;;;;;;;;;;;;;;;;;;;;;;;;;;;;;;;;;;;;;;;;;;;;;;;;;;;;;;;;;;;;;;;;;;;;;;;;;;;;;;;;;;;;;;;;;;;0;11.50;14.90;8.10;14.90;16.10;13.70;1928;2123;1253;220;220;1551.50;;;24852842;11.00;;;;;;26.00
1570783800000;2019-10-11T09:50:00.000+0100;;;;;;;;;1.00;203.60;379.50;380.20;379.20;1769.00;1756.00;1755.00;;;;;;;;;;;;;;;;1.0;;;;;;;;;;;;;;;;;;;;;;;;;;;;;;;;;;;;;;;;;;;;50.00;;;;;;;;;;;;;;;;;;;;;;;;;;;;;;;;;;;;;;39.00;54.00;37.00;11.00;;;;64.00;75.00;60.00;;;;;;;;;;;;;;;;;;;;;;;;;;;;;;;;;;;;95.00;93.00;97.00;;;;;;;;;;;;;;;;;;;;;;;1984.500;;;;;;;;;;;;;;;;;;;;;;;;;;;;;;;;;;;;;;;;;;;;;;;;;;;;;;;;;;;;;;;;;;;;;;;;;;;;;;;;;;;;;;;;;;;;;;;;;;;;;;;;;;;;;;;;;;;;;;;;;;;;;;;;;;;;;;;;;;;;;;;;;;;;;;;;;;;;;;;;;;;;;;;;;;;;;;;;;;;;;;;;;;;;;;;;;;;;;;;;;;;;;;;;;;;;;;;;;;;;;;;;;;;;;;;;;;;;;;;;;;;;;;;;;;;;;;;;;;;;;;;;;;;;;;;;;;;;;;;;;;;;;;;;;;;;;;;;;;;;;;;;;;;;;;;;;;;;;;;;;;;;;;;;;;;;;;;;;;;;;;;;;;;;;;;;;;;;;;;;;;;;;;;;;;;;;;;;;;;;;;;;;;;;;;;;;;;;;;;;;;;;;;;;;;;;;;;;;;;;;;;;;;;;;;;;;;;;;;;;;;;;;;;;;;;;;;;;;;0;11.90;15.00;8.70;14.90;15.80;14.00;1993;2109;1569;221;222;1550.90;;;24853176;11.00;;;;;;27.00
1570784400000;2019-10-11T10:00:00.000+0100;;;;;;;;;1.00;195.60;379.70;380.50;379.30;1697.00;1685.00;1685.00;;;;;;;;;;;;;;;;1.0;;;;;;;;;;;;;;;;;;;;;;;;;;;;;;;;;;;;;;;;;;;;50.00;;;;;;;;;;;;;;;;;;;;;;;;;;;;;;;;;;;;;;39.00;54.00;37.00;11.00;;;;61.00;72.00;57.00;;;;;;;;;;;;;;;;;;;;;;;;;;;;;;;;;;;;95.00;93.00;97.00;;;;;;;;;;;;;;;;;;;;;;;1894.800;;;;;;;;;;;;;;;;;;;;;;;;;;;;;;;;;;;;;;;;;;;;;;;;;;;;;;;;;;;;;;;;;;;;;;;;;;;;;;;;;;;;;;;;;;;;;;;;;;;;;;;;;;;;;;;;;;;;;;;;;;;;;;;;;;;;;;;;;;;;;;;;;;;;;;;;;;;;;;;;;;;;;;;;;;;;;;;;;;;;;;;;;;;;;;;;;;;;;;;;;;;;;;;;;;;;;;;;;;;;;;;;;;;;;;;;;;;;;;;;;;;;;;;;;;;;;;;;;;;;;;;;;;;;;;;;;;;;;;;;;;;;;;;;;;;;;;;;;;;;;;;;;;;;;;;;;;;;;;;;;;;;;;;;;;;;;;;;;;;;;;;;;;;;;;;;;;;;;;;;;;;;;;;;;;;;;;;;;;;;;;;;;;;;;;;;;;;;;;;;;;;;;;;;;;;;;;;;;;;;;;;;;;;;;;;;;;;;;;;;;;;;;;;;;;;;;;;;;;0;11.10;14.10;7.50;14.90;15.80;14.00;1914;2119;1117;223;224;1551.80;;;24853492;11.00;;;;;;27.00
1570785000000;2019-10-11T10:10:00.000+0100;;;;;;;;;1.00;202.40;380.50;381.20;380.20;1753.00;1740.00;1741.00;;;;;;;;;;;;;;;;1.0;;;;;;;;;;;;;;;;;;;;;;;;;;;;;;;;;;;;;;;;;;;;50.00;;;;;;;;;;;;;;;;;;;;;;;;;;;;;;;;;;;;;;39.00;54.00;37.00;12.00;;;;59.00;69.00;54.00;;;;;;;;;;;;;;;;;;;;;;;;;;;;;;;;;;;;95.00;93.00;97.00;;;;;;;;;;;;;;;;;;;;;;;1967.000;;;;;;;;;;;;;;;;;;;;;;;;;;;;;;;;;;;;;;;;;;;;;;;;;;;;;;;;;;;;;;;;;;;;;;;;;;;;;;;;;;;;;;;;;;;;;;;;;;;;;;;;;;;;;;;;;;;;;;;;;;;;;;;;;;;;;;;;;;;;;;;;;;;;;;;;;;;;;;;;;;;;;;;;;;;;;;;;;;;;;;;;;;;;;;;;;;;;;;;;;;;;;;;;;;;;;;;;;;;;;;;;;;;;;;;;;;;;;;;;;;;;;;;;;;;;;;;;;;;;;;;;;;;;;;;;;;;;;;;;;;;;;;;;;;;;;;;;;;;;;;;;;;;;;;;;;;;;;;;;;;;;;;;;;;;;;;;;;;;;;;;;;;;;;;;;;;;;;;;;;;;;;;;;;;;;;;;;;;;;;;;;;;;;;;;;;;;;;;;;;;;;;;;;;;;;;;;;;;;;;;;;;;;;;;;;;;;;;;;;;;;;;;;;;;;;;;;;;;0;11.60;14.60;9.10;14.90;15.80;14.00;1981;2111;1515;225;224;1550.30;;;24853824;11.00;;;;;;27.00
1570785600000;2019-10-11T10:20:00.000+0100;;;;;;;;;1.00;194.40;380.40;381.10;380.20;1685.00;1670.00;1670.00;;;;;;;;;;;;;;;;1.0;;;;;;;;;;;;;;;;;;;;;;;;;;;;;;;;;;;;;;;;;;;;50.00;;;;;;;;;;;;;;;;;;;;;;;;;;;;;;;;;;;;;;39.00;54.00;37.00;12.00;;;;57.00;68.00;52.00;;;;;;;;;;;;;;;;;;;;;;;;;;;;;;;;;;;;95.00;93.00;97.00;;;;;;;;;;;;;;;;;;;;;;;1875.200;;;;;;;;;;;;;;;;;;;;;;;;;;;;;;;;;;;;;;;;;;;;;;;;;;;;;;;;;;;;;;;;;;;;;;;;;;;;;;;;;;;;;;;;;;;;;;;;;;;;;;;;;;;;;;;;;;;;;;;;;;;;;;;;;;;;;;;;;;;;;;;;;;;;;;;;;;;;;;;;;;;;;;;;;;;;;;;;;;;;;;;;;;;;;;;;;;;;;;;;;;;;;;;;;;;;;;;;;;;;;;;;;;;;;;;;;;;;;;;;;;;;;;;;;;;;;;;;;;;;;;;;;;;;;;;;;;;;;;;;;;;;;;;;;;;;;;;;;;;;;;;;;;;;;;;;;;;;;;;;;;;;;;;;;;;;;;;;;;;;;;;;;;;;;;;;;;;;;;;;;;;;;;;;;;;;;;;;;;;;;;;;;;;;;;;;;;;;;;;;;;;;;;;;;;;;;;;;;;;;;;;;;;;;;;;;;;;;;;;;;;;;;;;;;;;;;;;;;;0;11.00;13.40;8.40;14.90;15.80;14.00;1902;2116;1180;224;223;1550.30;;;24854140;11.00;;;;;;27.00
1570786200000;2019-10-11T10:30:00.000+0100;;;;;;;;;1.00;200.80;381.10;381.70;380.80;1737.00;1724.00;1723.00;;;;;;;;;;;;;;;;1.0;;;;;;;;;;;;;;;;;;;;;;;;;;;;;;;;;;;;;;;;;;;;50.00;;;;;;;;;;;;;;;;;;;;;;;;;;;;;;;;;;;;;;39.00;54.00;37.00;12.00;;;;56.00;67.00;51.00;;;;;;;;;;;;;;;;;;;;;;;;;;;;;;;;;;;;96.00;93.00;98.00;;;;;;;;;;;;;;;;;;;;;;;1949.200;;;;;;;;;;;;;;;;;;;;;;;;;;;;;;;;;;;;;;;;;;;;;;;;;;;;;;;;;;;;;;;;;;;;;;;;;;;;;;;;;;;;;;;;;;;;;;;;;;;;;;;;;;;;;;;;;;;;;;;;;;;;;;;;;;;;;;;;;;;;;;;;;;;;;;;;;;;;;;;;;;;;;;;;;;;;;;;;;;;;;;;;;;;;;;;;;;;;;;;;;;;;;;;;;;;;;;;;;;;;;;;;;;;;;;;;;;;;;;;;;;;;;;;;;;;;;;;;;;;;;;;;;;;;;;;;;;;;;;;;;;;;;;;;;;;;;;;;;;;;;;;;;;;;;;;;;;;;;;;;;;;;;;;;;;;;;;;;;;;;;;;;;;;;;;;;;;;;;;;;;;;;;;;;;;;;;;;;;;;;;;;;;;;;;;;;;;;;;;;;;;;;;;;;;;;;;;;;;;;;;;;;;;;;;;;;;;;;;;;;;;;;;;;;;;;;;;;;;;0;11.50;14.70;8.50;14.90;15.80;14.00;1966;2113;1441;224;225;1551.80;;;24854470;11.00;;;;;;27.00
1570786800000;2019-10-11T10:40:00.000+0100;;;;;;;;;1.00;204.00;380.90;381.50;380.70;1765.00;1751.00;1754.00;;;;;;;;;;;;;;;;1.0;;;;;;;;;;;;;;;;;;;;;;;;;;;;;;;;;;;;;;;;;;;;50.00;;;;;;;;;;;;;;;;;;;;;;;;;;;;;;;;;;;;;;39.00;54.00;37.00;12.00;;;;56.00;66.00;51.00;;;;;;;;;;;;;;;;;;;;;;;;;;;;;;;;;;;;95.00;93.00;98.00;;;;;;;;;;;;;;;;;;;;;;;1985.000;;;;;;;;;;;;;;;;;;;;;;;;;;;;;;;;;;;;;;;;;;;;;;;;;;;;;;;;;;;;;;;;;;;;;;;;;;;;;;;;;;;;;;;;;;;;;;;;;;;;;;;;;;;;;;;;;;;;;;;;;;;;;;;;;;;;;;;;;;;;;;;;;;;;;;;;;;;;;;;;;;;;;;;;;;;;;;;;;;;;;;;;;;;;;;;;;;;;;;;;;;;;;;;;;;;;;;;;;;;;;;;;;;;;;;;;;;;;;;;;;;;;;;;;;;;;;;;;;;;;;;;;;;;;;;;;;;;;;;;;;;;;;;;;;;;;;;;;;;;;;;;;;;;;;;;;;;;;;;;;;;;;;;;;;;;;;;;;;;;;;;;;;;;;;;;;;;;;;;;;;;;;;;;;;;;;;;;;;;;;;;;;;;;;;;;;;;;;;;;;;;;;;;;;;;;;;;;;;;;;;;;;;;;;;;;;;;;;;;;;;;;;;;;;;;;;;;;;;;0;12.60;17.40;8.70;14.90;16.10;14.00;1996;2118;1557;229;227;1552.10;;;24854800;11.00;;;;;;28.00
1570787400000;2019-10-11T10:50:00.000+0100;;;;;;;;;1.00;199.40;381.30;382.00;381.00;1722.00;1710.00;1707.00;;;;;;;;;;;;;;;;1.0;;;;;;;;;;;;;;;;;;;;;;;;;;;;;;;;;;;;;;;;;;;;50.00;;;;;;;;;;;;;;;;;;;;;;;;;;;;;;;;;;;;;;39.00;54.00;37.00;12.00;;;;56.00;66.00;51.00;;;;;;;;;;;;;;;;;;;;;;;;;;;;;;;;;;;;96.00;94.00;98.00;;;;;;;;;;;;;;;;;;;;;;;1930.200;;;;;;;;;;;;;;;;;;;;;;;;;;;;;;;;;;;;;;;;;;;;;;;;;;;;;;;;;;;;;;;;;;;;;;;;;;;;;;;;;;;;;;;;;;;;;;;;;;;;;;;;;;;;;;;;;;;;;;;;;;;;;;;;;;;;;;;;;;;;;;;;;;;;;;;;;;;;;;;;;;;;;;;;;;;;;;;;;;;;;;;;;;;;;;;;;;;;;;;;;;;;;;;;;;;;;;;;;;;;;;;;;;;;;;;;;;;;;;;;;;;;;;;;;;;;;;;;;;;;;;;;;;;;;;;;;;;;;;;;;;;;;;;;;;;;;;;;;;;;;;;;;;;;;;;;;;;;;;;;;;;;;;;;;;;;;;;;;;;;;;;;;;;;;;;;;;;;;;;;;;;;;;;;;;;;;;;;;;;;;;;;;;;;;;;;;;;;;;;;;;;;;;;;;;;;;;;;;;;;;;;;;;;;;;;;;;;;;;;;;;;;;;;;;;;;;;;;;;0;11.40;14.90;7.90;14.90;16.40;14.00;1950;2115;1324;228;230;1550.30;;;24855126;11.00;;;;;;28.00
1570788000000;2019-10-11T11:00:00.000+0100;;;;;;;;;1.00;195.50;382.10;382.80;381.90;1686.00;1673.00;1673.00;;;;;;;;;;;;;;;;1.0;;;;;;;;;;;;;;;;;;;;;;;;;;;;;;;;;;;;;;;;;;;;50.00;;;;;;;;;;;;;;;;;;;;;;;;;;;;;;;;;;;;;;39.00;54.00;37.00;12.00;;;;55.00;65.00;50.00;;;;;;;;;;;;;;;;;;;;;;;;;;;;;;;;;;;;95.00;93.00;98.00;;;;;;;;;;;;;;;;;;;;;;;1895.200;;;;;;;;;;;;;;;;;;;;;;;;;;;;;;;;;;;;;;;;;;;;;;;;;;;;;;;;;;;;;;;;;;;;;;;;;;;;;;;;;;;;;;;;;;;;;;;;;;;;;;;;;;;;;;;;;;;;;;;;;;;;;;;;;;;;;;;;;;;;;;;;;;;;;;;;;;;;;;;;;;;;;;;;;;;;;;;;;;;;;;;;;;;;;;;;;;;;;;;;;;;;;;;;;;;;;;;;;;;;;;;;;;;;;;;;;;;;;;;;;;;;;;;;;;;;;;;;;;;;;;;;;;;;;;;;;;;;;;;;;;;;;;;;;;;;;;;;;;;;;;;;;;;;;;;;;;;;;;;;;;;;;;;;;;;;;;;;;;;;;;;;;;;;;;;;;;;;;;;;;;;;;;;;;;;;;;;;;;;;;;;;;;;;;;;;;;;;;;;;;;;;;;;;;;;;;;;;;;;;;;;;;;;;;;;;;;;;;;;;;;;;;;;;;;;;;;;;;;0;11.40;16.30;8.20;14.90;15.80;14.00;1913;2113;1299;229;230;1551.20;;;24855446;11.00;;;;;;28.00
1570788600000;2019-10-11T11:10:00.000+0100;;;;;;;;;1.00;201.00;383.70;384.20;383.40;1727.00;1714.00;1713.00;;;;;;;;;;;;;;;;1.0;;;;;;;;;;;;;;;;;;;;;;;;;;;;;;;;;;;;;;;;;;;;50.00;;;;;;;;;;;;;;;;;;;;;;;;;;;;;;;;;;;;;;39.00;54.00;37.00;12.00;;;;58.00;68.00;53.00;;;;;;;;;;;;;;;;;;;;;;;;;;;;;;;;;;;;96.00;93.00;98.00;;;;;;;;;;;;;;;;;;;;;;;1949.100;;;;;;;;;;;;;;;;;;;;;;;;;;;;;;;;;;;;;;;;;;;;;;;;;;;;;;;;;;;;;;;;;;;;;;;;;;;;;;;;;;;;;;;;;;;;;;;;;;;;;;;;;;;;;;;;;;;;;;;;;;;;;;;;;;;;;;;;;;;;;;;;;;;;;;;;;;;;;;;;;;;;;;;;;;;;;;;;;;;;;;;;;;;;;;;;;;;;;;;;;;;;;;;;;;;;;;;;;;;;;;;;;;;;;;;;;;;;;;;;;;;;;;;;;;;;;;;;;;;;;;;;;;;;;;;;;;;;;;;;;;;;;;;;;;;;;;;;;;;;;;;;;;;;;;;;;;;;;;;;;;;;;;;;;;;;;;;;;;;;;;;;;;;;;;;;;;;;;;;;;;;;;;;;;;;;;;;;;;;;;;;;;;;;;;;;;;;;;;;;;;;;;;;;;;;;;;;;;;;;;;;;;;;;;;;;;;;;;;;;;;;;;;;;;;;;;;;;;;0;11.80;15.70;8.80;14.90;16.10;14.00;1967;2115;1150;229;230;1550.60;;;24855772;12.00;;;;;;27.00
1570789200000;2019-10-11T11:20:00.000+0100;;;;;;;;;1.00;200.70;383.80;384.40;383.60;1724.00;1710.00;1711.00;;;;;;;;;;;;;;;;1.0;;;;;;;;;;;;;;;;;;;;;;;;;;;;;;;;;;;;;;;;;;;;50.00;;;;;;;;;;;;;;;;;;;;;;;;;;;;;;;;;;;;;;39.00;54.00;37.00;12.00;;;;68.00;76.00;62.00;;;;;;;;;;;;;;;;;;;;;;;;;;;;;;;;;;;;96.00;93.00;98.00;;;;;;;;;;;;;;;;;;;;;;;1947.800;;;;;;;;;;;;;;;;;;;;;;;;;;;;;;;;;;;;;;;;;;;;;;;;;;;;;;;;;;;;;;;;;;;;;;;;;;;;;;;;;;;;;;;;;;;;;;;;;;;;;;;;;;;;;;;;;;;;;;;;;;;;;;;;;;;;;;;;;;;;;;;;;;;;;;;;;;;;;;;;;;;;;;;;;;;;;;;;;;;;;;;;;;;;;;;;;;;;;;;;;;;;;;;;;;;;;;;;;;;;;;;;;;;;;;;;;;;;;;;;;;;;;;;;;;;;;;;;;;;;;;;;;;;;;;;;;;;;;;;;;;;;;;;;;;;;;;;;;;;;;;;;;;;;;;;;;;;;;;;;;;;;;;;;;;;;;;;;;;;;;;;;;;;;;;;;;;;;;;;;;;;;;;;;;;;;;;;;;;;;;;;;;;;;;;;;;;;;;;;;;;;;;;;;;;;;;;;;;;;;;;;;;;;;;;;;;;;;;;;;;;;;;;;;;;;;;;;;;;0;11.70;14.70;8.90;14.90;15.80;14.00;1964;2109;1353;232;230;1550.90;;;24856100;12.00;;;;;;27.00
1570789800000;2019-10-11T11:30:00.000+0100;;;;;;;;;1.00;195.90;382.90;383.50;382.70;1685.00;1673.00;1673.00;;;;;;;;;;;;;;;;1.0;;;;;;;;;;;;;;;;;;;;;;;;;;;;;;;;;;;;;;;;;;;;50.00;;;;;;;;;;;;;;;;;;;;;;;;;;;;;;;;;;;;;;40.00;54.00;37.00;12.00;;;;74.00;82.00;68.00;;;;;;;;;;;;;;;;;;;;;;;;;;;;;;;;;;;;96.00;93.00;98.00;;;;;;;;;;;;;;;;;;;;;;;1894.800;;;;;;;;;;;;;;;;;;;;;;;;;;;;;;;;;;;;;;;;;;;;;;;;;;;;;;;;;;;;;;;;;;;;;;;;;;;;;;;;;;;;;;;;;;;;;;;;;;;;;;;;;;;;;;;;;;;;;;;;;;;;;;;;;;;;;;;;;;;;;;;;;;;;;;;;;;;;;;;;;;;;;;;;;;;;;;;;;;;;;;;;;;;;;;;;;;;;;;;;;;;;;;;;;;;;;;;;;;;;;;;;;;;;;;;;;;;;;;;;;;;;;;;;;;;;;;;;;;;;;;;;;;;;;;;;;;;;;;;;;;;;;;;;;;;;;;;;;;;;;;;;;;;;;;;;;;;;;;;;;;;;;;;;;;;;;;;;;;;;;;;;;;;;;;;;;;;;;;;;;;;;;;;;;;;;;;;;;;;;;;;;;;;;;;;;;;;;;;;;;;;;;;;;;;;;;;;;;;;;;;;;;;;;;;;;;;;;;;;;;;;;;;;;;;;;;;;;;;0;11.10;15.10;6.80;14.90;15.80;14.00;1917;2115;1178;229;229;1551.20;;;24856420;12.00;;;;;;27.00
1570790400000;2019-10-11T11:40:00.000+0100;;;;;;;;;1.00;192.10;382.80;383.40;382.70;1652.00;1639.00;1640.00;;;;;;;;;;;;;;;;1.0;;;;;;;;;;;;;;;;;;;;;;;;;;;;;;;;;;;;;;;;;;;;50.00;;;;;;;;;;;;;;;;;;;;;;;;;;;;;;;;;;;;;;40.00;54.00;37.00;12.00;;;;79.00;86.00;73.00;;;;;;;;;;;;;;;;;;;;;;;;;;;;;;;;;;;;95.00;93.00;97.00;;;;;;;;;;;;;;;;;;;;;;;1858.200;;;;;;;;;;;;;;;;;;;;;;;;;;;;;;;;;;;;;;;;;;;;;;;;;;;;;;;;;;;;;;;;;;;;;;;;;;;;;;;;;;;;;;;;;;;;;;;;;;;;;;;;;;;;;;;;;;;;;;;;;;;;;;;;;;;;;;;;;;;;;;;;;;;;;;;;;;;;;;;;;;;;;;;;;;;;;;;;;;;;;;;;;;;;;;;;;;;;;;;;;;;;;;;;;;;;;;;;;;;;;;;;;;;;;;;;;;;;;;;;;;;;;;;;;;;;;;;;;;;;;;;;;;;;;;;;;;;;;;;;;;;;;;;;;;;;;;;;;;;;;;;;;;;;;;;;;;;;;;;;;;;;;;;;;;;;;;;;;;;;;;;;;;;;;;;;;;;;;;;;;;;;;;;;;;;;;;;;;;;;;;;;;;;;;;;;;;;;;;;;;;;;;;;;;;;;;;;;;;;;;;;;;;;;;;;;;;;;;;;;;;;;;;;;;;;;;;;;;;0;10.80;14.20;8.60;14.90;16.10;14.00;1880;2115;1229;230;230;1550.60;;;24856734;12.00;;;;;;26.00
1570791000000;2019-10-11T11:50:00.000+0100;;;;;;;;;1.00;157.50;383.10;383.70;383.10;1354.00;1345.00;1343.00;;;;;;;;;;;;;;;;1.0;;;;;;;;;;;;;;;;;;;;;;;;;;;;;;;;;;;;;;;;;;;;50.00;;;;;;;;;;;;;;;;;;;;;;;;;;;;;;;;;;;;;;39.00;54.00;36.00;13.00;;;;82.00;88.00;76.00;;;;;;;;;;;;;;;;;;;;;;;;;;;;;;;;;;;;94.00;91.00;96.00;;;;;;;;;;;;;;;;;;;;;;;1532.600;;;;;;;;;;;;;;;;;;;;;;;;;;;;;;;;;;;;;;;;;;;;;;;;;;;;;;;;;;;;;;;;;;;;;;;;;;;;;;;;;;;;;;;;;;;;;;;;;;;;;;;;;;;;;;;;;;;;;;;;;;;;;;;;;;;;;;;;;;;;;;;;;;;;;;;;;;;;;;;;;;;;;;;;;;;;;;;;;;;;;;;;;;;;;;;;;;;;;;;;;;;;;;;;;;;;;;;;;;;;;;;;;;;;;;;;;;;;;;;;;;;;;;;;;;;;;;;;;;;;;;;;;;;;;;;;;;;;;;;;;;;;;;;;;;;;;;;;;;;;;;;;;;;;;;;;;;;;;;;;;;;;;;;;;;;;;;;;;;;;;;;;;;;;;;;;;;;;;;;;;;;;;;;;;;;;;;;;;;;;;;;;;;;;;;;;;;;;;;;;;;;;;;;;;;;;;;;;;;;;;;;;;;;;;;;;;;;;;;;;;;;;;;;;;;;;;;;;;;0;9.60;13.00;6.50;14.90;16.10;14.30;1541;2113;788;231;230;1547.60;;;24856990;12.00;;;;;;26.00
1570791600000;2019-10-11T12:00:00.000+0100;;;;;;;;;1.00;172.90;383.70;384.30;383.70;1485.00;1474.00;1474.00;;;;;;;;;;;;;;;;1.0;;;;;;;;;;;;;;;;;;;;;;;;;;;;;;;;;;;;;;;;;;;;50.00;;;;;;;;;;;;;;;;;;;;;;;;;;;;;;;;;;;;;;39.00;54.00;37.00;13.00;;;;82.00;88.00;76.00;;;;;;;;;;;;;;;;;;;;;;;;;;;;;;;;;;;;92.00;90.00;94.00;;;;;;;;;;;;;;;;;;;;;;;1668.700;;;;;;;;;;;;;;;;;;;;;;;;;;;;;;;;;;;;;;;;;;;;;;;;;;;;;;;;;;;;;;;;;;;;;;;;;;;;;;;;;;;;;;;;;;;;;;;;;;;;;;;;;;;;;;;;;;;;;;;;;;;;;;;;;;;;;;;;;;;;;;;;;;;;;;;;;;;;;;;;;;;;;;;;;;;;;;;;;;;;;;;;;;;;;;;;;;;;;;;;;;;;;;;;;;;;;;;;;;;;;;;;;;;;;;;;;;;;;;;;;;;;;;;;;;;;;;;;;;;;;;;;;;;;;;;;;;;;;;;;;;;;;;;;;;;;;;;;;;;;;;;;;;;;;;;;;;;;;;;;;;;;;;;;;;;;;;;;;;;;;;;;;;;;;;;;;;;;;;;;;;;;;;;;;;;;;;;;;;;;;;;;;;;;;;;;;;;;;;;;;;;;;;;;;;;;;;;;;;;;;;;;;;;;;;;;;;;;;;;;;;;;;;;;;;;;;;;;;;0;9.90;12.70;8.10;14.90;16.10;14.30;1692;2112;1142;233;232;1550.30;;;24857272;12.00;;;;;;26.00
1570792200000;2019-10-11T12:10:00.000+0100;;;;;;;;;1.00;196.90;384.60;385.10;384.40;1687.00;1675.00;1674.00;;;;;;;;;;;;;;;;1.0;;;;;;;;;;;;;;;;;;;;;;;;;;;;;;;;;;;;;;;;;;;;50.00;;;;;;;;;;;;;;;;;;;;;;;;;;;;;;;;;;;;;;39.00;54.00;37.00;13.00;;;;83.00;89.00;78.00;;;;;;;;;;;;;;;;;;;;;;;;;;;;;;;;;;;;92.00;91.00;95.00;;;;;;;;;;;;;;;;;;;;;;;1910.800;;;;;;;;;;;;;;;;;;;;;;;;;;;;;;;;;;;;;;;;;;;;;;;;;;;;;;;;;;;;;;;;;;;;;;;;;;;;;;;;;;;;;;;;;;;;;;;;;;;;;;;;;;;;;;;;;;;;;;;;;;;;;;;;;;;;;;;;;;;;;;;;;;;;;;;;;;;;;;;;;;;;;;;;;;;;;;;;;;;;;;;;;;;;;;;;;;;;;;;;;;;;;;;;;;;;;;;;;;;;;;;;;;;;;;;;;;;;;;;;;;;;;;;;;;;;;;;;;;;;;;;;;;;;;;;;;;;;;;;;;;;;;;;;;;;;;;;;;;;;;;;;;;;;;;;;;;;;;;;;;;;;;;;;;;;;;;;;;;;;;;;;;;;;;;;;;;;;;;;;;;;;;;;;;;;;;;;;;;;;;;;;;;;;;;;;;;;;;;;;;;;;;;;;;;;;;;;;;;;;;;;;;;;;;;;;;;;;;;;;;;;;;;;;;;;;;;;;;;0;11.20;13.20;7.80;14.90;15.80;14.00;1927;2117;1105;229;231;1551.20;;;24857594;12.00;;;;;;26.00
1570792800000;2019-10-11T12:20:00.000+0100;;;;;;;;;1.00;194.90;384.50;385.00;384.30;1670.00;1658.00;1658.00;;;;;;;;;;;;;;;;1.0;;;;;;;;;;;;;;;;;;;;;;;;;;;;;;;;;;;;;;;;;;;;50.00;;;;;;;;;;;;;;;;;;;;;;;;;;;;;;;;;;;;;;39.00;54.00;37.00;13.00;;;;76.00;84.00;72.00;;;;;;;;;;;;;;;;;;;;;;;;;;;;;;;;;;;;94.00;91.00;96.00;;;;;;;;;;;;;;;;;;;;;;;1883.800;;;;;;;;;;;;;;;;;;;;;;;;;;;;;;;;;;;;;;;;;;;;;;;;;;;;;;;;;;;;;;;;;;;;;;;;;;;;;;;;;;;;;;;;;;;;;;;;;;;;;;;;;;;;;;;;;;;;;;;;;;;;;;;;;;;;;;;;;;;;;;;;;;;;;;;;;;;;;;;;;;;;;;;;;;;;;;;;;;;;;;;;;;;;;;;;;;;;;;;;;;;;;;;;;;;;;;;;;;;;;;;;;;;;;;;;;;;;;;;;;;;;;;;;;;;;;;;;;;;;;;;;;;;;;;;;;;;;;;;;;;;;;;;;;;;;;;;;;;;;;;;;;;;;;;;;;;;;;;;;;;;;;;;;;;;;;;;;;;;;;;;;;;;;;;;;;;;;;;;;;;;;;;;;;;;;;;;;;;;;;;;;;;;;;;;;;;;;;;;;;;;;;;;;;;;;;;;;;;;;;;;;;;;;;;;;;;;;;;;;;;;;;;;;;;;;;;;;;;0;11.00;13.90;7.20;14.90;16.10;14.00;1908;2115;1330;234;234;1550.60;;;24857910;13.00;;;;;;27.00
1570793400000;2019-10-11T12:30:00.000+0100;;;;;;;;;1.00;181.70;379.70;380.10;379.50;1578.00;1565.00;1565.00;;;;;;;;;;;;;;;;1.0;;;;;;;;;;;;;;;;;;;;;;;;;;;;;;;;;;;;;;;;;;;;50.00;;;;;;;;;;;;;;;;;;;;;;;;;;;;;;;;;;;;;;39.00;54.00;37.00;13.00;;;;67.00;78.00;63.00;;;;;;;;;;;;;;;;;;;;;;;;;;;;;;;;;;;;93.00;91.00;95.00;;;;;;;;;;;;;;;;;;;;;;;1752.300;;;;;;;;;;;;;;;;;;;;;;;;;;;;;;;;;;;;;;;;;;;;;;;;;;;;;;;;;;;;;;;;;;;;;;;;;;;;;;;;;;;;;;;;;;;;;;;;;;;;;;;;;;;;;;;;;;;;;;;;;;;;;;;;;;;;;;;;;;;;;;;;;;;;;;;;;;;;;;;;;;;;;;;;;;;;;;;;;;;;;;;;;;;;;;;;;;;;;;;;;;;;;;;;;;;;;;;;;;;;;;;;;;;;;;;;;;;;;;;;;;;;;;;;;;;;;;;;;;;;;;;;;;;;;;;;;;;;;;;;;;;;;;;;;;;;;;;;;;;;;;;;;;;;;;;;;;;;;;;;;;;;;;;;;;;;;;;;;;;;;;;;;;;;;;;;;;;;;;;;;;;;;;;;;;;;;;;;;;;;;;;;;;;;;;;;;;;;;;;;;;;;;;;;;;;;;;;;;;;;;;;;;;;;;;;;;;;;;;;;;;;;;;;;;;;;;;;;;;0;10.50;13.60;7.80;14.90;15.80;14.30;1778;2117;986;231;230;1550.90;;;24858206;13.00;;;;;;27.00
1570794000000;2019-10-11T12:40:00.000+0100;;;;;;;;;1.00;174.00;378.40;378.80;378.20;1515.00;1504.00;1504.00;;;;;;;;;;;;;;;;1.0;;;;;;;;;;;;;;;;;;;;;;;;;;;;;;;;;;;;;;;;;;;;50.00;;;;;;;;;;;;;;;;;;;;;;;;;;;;;;;;;;;;;;39.00;54.00;37.00;13.00;;;;62.00;72.00;58.00;;;;;;;;;;;;;;;;;;;;;;;;;;;;;;;;;;;;92.00;91.00;95.00;;;;;;;;;;;;;;;;;;;;;;;1679.900;;;;;;;;;;;;;;;;;;;;;;;;;;;;;;;;;;;;;;;;;;;;;;;;;;;;;;;;;;;;;;;;;;;;;;;;;;;;;;;;;;;;;;;;;;;;;;;;;;;;;;;;;;;;;;;;;;;;;;;;;;;;;;;;;;;;;;;;;;;;;;;;;;;;;;;;;;;;;;;;;;;;;;;;;;;;;;;;;;;;;;;;;;;;;;;;;;;;;;;;;;;;;;;;;;;;;;;;;;;;;;;;;;;;;;;;;;;;;;;;;;;;;;;;;;;;;;;;;;;;;;;;;;;;;;;;;;;;;;;;;;;;;;;;;;;;;;;;;;;;;;;;;;;;;;;;;;;;;;;;;;;;;;;;;;;;;;;;;;;;;;;;;;;;;;;;;;;;;;;;;;;;;;;;;;;;;;;;;;;;;;;;;;;;;;;;;;;;;;;;;;;;;;;;;;;;;;;;;;;;;;;;;;;;;;;;;;;;;;;;;;;;;;;;;;;;;;;;;;0;10.00;11.90;7.10;14.90;15.80;14.30;1703;2113;1029;227;227;1549.70;;;24858492;13.00;;;;;;28.00
1570794600000;2019-10-11T12:50:00.000+0100;;;;;;;;;1.00;125.50;376.70;377.30;376.70;1097.00;1088.00;1088.00;;;;;;;;;;;;;;;;1.0;;;;;;;;;;;;;;;;;;;;;;;;;;;;;;;;;;;;;;;;;;;;50.00;;;;;;;;;;;;;;;;;;;;;;;;;;;;;;;;;;;;;;39.00;53.00;36.00;14.00;;;;57.00;67.00;53.00;;;;;;;;;;;;;;;;;;;;;;;;;;;;;;;;;;;;90.00;88.00;92.00;;;;;;;;;;;;;;;;;;;;;;;1223.400;;;;;;;;;;;;;;;;;;;;;;;;;;;;;;;;;;;;;;;;;;;;;;;;;;;;;;;;;;;;;;;;;;;;;;;;;;;;;;;;;;;;;;;;;;;;;;;;;;;;;;;;;;;;;;;;;;;;;;;;;;;;;;;;;;;;;;;;;;;;;;;;;;;;;;;;;;;;;;;;;;;;;;;;;;;;;;;;;;;;;;;;;;;;;;;;;;;;;;;;;;;;;;;;;;;;;;;;;;;;;;;;;;;;;;;;;;;;;;;;;;;;;;;;;;;;;;;;;;;;;;;;;;;;;;;;;;;;;;;;;;;;;;;;;;;;;;;;;;;;;;;;;;;;;;;;;;;;;;;;;;;;;;;;;;;;;;;;;;;;;;;;;;;;;;;;;;;;;;;;;;;;;;;;;;;;;;;;;;;;;;;;;;;;;;;;;;;;;;;;;;;;;;;;;;;;;;;;;;;;;;;;;;;;;;;;;;;;;;;;;;;;;;;;;;;;;;;;;;0;8.60;12.10;5.50;14.60;15.50;12.50;1228;2107;570;227;226;1521.30;;;24858696;13.00;;;;;;28.00
1570795200000;2019-10-11T13:00:00.000+0100;;;;;;;;;1.00;139.50;377.00;377.60;376.90;1220.00;1208.00;1210.00;;;;;;;;;;;;;;;;1.0;;;;;;;;;;;;;;;;;;;;;;;;;;;;;;;;;;;;;;;;;;;;50.00;;;;;;;;;;;;;;;;;;;;;;;;;;;;;;;;;;;;;;39.00;53.00;36.00;14.00;;;;57.00;66.00;53.00;;;;;;;;;;;;;;;;;;;;;;;;;;;;;;;;;;;;88.00;86.00;90.00;;;;;;;;;;;;;;;;;;;;;;;1357.200;;;;;;;;;;;;;;;;;;;;;;;;;;;;;;;;;;;;;;;;;;;;;;;;;;;;;;;;;;;;;;;;;;;;;;;;;;;;;;;;;;;;;;;;;;;;;;;;;;;;;;;;;;;;;;;;;;;;;;;;;;;;;;;;;;;;;;;;;;;;;;;;;;;;;;;;;;;;;;;;;;;;;;;;;;;;;;;;;;;;;;;;;;;;;;;;;;;;;;;;;;;;;;;;;;;;;;;;;;;;;;;;;;;;;;;;;;;;;;;;;;;;;;;;;;;;;;;;;;;;;;;;;;;;;;;;;;;;;;;;;;;;;;;;;;;;;;;;;;;;;;;;;;;;;;;;;;;;;;;;;;;;;;;;;;;;;;;;;;;;;;;;;;;;;;;;;;;;;;;;;;;;;;;;;;;;;;;;;;;;;;;;;;;;;;;;;;;;;;;;;;;;;;;;;;;;;;;;;;;;;;;;;;;;;;;;;;;;;;;;;;;;;;;;;;;;;;;;;;0;8.90;12.20;6.10;14.60;15.50;13.40;1365;2104;725;225;225;1537.10;;;24858922;13.00;;;;;;27.00
1570795800000;2019-10-11T13:10:00.000+0100;;;;;;;;;1.00;160.80;378.70;379.30;378.50;1400.00;1389.00;1387.00;;;;;;;;;;;;;;;;1.0;;;;;;;;;;;;;;;;;;;;;;;;;;;;;;;;;;;;;;;;;;;;50.00;;;;;;;;;;;;;;;;;;;;;;;;;;;;;;;;;;;;;;39.00;53.00;36.00;14.00;;;;62.00;70.00;57.00;;;;;;;;;;;;;;;;;;;;;;;;;;;;;;;;;;;;88.00;86.00;90.00;;;;;;;;;;;;;;;;;;;;;;;1559.400;;;;;;;;;;;;;;;;;;;;;;;;;;;;;;;;;;;;;;;;;;;;;;;;;;;;;;;;;;;;;;;;;;;;;;;;;;;;;;;;;;;;;;;;;;;;;;;;;;;;;;;;;;;;;;;;;;;;;;;;;;;;;;;;;;;;;;;;;;;;;;;;;;;;;;;;;;;;;;;;;;;;;;;;;;;;;;;;;;;;;;;;;;;;;;;;;;;;;;;;;;;;;;;;;;;;;;;;;;;;;;;;;;;;;;;;;;;;;;;;;;;;;;;;;;;;;;;;;;;;;;;;;;;;;;;;;;;;;;;;;;;;;;;;;;;;;;;;;;;;;;;;;;;;;;;;;;;;;;;;;;;;;;;;;;;;;;;;;;;;;;;;;;;;;;;;;;;;;;;;;;;;;;;;;;;;;;;;;;;;;;;;;;;;;;;;;;;;;;;;;;;;;;;;;;;;;;;;;;;;;;;;;;;;;;;;;;;;;;;;;;;;;;;;;;;;;;;;;;0;9.60;12.20;6.60;14.90;15.50;14.30;1574;2107;881;224;224;1549.40;;;24859186;13.00;;;;;;27.00
1570796400000;2019-10-11T13:20:00.000+0100;;;;;;;;;1.00;147.80;381.40;382.10;381.30;1277.00;1268.00;1268.00;;;;;;;;;;;;;;;;1.0;;;;;;;;;;;;;;;;;;;;;;;;;;;;;;;;;;;;;;;;;;;;50.00;;;;;;;;;;;;;;;;;;;;;;;;;;;;;;;;;;;;;;39.00;53.00;36.00;14.00;;;;66.00;73.00;61.00;;;;;;;;;;;;;;;;;;;;;;;;;;;;;;;;;;;;87.00;86.00;89.00;;;;;;;;;;;;;;;;;;;;;;;1440.400;;;;;;;;;;;;;;;;;;;;;;;;;;;;;;;;;;;;;;;;;;;;;;;;;;;;;;;;;;;;;;;;;;;;;;;;;;;;;;;;;;;;;;;;;;;;;;;;;;;;;;;;;;;;;;;;;;;;;;;;;;;;;;;;;;;;;;;;;;;;;;;;;;;;;;;;;;;;;;;;;;;;;;;;;;;;;;;;;;;;;;;;;;;;;;;;;;;;;;;;;;;;;;;;;;;;;;;;;;;;;;;;;;;;;;;;;;;;;;;;;;;;;;;;;;;;;;;;;;;;;;;;;;;;;;;;;;;;;;;;;;;;;;;;;;;;;;;;;;;;;;;;;;;;;;;;;;;;;;;;;;;;;;;;;;;;;;;;;;;;;;;;;;;;;;;;;;;;;;;;;;;;;;;;;;;;;;;;;;;;;;;;;;;;;;;;;;;;;;;;;;;;;;;;;;;;;;;;;;;;;;;;;;;;;;;;;;;;;;;;;;;;;;;;;;;;;;;;;;0;9.30;11.40;7.20;14.90;15.50;14.60;1446;2106;841;224;225;1550.60;;;24859426;13.00;;;;;;27.00
1570797000000;2019-10-11T13:30:00.000+0100;;;;;;;;;1.00;163.10;383.40;384.10;383.20;1400.00;1390.00;1390.00;;;;;;;;;;;;;;;;1.0;;;;;;;;;;;;;;;;;;;;;;;;;;;;;;;;;;;;;;;;;;;;50.00;;;;;;;;;;;;;;;;;;;;;;;;;;;;;;;;;;;;;;39.00;53.00;37.00;14.00;;;;68.00;75.00;64.00;;;;;;;;;;;;;;;;;;;;;;;;;;;;;;;;;;;;88.00;86.00;90.00;;;;;;;;;;;;;;;;;;;;;;;1573.500;;;;;;;;;;;;;;;;;;;;;;;;;;;;;;;;;;;;;;;;;;;;;;;;;;;;;;;;;;;;;;;;;;;;;;;;;;;;;;;;;;;;;;;;;;;;;;;;;;;;;;;;;;;;;;;;;;;;;;;;;;;;;;;;;;;;;;;;;;;;;;;;;;;;;;;;;;;;;;;;;;;;;;;;;;;;;;;;;;;;;;;;;;;;;;;;;;;;;;;;;;;;;;;;;;;;;;;;;;;;;;;;;;;;;;;;;;;;;;;;;;;;;;;;;;;;;;;;;;;;;;;;;;;;;;;;;;;;;;;;;;;;;;;;;;;;;;;;;;;;;;;;;;;;;;;;;;;;;;;;;;;;;;;;;;;;;;;;;;;;;;;;;;;;;;;;;;;;;;;;;;;;;;;;;;;;;;;;;;;;;;;;;;;;;;;;;;;;;;;;;;;;;;;;;;;;;;;;;;;;;;;;;;;;;;;;;;;;;;;;;;;;;;;;;;;;;;;;;;0;9.70;12.40;6.40;14.90;16.10;14.00;1596;2111;739;229;228;1548.80;;;24859694;14.00;;;;;;26.00
1570797600000;2019-10-11T13:40:00.000+0100;;;;;;;;;1.00;180.70;380.80;381.50;380.60;1565.00;1554.00;1552.00;;;;;;;;;;;;;;;;1.0;;;;;;;;;;;;;;;;;;;;;;;;;;;;;;;;;;;;;;;;;;;;50.00;;;;;;;;;;;;;;;;;;;;;;;;;;;;;;;;;;;;;;39.00;53.00;37.00;14.00;;;;72.00;78.00;67.00;;;;;;;;;;;;;;;;;;;;;;;;;;;;;;;;;;;;89.00;87.00;91.00;;;;;;;;;;;;;;;;;;;;;;;1740.600;;;;;;;;;;;;;;;;;;;;;;;;;;;;;;;;;;;;;;;;;;;;;;;;;;;;;;;;;;;;;;;;;;;;;;;;;;;;;;;;;;;;;;;;;;;;;;;;;;;;;;;;;;;;;;;;;;;;;;;;;;;;;;;;;;;;;;;;;;;;;;;;;;;;;;;;;;;;;;;;;;;;;;;;;;;;;;;;;;;;;;;;;;;;;;;;;;;;;;;;;;;;;;;;;;;;;;;;;;;;;;;;;;;;;;;;;;;;;;;;;;;;;;;;;;;;;;;;;;;;;;;;;;;;;;;;;;;;;;;;;;;;;;;;;;;;;;;;;;;;;;;;;;;;;;;;;;;;;;;;;;;;;;;;;;;;;;;;;;;;;;;;;;;;;;;;;;;;;;;;;;;;;;;;;;;;;;;;;;;;;;;;;;;;;;;;;;;;;;;;;;;;;;;;;;;;;;;;;;;;;;;;;;;;;;;;;;;;;;;;;;;;;;;;;;;;;;;;;;0;10.30;12.60;7.10;14.90;15.80;14.00;1769;2115;986;228;227;1551.50;;;24859988;14.00;;;;;;26.00
1570798200000;2019-10-11T13:50:00.000+0100;;;;;;;;;1.00;199.60;381.10;381.60;380.80;1727.00;1712.00;1713.00;;;;;;;;;;;;;;;;1.0;;;;;;;;;;;;;;;;;;;;;;;;;;;;;;;;;;;;;;;;;;;;50.00;;;;;;;;;;;;;;;;;;;;;;;;;;;;;;;;;;;;;;39.00;54.00;37.00;14.00;;;;76.00;82.00;71.00;;;;;;;;;;;;;;;;;;;;;;;;;;;;;;;;;;;;91.00;89.00;93.00;;;;;;;;;;;;;;;;;;;;;;;1932.700;;;;;;;;;;;;;;;;;;;;;;;;;;;;;;;;;;;;;;;;;;;;;;;;;;;;;;;;;;;;;;;;;;;;;;;;;;;;;;;;;;;;;;;;;;;;;;;;;;;;;;;;;;;;;;;;;;;;;;;;;;;;;;;;;;;;;;;;;;;;;;;;;;;;;;;;;;;;;;;;;;;;;;;;;;;;;;;;;;;;;;;;;;;;;;;;;;;;;;;;;;;;;;;;;;;;;;;;;;;;;;;;;;;;;;;;;;;;;;;;;;;;;;;;;;;;;;;;;;;;;;;;;;;;;;;;;;;;;;;;;;;;;;;;;;;;;;;;;;;;;;;;;;;;;;;;;;;;;;;;;;;;;;;;;;;;;;;;;;;;;;;;;;;;;;;;;;;;;;;;;;;;;;;;;;;;;;;;;;;;;;;;;;;;;;;;;;;;;;;;;;;;;;;;;;;;;;;;;;;;;;;;;;;;;;;;;;;;;;;;;;;;;;;;;;;;;;;;;;0;11.70;15.30;8.30;14.90;15.80;13.70;1953;2114;1195;231;229;1551.80;;;24860314;14.00;;;;;;26.00
1570798800000;2019-10-11T14:00:00.000+0100;;;;;;;;;1.00;197.50;383.00;383.50;382.80;1698.00;1686.00;1685.00;;;;;;;;;;;;;;;;1.0;;;;;;;;;;;;;;;;;;;;;;;;;;;;;;;;;;;;;;;;;;;;50.00;;;;;;;;;;;;;;;;;;;;;;;;;;;;;;;;;;;;;;39.00;54.00;37.00;14.00;;;;81.00;87.00;76.00;;;;;;;;;;;;;;;;;;;;;;;;;;;;;;;;;;;;93.00;91.00;95.00;;;;;;;;;;;;;;;;;;;;;;;1916.200;;;;;;;;;;;;;;;;;;;;;;;;;;;;;;;;;;;;;;;;;;;;;;;;;;;;;;;;;;;;;;;;;;;;;;;;;;;;;;;;;;;;;;;;;;;;;;;;;;;;;;;;;;;;;;;;;;;;;;;;;;;;;;;;;;;;;;;;;;;;;;;;;;;;;;;;;;;;;;;;;;;;;;;;;;;;;;;;;;;;;;;;;;;;;;;;;;;;;;;;;;;;;;;;;;;;;;;;;;;;;;;;;;;;;;;;;;;;;;;;;;;;;;;;;;;;;;;;;;;;;;;;;;;;;;;;;;;;;;;;;;;;;;;;;;;;;;;;;;;;;;;;;;;;;;;;;;;;;;;;;;;;;;;;;;;;;;;;;;;;;;;;;;;;;;;;;;;;;;;;;;;;;;;;;;;;;;;;;;;;;;;;;;;;;;;;;;;;;;;;;;;;;;;;;;;;;;;;;;;;;;;;;;;;;;;;;;;;;;;;;;;;;;;;;;;;;;;;;;0;11.30;14.20;8.60;14.90;15.80;14.00;1933;2113;1179;231;230;1550.00;;;24860634;14.00;;;;;;27.00
1570799400000;2019-10-11T14:10:00.000+0100;;;;;;;;;1.00;176.50;383.20;383.70;383.20;1518.00;1507.00;1508.00;;;;;;;;;;;;;;;;1.0;;;;;;;;;;;;;;;;;;;;;;;;;;;;;;;;;;;;;;;;;;;;50.00;;;;;;;;;;;;;;;;;;;;;;;;;;;;;;;;;;;;;;39.00;54.00;37.00;14.00;;;;84.00;89.00;79.00;;;;;;;;;;;;;;;;;;;;;;;;;;;;;;;;;;;;93.00;91.00;95.00;;;;;;;;;;;;;;;;;;;;;;;1697.600;;;;;;;;;;;;;;;;;;;;;;;;;;;;;;;;;;;;;;;;;;;;;;;;;;;;;;;;;;;;;;;;;;;;;;;;;;;;;;;;;;;;;;;;;;;;;;;;;;;;;;;;;;;;;;;;;;;;;;;;;;;;;;;;;;;;;;;;;;;;;;;;;;;;;;;;;;;;;;;;;;;;;;;;;;;;;;;;;;;;;;;;;;;;;;;;;;;;;;;;;;;;;;;;;;;;;;;;;;;;;;;;;;;;;;;;;;;;;;;;;;;;;;;;;;;;;;;;;;;;;;;;;;;;;;;;;;;;;;;;;;;;;;;;;;;;;;;;;;;;;;;;;;;;;;;;;;;;;;;;;;;;;;;;;;;;;;;;;;;;;;;;;;;;;;;;;;;;;;;;;;;;;;;;;;;;;;;;;;;;;;;;;;;;;;;;;;;;;;;;;;;;;;;;;;;;;;;;;;;;;;;;;;;;;;;;;;;;;;;;;;;;;;;;;;;;;;;;;;0;10.30;13.40;7.80;14.90;16.10;14.00;1728;2114;1044;228;227;1550.90;;;24860924;14.00;;;;;;27.00
1570800000000;2019-10-11T14:20:00.000+0100;;;;;;;;;1.00;160.30;382.60;383.00;382.50;1381.00;1368.00;1370.00;;;;;;;;;;;;;;;;1.0;;;;;;;;;;;;;;;;;;;;;;;;;;;;;;;;;;;;;;;;;;;;50.00;;;;;;;;;;;;;;;;;;;;;;;;;;;;;;;;;;;;;;39.00;54.00;37.00;15.00;;;;83.00;89.00;78.00;;;;;;;;;;;;;;;;;;;;;;;;;;;;;;;;;;;;92.00;90.00;94.00;;;;;;;;;;;;;;;;;;;;;;;1558.800;;;;;;;;;;;;;;;;;;;;;;;;;;;;;;;;;;;;;;;;;;;;;;;;;;;;;;;;;;;;;;;;;;;;;;;;;;;;;;;;;;;;;;;;;;;;;;;;;;;;;;;;;;;;;;;;;;;;;;;;;;;;;;;;;;;;;;;;;;;;;;;;;;;;;;;;;;;;;;;;;;;;;;;;;;;;;;;;;;;;;;;;;;;;;;;;;;;;;;;;;;;;;;;;;;;;;;;;;;;;;;;;;;;;;;;;;;;;;;;;;;;;;;;;;;;;;;;;;;;;;;;;;;;;;;;;;;;;;;;;;;;;;;;;;;;;;;;;;;;;;;;;;;;;;;;;;;;;;;;;;;;;;;;;;;;;;;;;;;;;;;;;;;;;;;;;;;;;;;;;;;;;;;;;;;;;;;;;;;;;;;;;;;;;;;;;;;;;;;;;;;;;;;;;;;;;;;;;;;;;;;;;;;;;;;;;;;;;;;;;;;;;;;;;;;;;;;;;;;0;9.90;12.40;6.60;14.90;15.80;14.30;1569;2119;824;224;222;1550.00;;;24861184;14.00;;;;;;27.00
1570800600000;2019-10-11T14:30:00.000+0100;;;;;;;;;1.00;150.90;381.80;382.30;381.70;1302.00;1293.00;1291.00;;;;;;;;;;;;;;;;1.0;;;;;;;;;;;;;;;;;;;;;;;;;;;;;;;;;;;;;;;;;;;;50.00;;;;;;;;;;;;;;;;;;;;;;;;;;;;;;;;;;;;;;39.00;53.00;37.00;15.00;;;;71.00;80.00;68.00;;;;;;;;;;;;;;;;;;;;;;;;;;;;;;;;;;;;91.00;88.00;93.00;;;;;;;;;;;;;;;;;;;;;;;1462.900;;;;;;;;;;;;;;;;;;;;;;;;;;;;;;;;;;;;;;;;;;;;;;;;;;;;;;;;;;;;;;;;;;;;;;;;;;;;;;;;;;;;;;;;;;;;;;;;;;;;;;;;;;;;;;;;;;;;;;;;;;;;;;;;;;;;;;;;;;;;;;;;;;;;;;;;;;;;;;;;;;;;;;;;;;;;;;;;;;;;;;;;;;;;;;;;;;;;;;;;;;;;;;;;;;;;;;;;;;;;;;;;;;;;;;;;;;;;;;;;;;;;;;;;;;;;;;;;;;;;;;;;;;;;;;;;;;;;;;;;;;;;;;;;;;;;;;;;;;;;;;;;;;;;;;;;;;;;;;;;;;;;;;;;;;;;;;;;;;;;;;;;;;;;;;;;;;;;;;;;;;;;;;;;;;;;;;;;;;;;;;;;;;;;;;;;;;;;;;;;;;;;;;;;;;;;;;;;;;;;;;;;;;;;;;;;;;;;;;;;;;;;;;;;;;;;;;;;;;0;9.60;13.70;6.20;14.60;16.10;12.50;1477;2108;583;220;220;1534.50;;;24861432;14.00;;;;;;28.00
1570801200000;2019-10-11T14:40:00.000+0100;;;;;;;;;1.00;167.60;381.20;381.70;381.10;1450.00;1438.00;1437.00;;;;;;;;;;;;;;;;1.0;;;;;;;;;;;;;;;;;;;;;;;;;;;;;;;;;;;;;;;;;;;;50.00;;;;;;;;;;;;;;;;;;;;;;;;;;;;;;;;;;;;;;39.00;53.00;37.00;15.00;;;;62.00;72.00;59.00;;;;;;;;;;;;;;;;;;;;;;;;;;;;;;;;;;;;89.00;88.00;92.00;;;;;;;;;;;;;;;;;;;;;;;1615.200;;;;;;;;;;;;;;;;;;;;;;;;;;;;;;;;;;;;;;;;;;;;;;;;;;;;;;;;;;;;;;;;;;;;;;;;;;;;;;;;;;;;;;;;;;;;;;;;;;;;;;;;;;;;;;;;;;;;;;;;;;;;;;;;;;;;;;;;;;;;;;;;;;;;;;;;;;;;;;;;;;;;;;;;;;;;;;;;;;;;;;;;;;;;;;;;;;;;;;;;;;;;;;;;;;;;;;;;;;;;;;;;;;;;;;;;;;;;;;;;;;;;;;;;;;;;;;;;;;;;;;;;;;;;;;;;;;;;;;;;;;;;;;;;;;;;;;;;;;;;;;;;;;;;;;;;;;;;;;;;;;;;;;;;;;;;;;;;;;;;;;;;;;;;;;;;;;;;;;;;;;;;;;;;;;;;;;;;;;;;;;;;;;;;;;;;;;;;;;;;;;;;;;;;;;;;;;;;;;;;;;;;;;;;;;;;;;;;;;;;;;;;;;;;;;;;;;;;;;0;9.90;12.20;5.70;14.90;15.80;14.00;1640;2115;814;220;219;1547.90;;;24861704;14.00;;;;;;28.00
1570801800000;2019-10-11T14:50:00.000+0100;;;;;;;;;1.00;187.90;378.80;379.50;378.60;1635.00;1623.00;1621.00;;;;;;;;;;;;;;;;1.0;;;;;;;;;;;;;;;;;;;;;;;;;;;;;;;;;;;;;;;;;;;;50.00;;;;;;;;;;;;;;;;;;;;;;;;;;;;;;;;;;;;;;39.00;53.00;37.00;15.00;;;;58.00;68.00;54.00;;;;;;;;;;;;;;;;;;;;;;;;;;;;;;;;;;;;91.00;89.00;93.00;;;;;;;;;;;;;;;;;;;;;;;1811.500;;;;;;;;;;;;;;;;;;;;;;;;;;;;;;;;;;;;;;;;;;;;;;;;;;;;;;;;;;;;;;;;;;;;;;;;;;;;;;;;;;;;;;;;;;;;;;;;;;;;;;;;;;;;;;;;;;;;;;;;;;;;;;;;;;;;;;;;;;;;;;;;;;;;;;;;;;;;;;;;;;;;;;;;;;;;;;;;;;;;;;;;;;;;;;;;;;;;;;;;;;;;;;;;;;;;;;;;;;;;;;;;;;;;;;;;;;;;;;;;;;;;;;;;;;;;;;;;;;;;;;;;;;;;;;;;;;;;;;;;;;;;;;;;;;;;;;;;;;;;;;;;;;;;;;;;;;;;;;;;;;;;;;;;;;;;;;;;;;;;;;;;;;;;;;;;;;;;;;;;;;;;;;;;;;;;;;;;;;;;;;;;;;;;;;;;;;;;;;;;;;;;;;;;;;;;;;;;;;;;;;;;;;;;;;;;;;;;;;;;;;;;;;;;;;;;;;;;;;0;10.70;15.00;7.80;14.90;16.10;14.00;1839;2111;1157;218;219;1551.20;;;24862010;14.00;;;;;;28.00
1570802400000;2019-10-11T15:00:00.000+0100;;;;;;;;;1.00;183.80;380.10;380.70;379.90;1594.00;1582.00;1582.00;;;;;;;;;;;;;;;;1.0;;;;;;;;;;;;;;;;;;;;;;;;;;;;;;;;;;;;;;;;;;;;50.00;;;;;;;;;;;;;;;;;;;;;;;;;;;;;;;;;;;;;;39.00;54.00;37.00;15.00;;;;57.00;67.00;53.00;;;;;;;;;;;;;;;;;;;;;;;;;;;;;;;;;;;;92.00;90.00;94.00;;;;;;;;;;;;;;;;;;;;;;;1771.200;;;;;;;;;;;;;;;;;;;;;;;;;;;;;;;;;;;;;;;;;;;;;;;;;;;;;;;;;;;;;;;;;;;;;;;;;;;;;;;;;;;;;;;;;;;;;;;;;;;;;;;;;;;;;;;;;;;;;;;;;;;;;;;;;;;;;;;;;;;;;;;;;;;;;;;;;;;;;;;;;;;;;;;;;;;;;;;;;;;;;;;;;;;;;;;;;;;;;;;;;;;;;;;;;;;;;;;;;;;;;;;;;;;;;;;;;;;;;;;;;;;;;;;;;;;;;;;;;;;;;;;;;;;;;;;;;;;;;;;;;;;;;;;;;;;;;;;;;;;;;;;;;;;;;;;;;;;;;;;;;;;;;;;;;;;;;;;;;;;;;;;;;;;;;;;;;;;;;;;;;;;;;;;;;;;;;;;;;;;;;;;;;;;;;;;;;;;;;;;;;;;;;;;;;;;;;;;;;;;;;;;;;;;;;;;;;;;;;;;;;;;;;;;;;;;;;;;;;;0;10.60;12.70;7.10;14.90;16.10;14.00;1799;2118;846;217;216;1551.20;;;24862310;14.00;;;;;;28.00
1570803000000;2019-10-11T15:10:00.000+0100;;;;;;;;;1.00;182.10;382.70;383.20;382.50;1568.00;1557.00;1556.00;;;;;;;;;;;;;;;;1.0;;;;;;;;;;;;;;;;;;;;;;;;;;;;;;;;;;;;;;;;;;;;50.00;;;;;;;;;;;;;;;;;;;;;;;;;;;;;;;;;;;;;;39.00;54.00;37.00;15.00;;;;56.00;66.00;52.00;;;;;;;;;;;;;;;;;;;;;;;;;;;;;;;;;;;;92.00;90.00;94.00;;;;;;;;;;;;;;;;;;;;;;;1760.800;;;;;;;;;;;;;;;;;;;;;;;;;;;;;;;;;;;;;;;;;;;;;;;;;;;;;;;;;;;;;;;;;;;;;;;;;;;;;;;;;;;;;;;;;;;;;;;;;;;;;;;;;;;;;;;;;;;;;;;;;;;;;;;;;;;;;;;;;;;;;;;;;;;;;;;;;;;;;;;;;;;;;;;;;;;;;;;;;;;;;;;;;;;;;;;;;;;;;;;;;;;;;;;;;;;;;;;;;;;;;;;;;;;;;;;;;;;;;;;;;;;;;;;;;;;;;;;;;;;;;;;;;;;;;;;;;;;;;;;;;;;;;;;;;;;;;;;;;;;;;;;;;;;;;;;;;;;;;;;;;;;;;;;;;;;;;;;;;;;;;;;;;;;;;;;;;;;;;;;;;;;;;;;;;;;;;;;;;;;;;;;;;;;;;;;;;;;;;;;;;;;;;;;;;;;;;;;;;;;;;;;;;;;;;;;;;;;;;;;;;;;;;;;;;;;;;;;;;;0;10.40;12.60;8.00;14.90;15.80;14.00;1782;2114;1032;218;217;1549.40;;;24862606;14.00;;;;;;29.00
1570803600000;2019-10-11T15:20:00.000+0100;;;;;;;;;1.00;193.30;382.80;383.30;382.50;1665.00;1653.00;1651.00;;;;;;;;;;;;;;;;1.0;;;;;;;;;;;;;;;;;;;;;;;;;;;;;;;;;;;;;;;;;;;;50.00;;;;;;;;;;;;;;;;;;;;;;;;;;;;;;;;;;;;;;39.00;54.00;37.00;15.00;;;;62.00;71.00;57.00;;;;;;;;;;;;;;;;;;;;;;;;;;;;;;;;;;;;92.00;90.00;95.00;;;;;;;;;;;;;;;;;;;;;;;1869.300;;;;;;;;;;;;;;;;;;;;;;;;;;;;;;;;;;;;;;;;;;;;;;;;;;;;;;;;;;;;;;;;;;;;;;;;;;;;;;;;;;;;;;;;;;;;;;;;;;;;;;;;;;;;;;;;;;;;;;;;;;;;;;;;;;;;;;;;;;;;;;;;;;;;;;;;;;;;;;;;;;;;;;;;;;;;;;;;;;;;;;;;;;;;;;;;;;;;;;;;;;;;;;;;;;;;;;;;;;;;;;;;;;;;;;;;;;;;;;;;;;;;;;;;;;;;;;;;;;;;;;;;;;;;;;;;;;;;;;;;;;;;;;;;;;;;;;;;;;;;;;;;;;;;;;;;;;;;;;;;;;;;;;;;;;;;;;;;;;;;;;;;;;;;;;;;;;;;;;;;;;;;;;;;;;;;;;;;;;;;;;;;;;;;;;;;;;;;;;;;;;;;;;;;;;;;;;;;;;;;;;;;;;;;;;;;;;;;;;;;;;;;;;;;;;;;;;;;;;0;10.90;13.30;7.30;14.90;15.80;14.00;1892;2116;839;216;218;1552.10;;;24862924;14.00;;;;;;28.00
1570804200000;2019-10-11T15:30:00.000+0100;;;;;;;;;1.00;191.20;381.50;382.10;381.20;1652.00;1639.00;1638.00;;;;;;;;;;;;;;;;1.0;;;;;;;;;;;;;;;;;;;;;;;;;;;;;;;;;;;;;;;;;;;;50.00;;;;;;;;;;;;;;;;;;;;;;;;;;;;;;;;;;;;;;39.00;54.00;37.00;15.00;;;;70.00;77.00;65.00;;;;;;;;;;;;;;;;;;;;;;;;;;;;;;;;;;;;94.00;91.00;96.00;;;;;;;;;;;;;;;;;;;;;;;1845.200;;;;;;;;;;;;;;;;;;;;;;;;;;;;;;;;;;;;;;;;;;;;;;;;;;;;;;;;;;;;;;;;;;;;;;;;;;;;;;;;;;;;;;;;;;;;;;;;;;;;;;;;;;;;;;;;;;;;;;;;;;;;;;;;;;;;;;;;;;;;;;;;;;;;;;;;;;;;;;;;;;;;;;;;;;;;;;;;;;;;;;;;;;;;;;;;;;;;;;;;;;;;;;;;;;;;;;;;;;;;;;;;;;;;;;;;;;;;;;;;;;;;;;;;;;;;;;;;;;;;;;;;;;;;;;;;;;;;;;;;;;;;;;;;;;;;;;;;;;;;;;;;;;;;;;;;;;;;;;;;;;;;;;;;;;;;;;;;;;;;;;;;;;;;;;;;;;;;;;;;;;;;;;;;;;;;;;;;;;;;;;;;;;;;;;;;;;;;;;;;;;;;;;;;;;;;;;;;;;;;;;;;;;;;;;;;;;;;;;;;;;;;;;;;;;;;;;;;;;0;11.00;14.00;7.80;14.90;16.40;14.00;1871;2116;1133;223;223;1550.90;;;24863236;14.00;;;;;;28.00
1570804800000;2019-10-11T15:40:00.000+0100;;;;;;;;;1.00;193.80;382.30;382.90;382.20;1671.00;1658.00;1658.00;;;;;;;;;;;;;;;;1.0;;;;;;;;;;;;;;;;;;;;;;;;;;;;;;;;;;;;;;;;;;;;50.00;;;;;;;;;;;;;;;;;;;;;;;;;;;;;;;;;;;;;;40.00;54.00;37.00;15.00;;;;76.00;83.00;70.00;;;;;;;;;;;;;;;;;;;;;;;;;;;;;;;;;;;;94.00;92.00;96.00;;;;;;;;;;;;;;;;;;;;;;;1875.300;;;;;;;;;;;;;;;;;;;;;;;;;;;;;;;;;;;;;;;;;;;;;;;;;;;;;;;;;;;;;;;;;;;;;;;;;;;;;;;;;;;;;;;;;;;;;;;;;;;;;;;;;;;;;;;;;;;;;;;;;;;;;;;;;;;;;;;;;;;;;;;;;;;;;;;;;;;;;;;;;;;;;;;;;;;;;;;;;;;;;;;;;;;;;;;;;;;;;;;;;;;;;;;;;;;;;;;;;;;;;;;;;;;;;;;;;;;;;;;;;;;;;;;;;;;;;;;;;;;;;;;;;;;;;;;;;;;;;;;;;;;;;;;;;;;;;;;;;;;;;;;;;;;;;;;;;;;;;;;;;;;;;;;;;;;;;;;;;;;;;;;;;;;;;;;;;;;;;;;;;;;;;;;;;;;;;;;;;;;;;;;;;;;;;;;;;;;;;;;;;;;;;;;;;;;;;;;;;;;;;;;;;;;;;;;;;;;;;;;;;;;;;;;;;;;;;;;;;;0;11.60;14.80;8.20;14.90;16.10;14.00;1897;2119;1240;224;224;1550.60;;;24863550;14.00;;;;;;28.00
1570805400000;2019-10-11T15:50:00.000+0100;;;;;;;;;1.00;188.10;384.00;384.50;383.80;1615.00;1601.00;1601.00;;;;;;;;;;;;;;;;1.0;;;;;;;;;;;;;;;;;;;;;;;;;;;;;;;;;;;;;;;;;;;;50.00;;;;;;;;;;;;;;;;;;;;;;;;;;;;;;;;;;;;;;40.00;54.00;37.00;15.00;;;;80.00;87.00;75.00;;;;;;;;;;;;;;;;;;;;;;;;;;;;;;;;;;;;94.00;92.00;96.00;;;;;;;;;;;;;;;;;;;;;;;1815.200;;;;;;;;;;;;;;;;;;;;;;;;;;;;;;;;;;;;;;;;;;;;;;;;;;;;;;;;;;;;;;;;;;;;;;;;;;;;;;;;;;;;;;;;;;;;;;;;;;;;;;;;;;;;;;;;;;;;;;;;;;;;;;;;;;;;;;;;;;;;;;;;;;;;;;;;;;;;;;;;;;;;;;;;;;;;;;;;;;;;;;;;;;;;;;;;;;;;;;;;;;;;;;;;;;;;;;;;;;;;;;;;;;;;;;;;;;;;;;;;;;;;;;;;;;;;;;;;;;;;;;;;;;;;;;;;;;;;;;;;;;;;;;;;;;;;;;;;;;;;;;;;;;;;;;;;;;;;;;;;;;;;;;;;;;;;;;;;;;;;;;;;;;;;;;;;;;;;;;;;;;;;;;;;;;;;;;;;;;;;;;;;;;;;;;;;;;;;;;;;;;;;;;;;;;;;;;;;;;;;;;;;;;;;;;;;;;;;;;;;;;;;;;;;;;;;;;;;;;0;10.90;14.60;8.20;14.90;16.40;14.00;1841;2116;1085;225;226;1549.40;;;24863858;14.00;;;;;;28.00
1570806000000;2019-10-11T16:00:00.000+0100;;;;;;;;;1.00;198.20;384.00;384.60;383.80;1701.00;1690.00;1687.00;;;;;;;;;;;;;;;;1.0;;;;;;;;;;;;;;;;;;;;;;;;;;;;;;;;;;;;;;;;;;;;50.00;;;;;;;;;;;;;;;;;;;;;;;;;;;;;;;;;;;;;;40.00;54.00;37.00;15.00;;;;83.00;89.00;78.00;;;;;;;;;;;;;;;;;;;;;;;;;;;;;;;;;;;;94.00;92.00;96.00;;;;;;;;;;;;;;;;;;;;;;;1922.100;;;;;;;;;;;;;;;;;;;;;;;;;;;;;;;;;;;;;;;;;;;;;;;;;;;;;;;;;;;;;;;;;;;;;;;;;;;;;;;;;;;;;;;;;;;;;;;;;;;;;;;;;;;;;;;;;;;;;;;;;;;;;;;;;;;;;;;;;;;;;;;;;;;;;;;;;;;;;;;;;;;;;;;;;;;;;;;;;;;;;;;;;;;;;;;;;;;;;;;;;;;;;;;;;;;;;;;;;;;;;;;;;;;;;;;;;;;;;;;;;;;;;;;;;;;;;;;;;;;;;;;;;;;;;;;;;;;;;;;;;;;;;;;;;;;;;;;;;;;;;;;;;;;;;;;;;;;;;;;;;;;;;;;;;;;;;;;;;;;;;;;;;;;;;;;;;;;;;;;;;;;;;;;;;;;;;;;;;;;;;;;;;;;;;;;;;;;;;;;;;;;;;;;;;;;;;;;;;;;;;;;;;;;;;;;;;;;;;;;;;;;;;;;;;;;;;;;;;;0;11.40;14.00;8.70;14.90;16.10;14.00;1940;2116;1318;223;222;1551.80;;;24864182;14.00;;;;;;28.00
1570806600000;2019-10-11T16:10:00.000+0100;;;;;;;;;1.00;199.90;383.70;384.20;383.40;1717.00;1703.00;1704.00;;;;;;;;;;;;;;;;1.0;;;;;;;;;;;;;;;;;;;;;;;;;;;;;;;;;;;;;;;;;;;;50.00;;;;;;;;;;;;;;;;;;;;;;;;;;;;;;;;;;;;;;40.00;54.00;37.00;15.00;;;;76.00;85.00;72.00;;;;;;;;;;;;;;;;;;;;;;;;;;;;;;;;;;;;95.00;93.00;97.00;;;;;;;;;;;;;;;;;;;;;;;1939.500;;;;;;;;;;;;;;;;;;;;;;;;;;;;;;;;;;;;;;;;;;;;;;;;;;;;;;;;;;;;;;;;;;;;;;;;;;;;;;;;;;;;;;;;;;;;;;;;;;;;;;;;;;;;;;;;;;;;;;;;;;;;;;;;;;;;;;;;;;;;;;;;;;;;;;;;;;;;;;;;;;;;;;;;;;;;;;;;;;;;;;;;;;;;;;;;;;;;;;;;;;;;;;;;;;;;;;;;;;;;;;;;;;;;;;;;;;;;;;;;;;;;;;;;;;;;;;;;;;;;;;;;;;;;;;;;;;;;;;;;;;;;;;;;;;;;;;;;;;;;;;;;;;;;;;;;;;;;;;;;;;;;;;;;;;;;;;;;;;;;;;;;;;;;;;;;;;;;;;;;;;;;;;;;;;;;;;;;;;;;;;;;;;;;;;;;;;;;;;;;;;;;;;;;;;;;;;;;;;;;;;;;;;;;;;;;;;;;;;;;;;;;;;;;;;;;;;;;;;0;11.60;13.80;8.80;14.90;15.80;14.00;1956;2121;1339;221;220;1551.80;;;24864508;14.00;;;;;;29.00
1570807200000;2019-10-11T16:20:00.000+0100;;;;;;;;;1.00;192.60;384.50;385.00;384.30;1651.00;1638.00;1638.00;;;;;;;;;;;;;;;;1.0;;;;;;;;;;;;;;;;;;;;;;;;;;;;;;;;;;;;;;;;;;;;50.00;;;;;;;;;;;;;;;;;;;;;;;;;;;;;;;;;;;;;;40.00;54.00;37.00;15.00;;;;69.00;79.00;65.00;;;;;;;;;;;;;;;;;;;;;;;;;;;;;;;;;;;;95.00;93.00;97.00;;;;;;;;;;;;;;;;;;;;;;;1856.400;;;;;;;;;;;;;;;;;;;;;;;;;;;;;;;;;;;;;;;;;;;;;;;;;;;;;;;;;;;;;;;;;;;;;;;;;;;;;;;;;;;;;;;;;;;;;;;;;;;;;;;;;;;;;;;;;;;;;;;;;;;;;;;;;;;;;;;;;;;;;;;;;;;;;;;;;;;;;;;;;;;;;;;;;;;;;;;;;;;;;;;;;;;;;;;;;;;;;;;;;;;;;;;;;;;;;;;;;;;;;;;;;;;;;;;;;;;;;;;;;;;;;;;;;;;;;;;;;;;;;;;;;;;;;;;;;;;;;;;;;;;;;;;;;;;;;;;;;;;;;;;;;;;;;;;;;;;;;;;;;;;;;;;;;;;;;;;;;;;;;;;;;;;;;;;;;;;;;;;;;;;;;;;;;;;;;;;;;;;;;;;;;;;;;;;;;;;;;;;;;;;;;;;;;;;;;;;;;;;;;;;;;;;;;;;;;;;;;;;;;;;;;;;;;;;;;;;;;;0;10.90;14.00;7.90;14.90;15.80;14.00;1884;2113;1213;219;217;1550.30;;;24864822;14.00;;;;;;29.00
1570807800000;2019-10-11T16:30:00.000+0100;;;;;;;;;1.00;192.50;384.40;385.00;384.30;1650.00;1637.00;1637.00;;;;;;;;;;;;;;;;1.0;;;;;;;;;;;;;;;;;;;;;;;;;;;;;;;;;;;;;;;;;;;;50.00;;;;;;;;;;;;;;;;;;;;;;;;;;;;;;;;;;;;;;40.00;54.00;37.00;15.00;;;;64.00;75.00;60.00;;;;;;;;;;;;;;;;;;;;;;;;;;;;;;;;;;;;94.00;92.00;97.00;;;;;;;;;;;;;;;;;;;;;;;1856.200;;;;;;;;;;;;;;;;;;;;;;;;;;;;;;;;;;;;;;;;;;;;;;;;;;;;;;;;;;;;;;;;;;;;;;;;;;;;;;;;;;;;;;;;;;;;;;;;;;;;;;;;;;;;;;;;;;;;;;;;;;;;;;;;;;;;;;;;;;;;;;;;;;;;;;;;;;;;;;;;;;;;;;;;;;;;;;;;;;;;;;;;;;;;;;;;;;;;;;;;;;;;;;;;;;;;;;;;;;;;;;;;;;;;;;;;;;;;;;;;;;;;;;;;;;;;;;;;;;;;;;;;;;;;;;;;;;;;;;;;;;;;;;;;;;;;;;;;;;;;;;;;;;;;;;;;;;;;;;;;;;;;;;;;;;;;;;;;;;;;;;;;;;;;;;;;;;;;;;;;;;;;;;;;;;;;;;;;;;;;;;;;;;;;;;;;;;;;;;;;;;;;;;;;;;;;;;;;;;;;;;;;;;;;;;;;;;;;;;;;;;;;;;;;;;;;;;;;;;0;11.10;13.90;8.50;14.90;15.80;14.00;1884;2117;1113;217;217;1550.90;;;24865134;14.00;;;;;;29.00
1570808400000;2019-10-11T16:40:00.000+0100;;;;;;;;;1.00;195.90;382.40;382.90;382.20;1688.00;1677.00;1675.00;;;;;;;;;;;;;;;;1.0;;;;;;;;;;;;;;;;;;;;;;;;;;;;;;;;;;;;;;;;;;;;50.00;;;;;;;;;;;;;;;;;;;;;;;;;;;;;;;;;;;;;;40.00;54.00;37.00;15.00;;;;61.00;72.00;57.00;;;;;;;;;;;;;;;;;;;;;;;;;;;;;;;;;;;;95.00;93.00;97.00;;;;;;;;;;;;;;;;;;;;;;;1894.100;;;;;;;;;;;;;;;;;;;;;;;;;;;;;;;;;;;;;;;;;;;;;;;;;;;;;;;;;;;;;;;;;;;;;;;;;;;;;;;;;;;;;;;;;;;;;;;;;;;;;;;;;;;;;;;;;;;;;;;;;;;;;;;;;;;;;;;;;;;;;;;;;;;;;;;;;;;;;;;;;;;;;;;;;;;;;;;;;;;;;;;;;;;;;;;;;;;;;;;;;;;;;;;;;;;;;;;;;;;;;;;;;;;;;;;;;;;;;;;;;;;;;;;;;;;;;;;;;;;;;;;;;;;;;;;;;;;;;;;;;;;;;;;;;;;;;;;;;;;;;;;;;;;;;;;;;;;;;;;;;;;;;;;;;;;;;;;;;;;;;;;;;;;;;;;;;;;;;;;;;;;;;;;;;;;;;;;;;;;;;;;;;;;;;;;;;;;;;;;;;;;;;;;;;;;;;;;;;;;;;;;;;;;;;;;;;;;;;;;;;;;;;;;;;;;;;;;;;;0;11.50;14.50;7.10;14.90;16.10;14.30;1918;2118;929;215;215;1551.80;;;24865454;14.00;;;;;;29.00
1570809000000;2019-10-11T16:50:00.000+0100;;;;;;;;;1.00;178.10;378.00;378.50;377.90;1554.00;1542.00;1541.00;;;;;;;;;;;;;;;;1.0;;;;;;;;;;;;;;;;;;;;;;;;;;;;;;;;;;;;;;;;;;;;50.00;;;;;;;;;;;;;;;;;;;;;;;;;;;;;;;;;;;;;;40.00;54.00;37.00;14.00;;;;59.00;70.00;55.00;;;;;;;;;;;;;;;;;;;;;;;;;;;;;;;;;;;;94.00;92.00;96.00;;;;;;;;;;;;;;;;;;;;;;;1708.000;;;;;;;;;;;;;;;;;;;;;;;;;;;;;;;;;;;;;;;;;;;;;;;;;;;;;;;;;;;;;;;;;;;;;;;;;;;;;;;;;;;;;;;;;;;;;;;;;;;;;;;;;;;;;;;;;;;;;;;;;;;;;;;;;;;;;;;;;;;;;;;;;;;;;;;;;;;;;;;;;;;;;;;;;;;;;;;;;;;;;;;;;;;;;;;;;;;;;;;;;;;;;;;;;;;;;;;;;;;;;;;;;;;;;;;;;;;;;;;;;;;;;;;;;;;;;;;;;;;;;;;;;;;;;;;;;;;;;;;;;;;;;;;;;;;;;;;;;;;;;;;;;;;;;;;;;;;;;;;;;;;;;;;;;;;;;;;;;;;;;;;;;;;;;;;;;;;;;;;;;;;;;;;;;;;;;;;;;;;;;;;;;;;;;;;;;;;;;;;;;;;;;;;;;;;;;;;;;;;;;;;;;;;;;;;;;;;;;;;;;;;;;;;;;;;;;;;;;;0;10.30;13.30;7.50;14.90;15.80;14.00;1743;2120;1029;214;213;1550.90;;;24865744;14.00;;;;;;29.00
1570809600000;2019-10-11T17:00:00.000+0100;;;;;;;;;1.00;185.50;380.20;380.90;380.20;1607.00;1595.00;1595.00;;;;;;;;;;;;;;;;1.0;;;;;;;;;;;;;;;;;;;;;;;;;;;;;;;;;;;;;;;;;;;;50.00;;;;;;;;;;;;;;;;;;;;;;;;;;;;;;;;;;;;;;40.00;54.00;37.00;14.00;;;;57.00;67.00;52.00;;;;;;;;;;;;;;;;;;;;;;;;;;;;;;;;;;;;93.00;91.00;96.00;;;;;;;;;;;;;;;;;;;;;;;1794.900;;;;;;;;;;;;;;;;;;;;;;;;;;;;;;;;;;;;;;;;;;;;;;;;;;;;;;;;;;;;;;;;;;;;;;;;;;;;;;;;;;;;;;;;;;;;;;;;;;;;;;;;;;;;;;;;;;;;;;;;;;;;;;;;;;;;;;;;;;;;;;;;;;;;;;;;;;;;;;;;;;;;;;;;;;;;;;;;;;;;;;;;;;;;;;;;;;;;;;;;;;;;;;;;;;;;;;;;;;;;;;;;;;;;;;;;;;;;;;;;;;;;;;;;;;;;;;;;;;;;;;;;;;;;;;;;;;;;;;;;;;;;;;;;;;;;;;;;;;;;;;;;;;;;;;;;;;;;;;;;;;;;;;;;;;;;;;;;;;;;;;;;;;;;;;;;;;;;;;;;;;;;;;;;;;;;;;;;;;;;;;;;;;;;;;;;;;;;;;;;;;;;;;;;;;;;;;;;;;;;;;;;;;;;;;;;;;;;;;;;;;;;;;;;;;;;;;;;;;0;10.80;13.80;6.40;14.90;16.10;14.30;1815;2121;606;213;213;1550.00;;;24866048;14.00;;;;;;29.00
1570810200000;2019-10-11T17:10:00.000+0100;;;;;;;;;1.00;198.40;380.70;381.40;380.60;1717.00;1704.00;1704.00;;;;;;;;;;;;;;;;1.0;;;;;;;;;;;;;;;;;;;;;;;;;;;;;;;;;;;;;;;;;;;;50.00;;;;;;;;;;;;;;;;;;;;;;;;;;;;;;;;;;;;;;40.00;54.00;37.00;14.00;;;;56.00;67.00;52.00;;;;;;;;;;;;;;;;;;;;;;;;;;;;;;;;;;;;94.00;92.00;96.00;;;;;;;;;;;;;;;;;;;;;;;1927.500;;;;;;;;;;;;;;;;;;;;;;;;;;;;;;;;;;;;;;;;;;;;;;;;;;;;;;;;;;;;;;;;;;;;;;;;;;;;;;;;;;;;;;;;;;;;;;;;;;;;;;;;;;;;;;;;;;;;;;;;;;;;;;;;;;;;;;;;;;;;;;;;;;;;;;;;;;;;;;;;;;;;;;;;;;;;;;;;;;;;;;;;;;;;;;;;;;;;;;;;;;;;;;;;;;;;;;;;;;;;;;;;;;;;;;;;;;;;;;;;;;;;;;;;;;;;;;;;;;;;;;;;;;;;;;;;;;;;;;;;;;;;;;;;;;;;;;;;;;;;;;;;;;;;;;;;;;;;;;;;;;;;;;;;;;;;;;;;;;;;;;;;;;;;;;;;;;;;;;;;;;;;;;;;;;;;;;;;;;;;;;;;;;;;;;;;;;;;;;;;;;;;;;;;;;;;;;;;;;;;;;;;;;;;;;;;;;;;;;;;;;;;;;;;;;;;;;;;;;0;12.00;17.40;8.50;14.90;16.40;14.00;1942;2112;1267;214;215;1550.00;;;24866372;14.00;;;;;;29.00
1570810800000;2019-10-11T17:20:00.000+0100;;;;;;;;;1.00;200.30;380.70;381.40;380.60;1734.00;1721.00;1721.00;;;;;;;;;;;;;;;;1.0;;;;;;;;;;;;;;;;;;;;;;;;;;;;;;;;;;;;;;;;;;;;50.00;;;;;;;;;;;;;;;;;;;;;;;;;;;;;;;;;;;;;;40.00;54.00;37.00;14.00;;;;57.00;67.00;52.00;;;;;;;;;;;;;;;;;;;;;;;;;;;;;;;;;;;;95.00;92.00;97.00;;;;;;;;;;;;;;;;;;;;;;;1940.000;;;;;;;;;;;;;;;;;;;;;;;;;;;;;;;;;;;;;;;;;;;;;;;;;;;;;;;;;;;;;;;;;;;;;;;;;;;;;;;;;;;;;;;;;;;;;;;;;;;;;;;;;;;;;;;;;;;;;;;;;;;;;;;;;;;;;;;;;;;;;;;;;;;;;;;;;;;;;;;;;;;;;;;;;;;;;;;;;;;;;;;;;;;;;;;;;;;;;;;;;;;;;;;;;;;;;;;;;;;;;;;;;;;;;;;;;;;;;;;;;;;;;;;;;;;;;;;;;;;;;;;;;;;;;;;;;;;;;;;;;;;;;;;;;;;;;;;;;;;;;;;;;;;;;;;;;;;;;;;;;;;;;;;;;;;;;;;;;;;;;;;;;;;;;;;;;;;;;;;;;;;;;;;;;;;;;;;;;;;;;;;;;;;;;;;;;;;;;;;;;;;;;;;;;;;;;;;;;;;;;;;;;;;;;;;;;;;;;;;;;;;;;;;;;;;;;;;;;;0;11.60;14.50;7.80;14.90;16.10;14.00;1961;2116;1430;213;213;1551.20;;;24866698;14.00;;;;;;29.00
1570811400000;2019-10-11T17:30:00.000+0100;;;;;;;;;1.00;200.80;379.90;380.60;379.80;1741.00;1728.00;1728.00;;;;;;;;;;;;;;;;1.0;;;;;;;;;;;;;;;;;;;;;;;;;;;;;;;;;;;;;;;;;;;;50.00;;;;;;;;;;;;;;;;;;;;;;;;;;;;;;;;;;;;;;40.00;55.00;37.00;15.00;;;;57.00;67.00;52.00;;;;;;;;;;;;;;;;;;;;;;;;;;;;;;;;;;;;95.00;93.00;98.00;;;;;;;;;;;;;;;;;;;;;;;1945.900;;;;;;;;;;;;;;;;;;;;;;;;;;;;;;;;;;;;;;;;;;;;;;;;;;;;;;;;;;;;;;;;;;;;;;;;;;;;;;;;;;;;;;;;;;;;;;;;;;;;;;;;;;;;;;;;;;;;;;;;;;;;;;;;;;;;;;;;;;;;;;;;;;;;;;;;;;;;;;;;;;;;;;;;;;;;;;;;;;;;;;;;;;;;;;;;;;;;;;;;;;;;;;;;;;;;;;;;;;;;;;;;;;;;;;;;;;;;;;;;;;;;;;;;;;;;;;;;;;;;;;;;;;;;;;;;;;;;;;;;;;;;;;;;;;;;;;;;;;;;;;;;;;;;;;;;;;;;;;;;;;;;;;;;;;;;;;;;;;;;;;;;;;;;;;;;;;;;;;;;;;;;;;;;;;;;;;;;;;;;;;;;;;;;;;;;;;;;;;;;;;;;;;;;;;;;;;;;;;;;;;;;;;;;;;;;;;;;;;;;;;;;;;;;;;;;;;;;;;0;11.50;14.90;8.40;14.90;16.10;13.70;1965;2116;1367;214;215;1551.50;;;24867026;14.00;;;;;;29.00
1570812000000;2019-10-11T17:40:00.000+0100;;;;;;;;;1.00;202.60;380.00;380.70;379.90;1757.00;1744.00;1742.00;;;;;;;;;;;;;;;;1.0;;;;;;;;;;;;;;;;;;;;;;;;;;;;;;;;;;;;;;;;;;;;50.00;;;;;;;;;;;;;;;;;;;;;;;;;;;;;;;;;;;;;;40.00;55.00;37.00;15.00;;;;57.00;67.00;52.00;;;;;;;;;;;;;;;;;;;;;;;;;;;;;;;;;;;;96.00;93.00;98.00;;;;;;;;;;;;;;;;;;;;;;;1968.800;;;;;;;;;;;;;;;;;;;;;;;;;;;;;;;;;;;;;;;;;;;;;;;;;;;;;;;;;;;;;;;;;;;;;;;;;;;;;;;;;;;;;;;;;;;;;;;;;;;;;;;;;;;;;;;;;;;;;;;;;;;;;;;;;;;;;;;;;;;;;;;;;;;;;;;;;;;;;;;;;;;;;;;;;;;;;;;;;;;;;;;;;;;;;;;;;;;;;;;;;;;;;;;;;;;;;;;;;;;;;;;;;;;;;;;;;;;;;;;;;;;;;;;;;;;;;;;;;;;;;;;;;;;;;;;;;;;;;;;;;;;;;;;;;;;;;;;;;;;;;;;;;;;;;;;;;;;;;;;;;;;;;;;;;;;;;;;;;;;;;;;;;;;;;;;;;;;;;;;;;;;;;;;;;;;;;;;;;;;;;;;;;;;;;;;;;;;;;;;;;;;;;;;;;;;;;;;;;;;;;;;;;;;;;;;;;;;;;;;;;;;;;;;;;;;;;;;;;;0;11.90;14.80;7.80;14.90;16.10;14.00;1983;2118;1276;216;216;1552.10;;;24867354;14.00;;;;;;30.00
1570812600000;2019-10-11T17:50:00.000+0100;;;;;;;;;1.00;204.50;379.80;380.50;379.70;1774.00;1761.00;1761.00;;;;;;;;;;;;;;;;1.0;;;;;;;;;;;;;;;;;;;;;;;;;;;;;;;;;;;;;;;;;;;;50.00;;;;;;;;;;;;;;;;;;;;;;;;;;;;;;;;;;;;;;40.00;55.00;37.00;15.00;;;;58.00;68.00;53.00;;;;;;;;;;;;;;;;;;;;;;;;;;;;;;;;;;;;96.00;94.00;98.00;;;;;;;;;;;;;;;;;;;;;;;1992.800;;;;;;;;;;;;;;;;;;;;;;;;;;;;;;;;;;;;;;;;;;;;;;;;;;;;;;;;;;;;;;;;;;;;;;;;;;;;;;;;;;;;;;;;;;;;;;;;;;;;;;;;;;;;;;;;;;;;;;;;;;;;;;;;;;;;;;;;;;;;;;;;;;;;;;;;;;;;;;;;;;;;;;;;;;;;;;;;;;;;;;;;;;;;;;;;;;;;;;;;;;;;;;;;;;;;;;;;;;;;;;;;;;;;;;;;;;;;;;;;;;;;;;;;;;;;;;;;;;;;;;;;;;;;;;;;;;;;;;;;;;;;;;;;;;;;;;;;;;;;;;;;;;;;;;;;;;;;;;;;;;;;;;;;;;;;;;;;;;;;;;;;;;;;;;;;;;;;;;;;;;;;;;;;;;;;;;;;;;;;;;;;;;;;;;;;;;;;;;;;;;;;;;;;;;;;;;;;;;;;;;;;;;;;;;;;;;;;;;;;;;;;;;;;;;;;;;;;;;0;12.00;13.90;9.70;14.90;15.80;13.70;2001;2112;1724;215;217;1551.50;;;24867690;14.00;;;;;;30.00
1570813200000;2019-10-11T18:00:00.000+0100;;;;;;;;;1.00;203.30;379.70;380.40;379.60;1764.00;1751.00;1751.00;;;;;;;;;;;;;;;;1.0;;;;;;;;;;;;;;;;;;;;;;;;;;;;;;;;;;;;;;;;;;;;50.00;;;;;;;;;;;;;;;;;;;;;;;;;;;;;;;;;;;;;;40.00;55.00;37.00;15.00;;;;58.00;68.00;53.00;;;;;;;;;;;;;;;;;;;;;;;;;;;;;;;;;;;;96.00;94.00;99.00;;;;;;;;;;;;;;;;;;;;;;;1975.400;;;;;;;;;;;;;;;;;;;;;;;;;;;;;;;;;;;;;;;;;;;;;;;;;;;;;;;;;;;;;;;;;;;;;;;;;;;;;;;;;;;;;;;;;;;;;;;;;;;;;;;;;;;;;;;;;;;;;;;;;;;;;;;;;;;;;;;;;;;;;;;;;;;;;;;;;;;;;;;;;;;;;;;;;;;;;;;;;;;;;;;;;;;;;;;;;;;;;;;;;;;;;;;;;;;;;;;;;;;;;;;;;;;;;;;;;;;;;;;;;;;;;;;;;;;;;;;;;;;;;;;;;;;;;;;;;;;;;;;;;;;;;;;;;;;;;;;;;;;;;;;;;;;;;;;;;;;;;;;;;;;;;;;;;;;;;;;;;;;;;;;;;;;;;;;;;;;;;;;;;;;;;;;;;;;;;;;;;;;;;;;;;;;;;;;;;;;;;;;;;;;;;;;;;;;;;;;;;;;;;;;;;;;;;;;;;;;;;;;;;;;;;;;;;;;;;;;;;;0;11.90;15.50;9.80;14.90;15.80;14.00;1990;2111;1557;215;218;1550.60;;;24868022;14.00;;;;;;30.00
1570813800000;2019-10-11T18:10:00.000+0100;;;;;;;;;1.00;199.20;379.80;380.40;379.70;1729.00;1716.00;1716.00;;;;;;;;;;;;;;;;1.0;;;;;;;;;;;;;;;;;;;;;;;;;;;;;;;;;;;;;;;;;;;;50.00;;;;;;;;;;;;;;;;;;;;;;;;;;;;;;;;;;;;;;40.00;55.00;37.00;15.00;;;;58.00;68.00;53.00;;;;;;;;;;;;;;;;;;;;;;;;;;;;;;;;;;;;96.00;94.00;98.00;;;;;;;;;;;;;;;;;;;;;;;1931.100;;;;;;;;;;;;;;;;;;;;;;;;;;;;;;;;;;;;;;;;;;;;;;;;;;;;;;;;;;;;;;;;;;;;;;;;;;;;;;;;;;;;;;;;;;;;;;;;;;;;;;;;;;;;;;;;;;;;;;;;;;;;;;;;;;;;;;;;;;;;;;;;;;;;;;;;;;;;;;;;;;;;;;;;;;;;;;;;;;;;;;;;;;;;;;;;;;;;;;;;;;;;;;;;;;;;;;;;;;;;;;;;;;;;;;;;;;;;;;;;;;;;;;;;;;;;;;;;;;;;;;;;;;;;;;;;;;;;;;;;;;;;;;;;;;;;;;;;;;;;;;;;;;;;;;;;;;;;;;;;;;;;;;;;;;;;;;;;;;;;;;;;;;;;;;;;;;;;;;;;;;;;;;;;;;;;;;;;;;;;;;;;;;;;;;;;;;;;;;;;;;;;;;;;;;;;;;;;;;;;;;;;;;;;;;;;;;;;;;;;;;;;;;;;;;;;;;;;;;0;11.40;14.50;8.20;14.90;15.80;14.00;1950;2115;1406;218;218;1552.10;;;24868346;14.00;;;;;;30.00
1570814400000;2019-10-11T18:20:00.000+0100;;;;;;;;;1.00;191.40;379.20;379.80;379.10;1663.00;1651.00;1649.00;;;;;;;;;;;;;;;;1.0;;;;;;;;;;;;;;;;;;;;;;;;;;;;;;;;;;;;;;;;;;;;50.00;;;;;;;;;;;;;;;;;;;;;;;;;;;;;;;;;;;;;;40.00;55.00;37.00;15.00;;;;58.00;68.00;53.00;;;;;;;;;;;;;;;;;;;;;;;;;;;;;;;;;;;;96.00;93.00;98.00;;;;;;;;;;;;;;;;;;;;;;;1855.600;;;;;;;;;;;;;;;;;;;;;;;;;;;;;;;;;;;;;;;;;;;;;;;;;;;;;;;;;;;;;;;;;;;;;;;;;;;;;;;;;;;;;;;;;;;;;;;;;;;;;;;;;;;;;;;;;;;;;;;;;;;;;;;;;;;;;;;;;;;;;;;;;;;;;;;;;;;;;;;;;;;;;;;;;;;;;;;;;;;;;;;;;;;;;;;;;;;;;;;;;;;;;;;;;;;;;;;;;;;;;;;;;;;;;;;;;;;;;;;;;;;;;;;;;;;;;;;;;;;;;;;;;;;;;;;;;;;;;;;;;;;;;;;;;;;;;;;;;;;;;;;;;;;;;;;;;;;;;;;;;;;;;;;;;;;;;;;;;;;;;;;;;;;;;;;;;;;;;;;;;;;;;;;;;;;;;;;;;;;;;;;;;;;;;;;;;;;;;;;;;;;;;;;;;;;;;;;;;;;;;;;;;;;;;;;;;;;;;;;;;;;;;;;;;;;;;;;;;;0;10.90;14.80;6.90;14.90;15.80;13.70;1873;2119;893;218;220;1549.10;;;24868658;14.00;;;;;;30.00
1570815000000;2019-10-11T18:30:00.000+0100;;;;;;;;;1.00;201.50;379.30;380.00;379.20;1751.00;1739.00;1740.00;;;;;;;;;;;;;;;;1.0;;;;;;;;;;;;;;;;;;;;;;;;;;;;;;;;;;;;;;;;;;;;50.00;;;;;;;;;;;;;;;;;;;;;;;;;;;;;;;;;;;;;;40.00;55.00;37.00;15.00;;;;57.00;68.00;53.00;;;;;;;;;;;;;;;;;;;;;;;;;;;;;;;;;;;;95.00;93.00;98.00;;;;;;;;;;;;;;;;;;;;;;;1957.600;;;;;;;;;;;;;;;;;;;;;;;;;;;;;;;;;;;;;;;;;;;;;;;;;;;;;;;;;;;;;;;;;;;;;;;;;;;;;;;;;;;;;;;;;;;;;;;;;;;;;;;;;;;;;;;;;;;;;;;;;;;;;;;;;;;;;;;;;;;;;;;;;;;;;;;;;;;;;;;;;;;;;;;;;;;;;;;;;;;;;;;;;;;;;;;;;;;;;;;;;;;;;;;;;;;;;;;;;;;;;;;;;;;;;;;;;;;;;;;;;;;;;;;;;;;;;;;;;;;;;;;;;;;;;;;;;;;;;;;;;;;;;;;;;;;;;;;;;;;;;;;;;;;;;;;;;;;;;;;;;;;;;;;;;;;;;;;;;;;;;;;;;;;;;;;;;;;;;;;;;;;;;;;;;;;;;;;;;;;;;;;;;;;;;;;;;;;;;;;;;;;;;;;;;;;;;;;;;;;;;;;;;;;;;;;;;;;;;;;;;;;;;;;;;;;;;;;;;;0;11.60;15.00;8.80;14.90;16.40;14.00;1973;2124;1492;222;222;1551.50;;;24868986;14.00;;;;;;30.00
1570815600000;2019-10-11T18:40:00.000+0100;;;;;;;;;1.00;199.10;379.30;379.90;379.10;1730.00;1717.00;1718.00;;;;;;;;;;;;;;;;1.0;;;;;;;;;;;;;;;;;;;;;;;;;;;;;;;;;;;;;;;;;;;;50.00;;;;;;;;;;;;;;;;;;;;;;;;;;;;;;;;;;;;;;40.00;55.00;37.00;15.00;;;;57.00;68.00;53.00;;;;;;;;;;;;;;;;;;;;;;;;;;;;;;;;;;;;96.00;93.00;98.00;;;;;;;;;;;;;;;;;;;;;;;1937.200;;;;;;;;;;;;;;;;;;;;;;;;;;;;;;;;;;;;;;;;;;;;;;;;;;;;;;;;;;;;;;;;;;;;;;;;;;;;;;;;;;;;;;;;;;;;;;;;;;;;;;;;;;;;;;;;;;;;;;;;;;;;;;;;;;;;;;;;;;;;;;;;;;;;;;;;;;;;;;;;;;;;;;;;;;;;;;;;;;;;;;;;;;;;;;;;;;;;;;;;;;;;;;;;;;;;;;;;;;;;;;;;;;;;;;;;;;;;;;;;;;;;;;;;;;;;;;;;;;;;;;;;;;;;;;;;;;;;;;;;;;;;;;;;;;;;;;;;;;;;;;;;;;;;;;;;;;;;;;;;;;;;;;;;;;;;;;;;;;;;;;;;;;;;;;;;;;;;;;;;;;;;;;;;;;;;;;;;;;;;;;;;;;;;;;;;;;;;;;;;;;;;;;;;;;;;;;;;;;;;;;;;;;;;;;;;;;;;;;;;;;;;;;;;;;;;;;;;;;0;11.90;15.90;7.40;14.90;15.80;14.00;1949;2116;1140;222;221;1551.50;;;24869312;14.00;;;;;;30.00
1570816200000;2019-10-11T18:50:00.000+0100;;;;;;;;;1.00;203.50;384.10;384.70;383.80;1744.00;1733.00;1732.00;;;;;;;;;;;;;;;;1.0;;;;;;;;;;;;;;;;;;;;;;;;;;;;;;;;;;;;;;;;;;;;50.00;;;;;;;;;;;;;;;;;;;;;;;;;;;;;;;;;;;;;;40.00;55.00;37.00;15.00;;;;58.00;68.00;53.00;;;;;;;;;;;;;;;;;;;;;;;;;;;;;;;;;;;;96.00;94.00;98.00;;;;;;;;;;;;;;;;;;;;;;;1984.100;;;;;;;;;;;;;;;;;;;;;;;;;;;;;;;;;;;;;;;;;;;;;;;;;;;;;;;;;;;;;;;;;;;;;;;;;;;;;;;;;;;;;;;;;;;;;;;;;;;;;;;;;;;;;;;;;;;;;;;;;;;;;;;;;;;;;;;;;;;;;;;;;;;;;;;;;;;;;;;;;;;;;;;;;;;;;;;;;;;;;;;;;;;;;;;;;;;;;;;;;;;;;;;;;;;;;;;;;;;;;;;;;;;;;;;;;;;;;;;;;;;;;;;;;;;;;;;;;;;;;;;;;;;;;;;;;;;;;;;;;;;;;;;;;;;;;;;;;;;;;;;;;;;;;;;;;;;;;;;;;;;;;;;;;;;;;;;;;;;;;;;;;;;;;;;;;;;;;;;;;;;;;;;;;;;;;;;;;;;;;;;;;;;;;;;;;;;;;;;;;;;;;;;;;;;;;;;;;;;;;;;;;;;;;;;;;;;;;;;;;;;;;;;;;;;;;;;;;;0;12.80;16.90;9.90;14.90;16.10;14.00;1991;2112;1447;222;222;1551.20;;;24869644;14.00;;;;;;30.00
1570816800000;2019-10-11T19:00:00.000+0100;;;;;;;;;1.00;203.50;383.70;384.40;383.50;1747.00;1734.00;1732.00;;;;;;;;;;;;;;;;1.0;;;;;;;;;;;;;;;;;;;;;;;;;;;;;;;;;;;;;;;;;;;;50.00;;;;;;;;;;;;;;;;;;;;;;;;;;;;;;;;;;;;;;40.00;55.00;37.00;15.00;;;;58.00;68.00;53.00;;;;;;;;;;;;;;;;;;;;;;;;;;;;;;;;;;;;96.00;94.00;99.00;;;;;;;;;;;;;;;;;;;;;;;1982.000;;;;;;;;;;;;;;;;;;;;;;;;;;;;;;;;;;;;;;;;;;;;;;;;;;;;;;;;;;;;;;;;;;;;;;;;;;;;;;;;;;;;;;;;;;;;;;;;;;;;;;;;;;;;;;;;;;;;;;;;;;;;;;;;;;;;;;;;;;;;;;;;;;;;;;;;;;;;;;;;;;;;;;;;;;;;;;;;;;;;;;;;;;;;;;;;;;;;;;;;;;;;;;;;;;;;;;;;;;;;;;;;;;;;;;;;;;;;;;;;;;;;;;;;;;;;;;;;;;;;;;;;;;;;;;;;;;;;;;;;;;;;;;;;;;;;;;;;;;;;;;;;;;;;;;;;;;;;;;;;;;;;;;;;;;;;;;;;;;;;;;;;;;;;;;;;;;;;;;;;;;;;;;;;;;;;;;;;;;;;;;;;;;;;;;;;;;;;;;;;;;;;;;;;;;;;;;;;;;;;;;;;;;;;;;;;;;;;;;;;;;;;;;;;;;;;;;;;;;0;12.90;16.60;8.70;14.90;16.10;13.70;1991;2114;1449;222;222;1550.60;;;24869976;14.00;;;;;;30.00
1570817400000;2019-10-11T19:10:00.000+0100;;;;;;;;;1.00;202.30;383.90;384.60;383.70;1737.00;1724.00;1723.00;;;;;;;;;;;;;;;;1.0;;;;;;;;;;;;;;;;;;;;;;;;;;;;;;;;;;;;;;;;;;;;50.00;;;;;;;;;;;;;;;;;;;;;;;;;;;;;;;;;;;;;;41.00;55.00;37.00;15.00;;;;58.00;68.00;53.00;;;;;;;;;;;;;;;;;;;;;;;;;;;;;;;;;;;;96.00;94.00;99.00;;;;;;;;;;;;;;;;;;;;;;;1966.100;;;;;;;;;;;;;;;;;;;;;;;;;;;;;;;;;;;;;;;;;;;;;;;;;;;;;;;;;;;;;;;;;;;;;;;;;;;;;;;;;;;;;;;;;;;;;;;;;;;;;;;;;;;;;;;;;;;;;;;;;;;;;;;;;;;;;;;;;;;;;;;;;;;;;;;;;;;;;;;;;;;;;;;;;;;;;;;;;;;;;;;;;;;;;;;;;;;;;;;;;;;;;;;;;;;;;;;;;;;;;;;;;;;;;;;;;;;;;;;;;;;;;;;;;;;;;;;;;;;;;;;;;;;;;;;;;;;;;;;;;;;;;;;;;;;;;;;;;;;;;;;;;;;;;;;;;;;;;;;;;;;;;;;;;;;;;;;;;;;;;;;;;;;;;;;;;;;;;;;;;;;;;;;;;;;;;;;;;;;;;;;;;;;;;;;;;;;;;;;;;;;;;;;;;;;;;;;;;;;;;;;;;;;;;;;;;;;;;;;;;;;;;;;;;;;;;;;;;;0;12.20;15.50;9.20;14.90;16.10;14.00;1980;2115;1414;222;221;1550.00;;;24870304;14.00;;;;;;30.00
1570818000000;2019-10-11T19:20:00.000+0100;;;;;;;;;1.00;198.70;384.50;385.10;384.30;1703.00;1691.00;1690.00;;;;;;;;;;;;;;;;1.0;;;;;;;;;;;;;;;;;;;;;;;;;;;;;;;;;;;;;;;;;;;;50.00;;;;;;;;;;;;;;;;;;;;;;;;;;;;;;;;;;;;;;41.00;55.00;37.00;15.00;;;;58.00;68.00;53.00;;;;;;;;;;;;;;;;;;;;;;;;;;;;;;;;;;;;96.00;94.00;99.00;;;;;;;;;;;;;;;;;;;;;;;1930.000;;;;;;;;;;;;;;;;;;;;;;;;;;;;;;;;;;;;;;;;;;;;;;;;;;;;;;;;;;;;;;;;;;;;;;;;;;;;;;;;;;;;;;;;;;;;;;;;;;;;;;;;;;;;;;;;;;;;;;;;;;;;;;;;;;;;;;;;;;;;;;;;;;;;;;;;;;;;;;;;;;;;;;;;;;;;;;;;;;;;;;;;;;;;;;;;;;;;;;;;;;;;;;;;;;;;;;;;;;;;;;;;;;;;;;;;;;;;;;;;;;;;;;;;;;;;;;;;;;;;;;;;;;;;;;;;;;;;;;;;;;;;;;;;;;;;;;;;;;;;;;;;;;;;;;;;;;;;;;;;;;;;;;;;;;;;;;;;;;;;;;;;;;;;;;;;;;;;;;;;;;;;;;;;;;;;;;;;;;;;;;;;;;;;;;;;;;;;;;;;;;;;;;;;;;;;;;;;;;;;;;;;;;;;;;;;;;;;;;;;;;;;;;;;;;;;;;;;;;0;11.80;16.00;8.10;14.90;16.10;14.00;1945;2122;1010;224;225;1551.20;;;24870628;14.00;;;;;;30.00
1570818600000;2019-10-11T19:30:00.000+0100;;;;;;;;;1.00;194.80;383.00;383.70;382.90;1675.00;1663.00;1663.00;;;;;;;;;;;;;;;;1.0;;;;;;;;;;;;;;;;;;;;;;;;;;;;;;;;;;;;;;;;;;;;50.00;;;;;;;;;;;;;;;;;;;;;;;;;;;;;;;;;;;;;;41.00;55.00;37.00;15.00;;;;57.00;68.00;53.00;;;;;;;;;;;;;;;;;;;;;;;;;;;;;;;;;;;;96.00;94.00;98.00;;;;;;;;;;;;;;;;;;;;;;;1885.300;;;;;;;;;;;;;;;;;;;;;;;;;;;;;;;;;;;;;;;;;;;;;;;;;;;;;;;;;;;;;;;;;;;;;;;;;;;;;;;;;;;;;;;;;;;;;;;;;;;;;;;;;;;;;;;;;;;;;;;;;;;;;;;;;;;;;;;;;;;;;;;;;;;;;;;;;;;;;;;;;;;;;;;;;;;;;;;;;;;;;;;;;;;;;;;;;;;;;;;;;;;;;;;;;;;;;;;;;;;;;;;;;;;;;;;;;;;;;;;;;;;;;;;;;;;;;;;;;;;;;;;;;;;;;;;;;;;;;;;;;;;;;;;;;;;;;;;;;;;;;;;;;;;;;;;;;;;;;;;;;;;;;;;;;;;;;;;;;;;;;;;;;;;;;;;;;;;;;;;;;;;;;;;;;;;;;;;;;;;;;;;;;;;;;;;;;;;;;;;;;;;;;;;;;;;;;;;;;;;;;;;;;;;;;;;;;;;;;;;;;;;;;;;;;;;;;;;;;;0;11.50;16.10;7.50;14.90;15.80;13.70;1906;2117;1038;222;221;1551.80;;;24870948;14.00;;;;;;30.00
1570819200000;2019-10-11T19:40:00.000+0100;;;;;;;;;1.00;197.10;383.20;383.80;383.00;1695.00;1682.00;1682.00;;;;;;;;;;;;;;;;1.0;;;;;;;;;;;;;;;;;;;;;;;;;;;;;;;;;;;;;;;;;;;;50.00;;;;;;;;;;;;;;;;;;;;;;;;;;;;;;;;;;;;;;40.00;55.00;37.00;15.00;;;;57.00;67.00;52.00;;;;;;;;;;;;;;;;;;;;;;;;;;;;;;;;;;;;96.00;94.00;98.00;;;;;;;;;;;;;;;;;;;;;;;1909.400;;;;;;;;;;;;;;;;;;;;;;;;;;;;;;;;;;;;;;;;;;;;;;;;;;;;;;;;;;;;;;;;;;;;;;;;;;;;;;;;;;;;;;;;;;;;;;;;;;;;;;;;;;;;;;;;;;;;;;;;;;;;;;;;;;;;;;;;;;;;;;;;;;;;;;;;;;;;;;;;;;;;;;;;;;;;;;;;;;;;;;;;;;;;;;;;;;;;;;;;;;;;;;;;;;;;;;;;;;;;;;;;;;;;;;;;;;;;;;;;;;;;;;;;;;;;;;;;;;;;;;;;;;;;;;;;;;;;;;;;;;;;;;;;;;;;;;;;;;;;;;;;;;;;;;;;;;;;;;;;;;;;;;;;;;;;;;;;;;;;;;;;;;;;;;;;;;;;;;;;;;;;;;;;;;;;;;;;;;;;;;;;;;;;;;;;;;;;;;;;;;;;;;;;;;;;;;;;;;;;;;;;;;;;;;;;;;;;;;;;;;;;;;;;;;;;;;;;;;0;11.70;16.30;7.90;14.90;16.10;14.00;1929;2112;1122;224;222;1551.50;;;24871268;14.00;;;;;;30.00
1570819800000;2019-10-11T19:50:00.000+0100;;;;;;;;;1.00;203.30;383.30;384.00;383.10;1748.00;1735.00;1735.00;;;;;;;;;;;;;;;;1.0;;;;;;;;;;;;;;;;;;;;;;;;;;;;;;;;;;;;;;;;;;;;50.00;;;;;;;;;;;;;;;;;;;;;;;;;;;;;;;;;;;;;;40.00;55.00;37.00;15.00;;;;57.00;67.00;52.00;;;;;;;;;;;;;;;;;;;;;;;;;;;;;;;;;;;;96.00;94.00;98.00;;;;;;;;;;;;;;;;;;;;;;;1974.300;;;;;;;;;;;;;;;;;;;;;;;;;;;;;;;;;;;;;;;;;;;;;;;;;;;;;;;;;;;;;;;;;;;;;;;;;;;;;;;;;;;;;;;;;;;;;;;;;;;;;;;;;;;;;;;;;;;;;;;;;;;;;;;;;;;;;;;;;;;;;;;;;;;;;;;;;;;;;;;;;;;;;;;;;;;;;;;;;;;;;;;;;;;;;;;;;;;;;;;;;;;;;;;;;;;;;;;;;;;;;;;;;;;;;;;;;;;;;;;;;;;;;;;;;;;;;;;;;;;;;;;;;;;;;;;;;;;;;;;;;;;;;;;;;;;;;;;;;;;;;;;;;;;;;;;;;;;;;;;;;;;;;;;;;;;;;;;;;;;;;;;;;;;;;;;;;;;;;;;;;;;;;;;;;;;;;;;;;;;;;;;;;;;;;;;;;;;;;;;;;;;;;;;;;;;;;;;;;;;;;;;;;;;;;;;;;;;;;;;;;;;;;;;;;;;;;;;;;;0;11.90;15.70;8.60;14.90;15.80;14.00;1989;2112;1495;222;222;1550.90;;;24871600;14.00;;;;;;30.00
1570820400000;2019-10-11T20:00:00.000+0100;;;;;;;;;1.00;196.30;383.20;383.90;383.10;1687.00;1675.00;1674.00;;;;;;;;;;;;;;;;1.0;;;;;;;;;;;;;;;;;;;;;;;;;;;;;;;;;;;;;;;;;;;;50.00;;;;;;;;;;;;;;;;;;;;;;;;;;;;;;;;;;;;;;40.00;55.00;37.00;15.00;;;;57.00;68.00;53.00;;;;;;;;;;;;;;;;;;;;;;;;;;;;;;;;;;;;96.00;94.00;98.00;;;;;;;;;;;;;;;;;;;;;;;1901.900;;;;;;;;;;;;;;;;;;;;;;;;;;;;;;;;;;;;;;;;;;;;;;;;;;;;;;;;;;;;;;;;;;;;;;;;;;;;;;;;;;;;;;;;;;;;;;;;;;;;;;;;;;;;;;;;;;;;;;;;;;;;;;;;;;;;;;;;;;;;;;;;;;;;;;;;;;;;;;;;;;;;;;;;;;;;;;;;;;;;;;;;;;;;;;;;;;;;;;;;;;;;;;;;;;;;;;;;;;;;;;;;;;;;;;;;;;;;;;;;;;;;;;;;;;;;;;;;;;;;;;;;;;;;;;;;;;;;;;;;;;;;;;;;;;;;;;;;;;;;;;;;;;;;;;;;;;;;;;;;;;;;;;;;;;;;;;;;;;;;;;;;;;;;;;;;;;;;;;;;;;;;;;;;;;;;;;;;;;;;;;;;;;;;;;;;;;;;;;;;;;;;;;;;;;;;;;;;;;;;;;;;;;;;;;;;;;;;;;;;;;;;;;;;;;;;;;;;;;0;11.50;14.90;6.80;14.90;16.40;13.70;1921;2118;1189;221;222;1549.70;;;24871920;14.00;;;;;;30.00
1570821000000;2019-10-11T20:10:00.000+0100;;;;;;;;;1.00;197.10;383.80;384.50;383.70;1692.00;1679.00;1679.00;;;;;;;;;;;;;;;;1.0;;;;;;;;;;;;;;;;;;;;;;;;;;;;;;;;;;;;;;;;;;;;50.00;;;;;;;;;;;;;;;;;;;;;;;;;;;;;;;;;;;;;;40.00;55.00;37.00;15.00;;;;57.00;67.00;52.00;;;;;;;;;;;;;;;;;;;;;;;;;;;;;;;;;;;;96.00;93.00;98.00;;;;;;;;;;;;;;;;;;;;;;;1912.600;;;;;;;;;;;;;;;;;;;;;;;;;;;;;;;;;;;;;;;;;;;;;;;;;;;;;;;;;;;;;;;;;;;;;;;;;;;;;;;;;;;;;;;;;;;;;;;;;;;;;;;;;;;;;;;;;;;;;;;;;;;;;;;;;;;;;;;;;;;;;;;;;;;;;;;;;;;;;;;;;;;;;;;;;;;;;;;;;;;;;;;;;;;;;;;;;;;;;;;;;;;;;;;;;;;;;;;;;;;;;;;;;;;;;;;;;;;;;;;;;;;;;;;;;;;;;;;;;;;;;;;;;;;;;;;;;;;;;;;;;;;;;;;;;;;;;;;;;;;;;;;;;;;;;;;;;;;;;;;;;;;;;;;;;;;;;;;;;;;;;;;;;;;;;;;;;;;;;;;;;;;;;;;;;;;;;;;;;;;;;;;;;;;;;;;;;;;;;;;;;;;;;;;;;;;;;;;;;;;;;;;;;;;;;;;;;;;;;;;;;;;;;;;;;;;;;;;;;;0;12.10;16.90;8.20;14.90;16.10;14.00;1928;2116;1189;221;221;1553.00;;;24872242;14.00;;;;;;30.00
1570821600000;2019-10-11T20:20:00.000+0100;;;;;;;;;1.00;197.20;384.40;385.00;384.20;1691.00;1677.00;1679.00;;;;;;;;;;;;;;;;1.0;;;;;;;;;;;;;;;;;;;;;;;;;;;;;;;;;;;;;;;;;;;;50.00;;;;;;;;;;;;;;;;;;;;;;;;;;;;;;;;;;;;;;41.00;55.00;37.00;15.00;;;;57.00;67.00;52.00;;;;;;;;;;;;;;;;;;;;;;;;;;;;;;;;;;;;96.00;94.00;98.00;;;;;;;;;;;;;;;;;;;;;;;1912.400;;;;;;;;;;;;;;;;;;;;;;;;;;;;;;;;;;;;;;;;;;;;;;;;;;;;;;;;;;;;;;;;;;;;;;;;;;;;;;;;;;;;;;;;;;;;;;;;;;;;;;;;;;;;;;;;;;;;;;;;;;;;;;;;;;;;;;;;;;;;;;;;;;;;;;;;;;;;;;;;;;;;;;;;;;;;;;;;;;;;;;;;;;;;;;;;;;;;;;;;;;;;;;;;;;;;;;;;;;;;;;;;;;;;;;;;;;;;;;;;;;;;;;;;;;;;;;;;;;;;;;;;;;;;;;;;;;;;;;;;;;;;;;;;;;;;;;;;;;;;;;;;;;;;;;;;;;;;;;;;;;;;;;;;;;;;;;;;;;;;;;;;;;;;;;;;;;;;;;;;;;;;;;;;;;;;;;;;;;;;;;;;;;;;;;;;;;;;;;;;;;;;;;;;;;;;;;;;;;;;;;;;;;;;;;;;;;;;;;;;;;;;;;;;;;;;;;;;;;0;11.40;16.30;8.50;14.90;16.10;14.00;1930;2117;1441;219;220;1548.50;;;24872562;14.00;;;;;;30.00
1570822200000;2019-10-11T20:30:00.000+0100;;;;;;;;;1.00;197.00;384.20;384.70;383.90;1690.00;1677.00;1677.00;;;;;;;;;;;;;;;;1.0;;;;;;;;;;;;;;;;;;;;;;;;;;;;;;;;;;;;;;;;;;;;50.00;;;;;;;;;;;;;;;;;;;;;;;;;;;;;;;;;;;;;;40.00;55.00;37.00;15.00;;;;57.00;67.00;52.00;;;;;;;;;;;;;;;;;;;;;;;;;;;;;;;;;;;;95.00;93.00;98.00;;;;;;;;;;;;;;;;;;;;;;;1913.600;;;;;;;;;;;;;;;;;;;;;;;;;;;;;;;;;;;;;;;;;;;;;;;;;;;;;;;;;;;;;;;;;;;;;;;;;;;;;;;;;;;;;;;;;;;;;;;;;;;;;;;;;;;;;;;;;;;;;;;;;;;;;;;;;;;;;;;;;;;;;;;;;;;;;;;;;;;;;;;;;;;;;;;;;;;;;;;;;;;;;;;;;;;;;;;;;;;;;;;;;;;;;;;;;;;;;;;;;;;;;;;;;;;;;;;;;;;;;;;;;;;;;;;;;;;;;;;;;;;;;;;;;;;;;;;;;;;;;;;;;;;;;;;;;;;;;;;;;;;;;;;;;;;;;;;;;;;;;;;;;;;;;;;;;;;;;;;;;;;;;;;;;;;;;;;;;;;;;;;;;;;;;;;;;;;;;;;;;;;;;;;;;;;;;;;;;;;;;;;;;;;;;;;;;;;;;;;;;;;;;;;;;;;;;;;;;;;;;;;;;;;;;;;;;;;;;;;;;;0;12.10;16.10;8.10;14.90;16.10;14.00;1928;2116;1140;220;220;1553.90;;;24872884;14.00;;;;;;30.00
1570822800000;2019-10-11T20:40:00.000+0100;;;;;;;;;1.00;203.30;385.10;385.70;384.70;1740.00;1727.00;1727.00;;;;;;;;;;;;;;;;1.0;;;;;;;;;;;;;;;;;;;;;;;;;;;;;;;;;;;;;;;;;;;;50.00;;;;;;;;;;;;;;;;;;;;;;;;;;;;;;;;;;;;;;41.00;55.00;37.00;15.00;;;;57.00;67.00;52.00;;;;;;;;;;;;;;;;;;;;;;;;;;;;;;;;;;;;96.00;94.00;98.00;;;;;;;;;;;;;;;;;;;;;;;1977.700;;;;;;;;;;;;;;;;;;;;;;;;;;;;;;;;;;;;;;;;;;;;;;;;;;;;;;;;;;;;;;;;;;;;;;;;;;;;;;;;;;;;;;;;;;;;;;;;;;;;;;;;;;;;;;;;;;;;;;;;;;;;;;;;;;;;;;;;;;;;;;;;;;;;;;;;;;;;;;;;;;;;;;;;;;;;;;;;;;;;;;;;;;;;;;;;;;;;;;;;;;;;;;;;;;;;;;;;;;;;;;;;;;;;;;;;;;;;;;;;;;;;;;;;;;;;;;;;;;;;;;;;;;;;;;;;;;;;;;;;;;;;;;;;;;;;;;;;;;;;;;;;;;;;;;;;;;;;;;;;;;;;;;;;;;;;;;;;;;;;;;;;;;;;;;;;;;;;;;;;;;;;;;;;;;;;;;;;;;;;;;;;;;;;;;;;;;;;;;;;;;;;;;;;;;;;;;;;;;;;;;;;;;;;;;;;;;;;;;;;;;;;;;;;;;;;;;;;;;0;12.50;17.90;8.00;14.90;16.10;13.70;1989;2116;1383;220;222;1549.70;;;24873216;14.00;;;;;;30.00
1570823400000;2019-10-11T20:50:00.000+0100;;;;;;;;;1.00;204.00;384.60;385.20;384.30;1748.00;1735.00;1734.00;;;;;;;;;;;;;;;;1.0;;;;;;;;;;;;;;;;;;;;;;;;;;;;;;;;;;;;;;;;;;;;50.00;;;;;;;;;;;;;;;;;;;;;;;;;;;;;;;;;;;;;;41.00;55.00;37.00;15.00;;;;57.00;68.00;53.00;;;;;;;;;;;;;;;;;;;;;;;;;;;;;;;;;;;;96.00;94.00;99.00;;;;;;;;;;;;;;;;;;;;;;;1992.700;;;;;;;;;;;;;;;;;;;;;;;;;;;;;;;;;;;;;;;;;;;;;;;;;;;;;;;;;;;;;;;;;;;;;;;;;;;;;;;;;;;;;;;;;;;;;;;;;;;;;;;;;;;;;;;;;;;;;;;;;;;;;;;;;;;;;;;;;;;;;;;;;;;;;;;;;;;;;;;;;;;;;;;;;;;;;;;;;;;;;;;;;;;;;;;;;;;;;;;;;;;;;;;;;;;;;;;;;;;;;;;;;;;;;;;;;;;;;;;;;;;;;;;;;;;;;;;;;;;;;;;;;;;;;;;;;;;;;;;;;;;;;;;;;;;;;;;;;;;;;;;;;;;;;;;;;;;;;;;;;;;;;;;;;;;;;;;;;;;;;;;;;;;;;;;;;;;;;;;;;;;;;;;;;;;;;;;;;;;;;;;;;;;;;;;;;;;;;;;;;;;;;;;;;;;;;;;;;;;;;;;;;;;;;;;;;;;;;;;;;;;;;;;;;;;;;;;;;;0;13.80;18.30;9.50;14.90;16.10;13.70;1996;2113;1646;221;219;1551.50;;;24873548;14.00;;;;;;31.00
1570824000000;2019-10-11T21:00:00.000+0100;;;;;;;;;1.00;204.40;379.50;380.10;379.20;1775.00;1762.00;1761.00;;;;;;;;;;;;;;;;1.0;;;;;;;;;;;;;;;;;;;;;;;;;;;;;;;;;;;;;;;;;;;;50.10;;;;;;;;;;;;;;;;;;;;;;;;;;;;;;;;;;;;;;41.00;55.00;37.00;15.00;;;;58.00;68.00;53.00;;;;;;;;;;;;;;;;;;;;;;;;;;;;;;;;;;;;96.00;94.00;99.00;;;;;;;;;;;;;;;;;;;;;;;1997.400;;;;;;;;;;;;;;;;;;;;;;;;;;;;;;;;;;;;;;;;;;;;;;;;;;;;;;;;;;;;;;;;;;;;;;;;;;;;;;;;;;;;;;;;;;;;;;;;;;;;;;;;;;;;;;;;;;;;;;;;;;;;;;;;;;;;;;;;;;;;;;;;;;;;;;;;;;;;;;;;;;;;;;;;;;;;;;;;;;;;;;;;;;;;;;;;;;;;;;;;;;;;;;;;;;;;;;;;;;;;;;;;;;;;;;;;;;;;;;;;;;;;;;;;;;;;;;;;;;;;;;;;;;;;;;;;;;;;;;;;;;;;;;;;;;;;;;;;;;;;;;;;;;;;;;;;;;;;;;;;;;;;;;;;;;;;;;;;;;;;;;;;;;;;;;;;;;;;;;;;;;;;;;;;;;;;;;;;;;;;;;;;;;;;;;;;;;;;;;;;;;;;;;;;;;;;;;;;;;;;;;;;;;;;;;;;;;;;;;;;;;;;;;;;;;;;;;;;;;0;13.00;16.60;9.60;14.90;15.80;13.70;2000;2111;1693;220;221;1551.20;;;24873882;14.00;;;;;;31.00
1570824600000;2019-10-11T21:10:00.000+0100;;;;;;;;;1.00;200.60;381.70;382.30;381.60;1732.00;1718.00;1721.00;;;;;;;;;;;;;;;;1.0;;;;;;;;;;;;;;;;;;;;;;;;;;;;;;;;;;;;;;;;;;;;50.00;;;;;;;;;;;;;;;;;;;;;;;;;;;;;;;;;;;;;;41.00;55.00;37.00;15.00;;;;58.00;68.00;53.00;;;;;;;;;;;;;;;;;;;;;;;;;;;;;;;;;;;;97.00;94.00;99.00;;;;;;;;;;;;;;;;;;;;;;;1942.700;;;;;;;;;;;;;;;;;;;;;;;;;;;;;;;;;;;;;;;;;;;;;;;;;;;;;;;;;;;;;;;;;;;;;;;;;;;;;;;;;;;;;;;;;;;;;;;;;;;;;;;;;;;;;;;;;;;;;;;;;;;;;;;;;;;;;;;;;;;;;;;;;;;;;;;;;;;;;;;;;;;;;;;;;;;;;;;;;;;;;;;;;;;;;;;;;;;;;;;;;;;;;;;;;;;;;;;;;;;;;;;;;;;;;;;;;;;;;;;;;;;;;;;;;;;;;;;;;;;;;;;;;;;;;;;;;;;;;;;;;;;;;;;;;;;;;;;;;;;;;;;;;;;;;;;;;;;;;;;;;;;;;;;;;;;;;;;;;;;;;;;;;;;;;;;;;;;;;;;;;;;;;;;;;;;;;;;;;;;;;;;;;;;;;;;;;;;;;;;;;;;;;;;;;;;;;;;;;;;;;;;;;;;;;;;;;;;;;;;;;;;;;;;;;;;;;;;;;;0;12.30;17.20;8.40;14.90;16.40;13.70;1964;2120;1196;223;223;1550.60;;;24874210;14.00;;;;;;31.00
1570825200000;2019-10-11T21:20:00.000+0100;;;;;;;;;1.00;194.70;381.40;382.00;381.20;1682.00;1670.00;1669.00;;;;;;;;;;;;;;;;1.0;;;;;;;;;;;;;;;;;;;;;;;;;;;;;;;;;;;;;;;;;;;;50.00;;;;;;;;;;;;;;;;;;;;;;;;;;;;;;;;;;;;;;41.00;55.00;37.00;15.00;;;;58.00;68.00;53.00;;;;;;;;;;;;;;;;;;;;;;;;;;;;;;;;;;;;96.00;94.00;99.00;;;;;;;;;;;;;;;;;;;;;;;1887.000;;;;;;;;;;;;;;;;;;;;;;;;;;;;;;;;;;;;;;;;;;;;;;;;;;;;;;;;;;;;;;;;;;;;;;;;;;;;;;;;;;;;;;;;;;;;;;;;;;;;;;;;;;;;;;;;;;;;;;;;;;;;;;;;;;;;;;;;;;;;;;;;;;;;;;;;;;;;;;;;;;;;;;;;;;;;;;;;;;;;;;;;;;;;;;;;;;;;;;;;;;;;;;;;;;;;;;;;;;;;;;;;;;;;;;;;;;;;;;;;;;;;;;;;;;;;;;;;;;;;;;;;;;;;;;;;;;;;;;;;;;;;;;;;;;;;;;;;;;;;;;;;;;;;;;;;;;;;;;;;;;;;;;;;;;;;;;;;;;;;;;;;;;;;;;;;;;;;;;;;;;;;;;;;;;;;;;;;;;;;;;;;;;;;;;;;;;;;;;;;;;;;;;;;;;;;;;;;;;;;;;;;;;;;;;;;;;;;;;;;;;;;;;;;;;;;;;;;;;0;11.60;17.70;7.50;14.90;15.80;13.70;1905;2117;1039;224;223;1550.90;;;24874528;14.00;;;;;;31.00
1570825800000;2019-10-11T21:30:00.000+0100;;;;;;;;;1.00;200.30;381.20;381.80;381.00;1731.00;1718.00;1718.00;;;;;;;;;;;;;;;;1.0;;;;;;;;;;;;;;;;;;;;;;;;;;;;;;;;;;;;;;;;;;;;50.00;;;;;;;;;;;;;;;;;;;;;;;;;;;;;;;;;;;;;;41.00;55.00;37.00;15.00;;;;58.00;68.00;53.00;;;;;;;;;;;;;;;;;;;;;;;;;;;;;;;;;;;;96.00;94.00;98.00;;;;;;;;;;;;;;;;;;;;;;;1939.000;;;;;;;;;;;;;;;;;;;;;;;;;;;;;;;;;;;;;;;;;;;;;;;;;;;;;;;;;;;;;;;;;;;;;;;;;;;;;;;;;;;;;;;;;;;;;;;;;;;;;;;;;;;;;;;;;;;;;;;;;;;;;;;;;;;;;;;;;;;;;;;;;;;;;;;;;;;;;;;;;;;;;;;;;;;;;;;;;;;;;;;;;;;;;;;;;;;;;;;;;;;;;;;;;;;;;;;;;;;;;;;;;;;;;;;;;;;;;;;;;;;;;;;;;;;;;;;;;;;;;;;;;;;;;;;;;;;;;;;;;;;;;;;;;;;;;;;;;;;;;;;;;;;;;;;;;;;;;;;;;;;;;;;;;;;;;;;;;;;;;;;;;;;;;;;;;;;;;;;;;;;;;;;;;;;;;;;;;;;;;;;;;;;;;;;;;;;;;;;;;;;;;;;;;;;;;;;;;;;;;;;;;;;;;;;;;;;;;;;;;;;;;;;;;;;;;;;;;;0;11.20;14.10;8.40;14.90;16.10;14.00;1960;2115;1157;221;222;1550.00;;;24874854;14.00;;;;;;31.00
1570826400000;2019-10-11T21:40:00.000+0100;;;;;;;;;1.00;200.80;381.60;382.20;381.30;1735.00;1722.00;1720.00;;;;;;;;;;;;;;;;1.0;;;;;;;;;;;;;;;;;;;;;;;;;;;;;;;;;;;;;;;;;;;;50.00;;;;;;;;;;;;;;;;;;;;;;;;;;;;;;;;;;;;;;41.00;55.00;37.00;15.00;;;;58.00;68.00;53.00;;;;;;;;;;;;;;;;;;;;;;;;;;;;;;;;;;;;96.00;94.00;98.00;;;;;;;;;;;;;;;;;;;;;;;1944.400;;;;;;;;;;;;;;;;;;;;;;;;;;;;;;;;;;;;;;;;;;;;;;;;;;;;;;;;;;;;;;;;;;;;;;;;;;;;;;;;;;;;;;;;;;;;;;;;;;;;;;;;;;;;;;;;;;;;;;;;;;;;;;;;;;;;;;;;;;;;;;;;;;;;;;;;;;;;;;;;;;;;;;;;;;;;;;;;;;;;;;;;;;;;;;;;;;;;;;;;;;;;;;;;;;;;;;;;;;;;;;;;;;;;;;;;;;;;;;;;;;;;;;;;;;;;;;;;;;;;;;;;;;;;;;;;;;;;;;;;;;;;;;;;;;;;;;;;;;;;;;;;;;;;;;;;;;;;;;;;;;;;;;;;;;;;;;;;;;;;;;;;;;;;;;;;;;;;;;;;;;;;;;;;;;;;;;;;;;;;;;;;;;;;;;;;;;;;;;;;;;;;;;;;;;;;;;;;;;;;;;;;;;;;;;;;;;;;;;;;;;;;;;;;;;;;;;;;;;0;11.80;15.60;7.90;14.90;15.80;13.70;1965;2120;1445;220;220;1552.10;;;24875180;14.00;;;;;;30.00
1570827000000;2019-10-11T21:50:00.000+0100;;;;;;;;;1.00;193.60;381.50;382.10;381.20;1673.00;1660.00;1659.00;;;;;;;;;;;;;;;;1.0;;;;;;;;;;;;;;;;;;;;;;;;;;;;;;;;;;;;;;;;;;;;50.00;;;;;;;;;;;;;;;;;;;;;;;;;;;;;;;;;;;;;;41.00;55.00;37.00;15.00;;;;58.00;68.00;53.00;;;;;;;;;;;;;;;;;;;;;;;;;;;;;;;;;;;;96.00;94.00;98.00;;;;;;;;;;;;;;;;;;;;;;;1869.600;;;;;;;;;;;;;;;;;;;;;;;;;;;;;;;;;;;;;;;;;;;;;;;;;;;;;;;;;;;;;;;;;;;;;;;;;;;;;;;;;;;;;;;;;;;;;;;;;;;;;;;;;;;;;;;;;;;;;;;;;;;;;;;;;;;;;;;;;;;;;;;;;;;;;;;;;;;;;;;;;;;;;;;;;;;;;;;;;;;;;;;;;;;;;;;;;;;;;;;;;;;;;;;;;;;;;;;;;;;;;;;;;;;;;;;;;;;;;;;;;;;;;;;;;;;;;;;;;;;;;;;;;;;;;;;;;;;;;;;;;;;;;;;;;;;;;;;;;;;;;;;;;;;;;;;;;;;;;;;;;;;;;;;;;;;;;;;;;;;;;;;;;;;;;;;;;;;;;;;;;;;;;;;;;;;;;;;;;;;;;;;;;;;;;;;;;;;;;;;;;;;;;;;;;;;;;;;;;;;;;;;;;;;;;;;;;;;;;;;;;;;;;;;;;;;;;;;;;;0;11.20;15.00;7.30;14.90;16.40;14.00;1895;2116;1118;220;221;1550.00;;;24875496;14.00;;;;;;30.00
1570827600000;2019-10-11T22:00:00.000+0100;;;;;;;;;1.00;203.40;381.70;382.30;381.40;1756.00;1743.00;1742.00;;;;;;;;;;;;;;;;1.0;;;;;;;;;;;;;;;;;;;;;;;;;;;;;;;;;;;;;;;;;;;;50.00;;;;;;;;;;;;;;;;;;;;;;;;;;;;;;;;;;;;;;41.00;55.00;37.00;15.00;;;;58.00;68.00;53.00;;;;;;;;;;;;;;;;;;;;;;;;;;;;;;;;;;;;96.00;94.00;98.00;;;;;;;;;;;;;;;;;;;;;;;1977.700;;;;;;;;;;;;;;;;;;;;;;;;;;;;;;;;;;;;;;;;;;;;;;;;;;;;;;;;;;;;;;;;;;;;;;;;;;;;;;;;;;;;;;;;;;;;;;;;;;;;;;;;;;;;;;;;;;;;;;;;;;;;;;;;;;;;;;;;;;;;;;;;;;;;;;;;;;;;;;;;;;;;;;;;;;;;;;;;;;;;;;;;;;;;;;;;;;;;;;;;;;;;;;;;;;;;;;;;;;;;;;;;;;;;;;;;;;;;;;;;;;;;;;;;;;;;;;;;;;;;;;;;;;;;;;;;;;;;;;;;;;;;;;;;;;;;;;;;;;;;;;;;;;;;;;;;;;;;;;;;;;;;;;;;;;;;;;;;;;;;;;;;;;;;;;;;;;;;;;;;;;;;;;;;;;;;;;;;;;;;;;;;;;;;;;;;;;;;;;;;;;;;;;;;;;;;;;;;;;;;;;;;;;;;;;;;;;;;;;;;;;;;;;;;;;;;;;;;;;0;11.80;14.90;8.30;14.90;16.10;14.00;1991;2117;1403;222;223;1551.80;;;24875828;14.00;;;;;;30.00
1570828200000;2019-10-11T22:10:00.000+0100;;;;;;;;;1.00;194.20;381.00;381.60;380.70;1680.00;1667.00;1666.00;;;;;;;;;;;;;;;;1.0;;;;;;;;;;;;;;;;;;;;;;;;;;;;;;;;;;;;;;;;;;;;50.00;;;;;;;;;;;;;;;;;;;;;;;;;;;;;;;;;;;;;;41.00;55.00;37.00;15.00;;;;58.00;68.00;53.00;;;;;;;;;;;;;;;;;;;;;;;;;;;;;;;;;;;;96.00;94.00;98.00;;;;;;;;;;;;;;;;;;;;;;;1876.700;;;;;;;;;;;;;;;;;;;;;;;;;;;;;;;;;;;;;;;;;;;;;;;;;;;;;;;;;;;;;;;;;;;;;;;;;;;;;;;;;;;;;;;;;;;;;;;;;;;;;;;;;;;;;;;;;;;;;;;;;;;;;;;;;;;;;;;;;;;;;;;;;;;;;;;;;;;;;;;;;;;;;;;;;;;;;;;;;;;;;;;;;;;;;;;;;;;;;;;;;;;;;;;;;;;;;;;;;;;;;;;;;;;;;;;;;;;;;;;;;;;;;;;;;;;;;;;;;;;;;;;;;;;;;;;;;;;;;;;;;;;;;;;;;;;;;;;;;;;;;;;;;;;;;;;;;;;;;;;;;;;;;;;;;;;;;;;;;;;;;;;;;;;;;;;;;;;;;;;;;;;;;;;;;;;;;;;;;;;;;;;;;;;;;;;;;;;;;;;;;;;;;;;;;;;;;;;;;;;;;;;;;;;;;;;;;;;;;;;;;;;;;;;;;;;;;;;;;;0;11.30;14.40;8.10;14.90;16.10;14.00;1901;2121;1328;222;222;1550.60;;;24876144;15.00;;;;;;30.00
1570828800000;2019-10-11T22:20:00.000+0100;;;;;;;;;1.00;200.50;381.40;381.90;381.10;1732.00;1720.00;1720.00;;;;;;;;;;;;;;;;1.0;;;;;;;;;;;;;;;;;;;;;;;;;;;;;;;;;;;;;;;;;;;;50.00;;;;;;;;;;;;;;;;;;;;;;;;;;;;;;;;;;;;;;41.00;55.00;37.00;15.00;;;;58.00;68.00;53.00;;;;;;;;;;;;;;;;;;;;;;;;;;;;;;;;;;;;96.00;93.00;98.00;;;;;;;;;;;;;;;;;;;;;;;1949.800;;;;;;;;;;;;;;;;;;;;;;;;;;;;;;;;;;;;;;;;;;;;;;;;;;;;;;;;;;;;;;;;;;;;;;;;;;;;;;;;;;;;;;;;;;;;;;;;;;;;;;;;;;;;;;;;;;;;;;;;;;;;;;;;;;;;;;;;;;;;;;;;;;;;;;;;;;;;;;;;;;;;;;;;;;;;;;;;;;;;;;;;;;;;;;;;;;;;;;;;;;;;;;;;;;;;;;;;;;;;;;;;;;;;;;;;;;;;;;;;;;;;;;;;;;;;;;;;;;;;;;;;;;;;;;;;;;;;;;;;;;;;;;;;;;;;;;;;;;;;;;;;;;;;;;;;;;;;;;;;;;;;;;;;;;;;;;;;;;;;;;;;;;;;;;;;;;;;;;;;;;;;;;;;;;;;;;;;;;;;;;;;;;;;;;;;;;;;;;;;;;;;;;;;;;;;;;;;;;;;;;;;;;;;;;;;;;;;;;;;;;;;;;;;;;;;;;;;;;0;12.00;14.70;8.80;14.90;16.10;13.70;1963;2116;1173;225;226;1551.20;;;24876472;15.00;;;;;;31.00
1570829400000;2019-10-11T22:30:00.000+0100;;;;;;;;;1.00;199.60;382.20;382.80;381.90;1722.00;1709.00;1710.00;;;;;;;;;;;;;;;;1.0;;;;;;;;;;;;;;;;;;;;;;;;;;;;;;;;;;;;;;;;;;;;50.00;;;;;;;;;;;;;;;;;;;;;;;;;;;;;;;;;;;;;;41.00;55.00;37.00;16.00;;;;58.00;68.00;53.00;;;;;;;;;;;;;;;;;;;;;;;;;;;;;;;;;;;;96.00;94.00;98.00;;;;;;;;;;;;;;;;;;;;;;;1930.500;;;;;;;;;;;;;;;;;;;;;;;;;;;;;;;;;;;;;;;;;;;;;;;;;;;;;;;;;;;;;;;;;;;;;;;;;;;;;;;;;;;;;;;;;;;;;;;;;;;;;;;;;;;;;;;;;;;;;;;;;;;;;;;;;;;;;;;;;;;;;;;;;;;;;;;;;;;;;;;;;;;;;;;;;;;;;;;;;;;;;;;;;;;;;;;;;;;;;;;;;;;;;;;;;;;;;;;;;;;;;;;;;;;;;;;;;;;;;;;;;;;;;;;;;;;;;;;;;;;;;;;;;;;;;;;;;;;;;;;;;;;;;;;;;;;;;;;;;;;;;;;;;;;;;;;;;;;;;;;;;;;;;;;;;;;;;;;;;;;;;;;;;;;;;;;;;;;;;;;;;;;;;;;;;;;;;;;;;;;;;;;;;;;;;;;;;;;;;;;;;;;;;;;;;;;;;;;;;;;;;;;;;;;;;;;;;;;;;;;;;;;;;;;;;;;;;;;;;;0;11.50;15.00;8.40;14.90;15.80;14.00;1954;2117;1091;227;227;1552.40;;;24876796;15.00;;;;;;31.00
1570830000000;2019-10-11T22:40:00.000+0100;;;;;;;;;1.00;200.20;382.40;383.00;382.10;1725.00;1713.00;1711.00;;;;;;;;;;;;;;;;1.0;;;;;;;;;;;;;;;;;;;;;;;;;;;;;;;;;;;;;;;;;;;;50.00;;;;;;;;;;;;;;;;;;;;;;;;;;;;;;;;;;;;;;41.00;55.00;37.00;16.00;;;;58.00;68.00;53.00;;;;;;;;;;;;;;;;;;;;;;;;;;;;;;;;;;;;96.00;94.00;98.00;;;;;;;;;;;;;;;;;;;;;;;1946.800;;;;;;;;;;;;;;;;;;;;;;;;;;;;;;;;;;;;;;;;;;;;;;;;;;;;;;;;;;;;;;;;;;;;;;;;;;;;;;;;;;;;;;;;;;;;;;;;;;;;;;;;;;;;;;;;;;;;;;;;;;;;;;;;;;;;;;;;;;;;;;;;;;;;;;;;;;;;;;;;;;;;;;;;;;;;;;;;;;;;;;;;;;;;;;;;;;;;;;;;;;;;;;;;;;;;;;;;;;;;;;;;;;;;;;;;;;;;;;;;;;;;;;;;;;;;;;;;;;;;;;;;;;;;;;;;;;;;;;;;;;;;;;;;;;;;;;;;;;;;;;;;;;;;;;;;;;;;;;;;;;;;;;;;;;;;;;;;;;;;;;;;;;;;;;;;;;;;;;;;;;;;;;;;;;;;;;;;;;;;;;;;;;;;;;;;;;;;;;;;;;;;;;;;;;;;;;;;;;;;;;;;;;;;;;;;;;;;;;;;;;;;;;;;;;;;;;;;;;0;12.00;14.80;9.00;14.90;16.40;13.70;1959;2116;1237;227;226;1551.50;;;24877124;15.00;;;;;;31.00
1570830600000;2019-10-11T22:50:00.000+0100;;;;;;;;;1.00;197.80;383.50;384.10;383.30;1700.00;1687.00;1687.00;;;;;;;;;;;;;;;;1.0;;;;;;;;;;;;;;;;;;;;;;;;;;;;;;;;;;;;;;;;;;;;50.00;;;;;;;;;;;;;;;;;;;;;;;;;;;;;;;;;;;;;;41.00;55.00;37.00;16.00;;;;58.00;68.00;53.00;;;;;;;;;;;;;;;;;;;;;;;;;;;;;;;;;;;;96.00;94.00;98.00;;;;;;;;;;;;;;;;;;;;;;;1918.300;;;;;;;;;;;;;;;;;;;;;;;;;;;;;;;;;;;;;;;;;;;;;;;;;;;;;;;;;;;;;;;;;;;;;;;;;;;;;;;;;;;;;;;;;;;;;;;;;;;;;;;;;;;;;;;;;;;;;;;;;;;;;;;;;;;;;;;;;;;;;;;;;;;;;;;;;;;;;;;;;;;;;;;;;;;;;;;;;;;;;;;;;;;;;;;;;;;;;;;;;;;;;;;;;;;;;;;;;;;;;;;;;;;;;;;;;;;;;;;;;;;;;;;;;;;;;;;;;;;;;;;;;;;;;;;;;;;;;;;;;;;;;;;;;;;;;;;;;;;;;;;;;;;;;;;;;;;;;;;;;;;;;;;;;;;;;;;;;;;;;;;;;;;;;;;;;;;;;;;;;;;;;;;;;;;;;;;;;;;;;;;;;;;;;;;;;;;;;;;;;;;;;;;;;;;;;;;;;;;;;;;;;;;;;;;;;;;;;;;;;;;;;;;;;;;;;;;;;;0;11.70;16.30;8.20;14.90;15.80;14.00;1936;2116;982;227;227;1550.90;;;24877446;15.00;;;;;;31.00
1570831200000;2019-10-11T23:00:00.000+0100;;;;;;;;;1.00;201.60;383.50;384.10;383.20;1732.00;1719.00;1719.00;;;;;;;;;;;;;;;;1.0;;;;;;;;;;;;;;;;;;;;;;;;;;;;;;;;;;;;;;;;;;;;50.00;;;;;;;;;;;;;;;;;;;;;;;;;;;;;;;;;;;;;;41.00;55.00;37.00;16.00;;;;58.00;68.00;53.00;;;;;;;;;;;;;;;;;;;;;;;;;;;;;;;;;;;;96.00;94.00;98.00;;;;;;;;;;;;;;;;;;;;;;;1957.200;;;;;;;;;;;;;;;;;;;;;;;;;;;;;;;;;;;;;;;;;;;;;;;;;;;;;;;;;;;;;;;;;;;;;;;;;;;;;;;;;;;;;;;;;;;;;;;;;;;;;;;;;;;;;;;;;;;;;;;;;;;;;;;;;;;;;;;;;;;;;;;;;;;;;;;;;;;;;;;;;;;;;;;;;;;;;;;;;;;;;;;;;;;;;;;;;;;;;;;;;;;;;;;;;;;;;;;;;;;;;;;;;;;;;;;;;;;;;;;;;;;;;;;;;;;;;;;;;;;;;;;;;;;;;;;;;;;;;;;;;;;;;;;;;;;;;;;;;;;;;;;;;;;;;;;;;;;;;;;;;;;;;;;;;;;;;;;;;;;;;;;;;;;;;;;;;;;;;;;;;;;;;;;;;;;;;;;;;;;;;;;;;;;;;;;;;;;;;;;;;;;;;;;;;;;;;;;;;;;;;;;;;;;;;;;;;;;;;;;;;;;;;;;;;;;;;;;;;;0;11.80;15.60;8.90;14.90;16.10;14.00;1973;2119;1528;228;229;1550.60;;;24877776;15.00;;;;;;31.00
1570831800000;2019-10-11T23:10:00.000+0100;;;;;;;;;1.00;200.40;382.30;382.90;382.00;1728.00;1715.00;1715.00;;;;;;;;;;;;;;;;1.0;;;;;;;;;;;;;;;;;;;;;;;;;;;;;;;;;;;;;;;;;;;;50.00;;;;;;;;;;;;;;;;;;;;;;;;;;;;;;;;;;;;;;41.00;55.00;37.00;16.00;;;;58.00;69.00;53.00;;;;;;;;;;;;;;;;;;;;;;;;;;;;;;;;;;;;96.00;94.00;98.00;;;;;;;;;;;;;;;;;;;;;;;1943.900;;;;;;;;;;;;;;;;;;;;;;;;;;;;;;;;;;;;;;;;;;;;;;;;;;;;;;;;;;;;;;;;;;;;;;;;;;;;;;;;;;;;;;;;;;;;;;;;;;;;;;;;;;;;;;;;;;;;;;;;;;;;;;;;;;;;;;;;;;;;;;;;;;;;;;;;;;;;;;;;;;;;;;;;;;;;;;;;;;;;;;;;;;;;;;;;;;;;;;;;;;;;;;;;;;;;;;;;;;;;;;;;;;;;;;;;;;;;;;;;;;;;;;;;;;;;;;;;;;;;;;;;;;;;;;;;;;;;;;;;;;;;;;;;;;;;;;;;;;;;;;;;;;;;;;;;;;;;;;;;;;;;;;;;;;;;;;;;;;;;;;;;;;;;;;;;;;;;;;;;;;;;;;;;;;;;;;;;;;;;;;;;;;;;;;;;;;;;;;;;;;;;;;;;;;;;;;;;;;;;;;;;;;;;;;;;;;;;;;;;;;;;;;;;;;;;;;;;;;0;11.60;15.40;8.10;14.90;16.10;14.00;1962;2120;1224;229;228;1551.80;;;24878102;15.00;;;;;;31.00
1570832400000;2019-10-11T23:20:00.000+0100;;;;;;;;;1.00;199.40;381.70;382.20;381.30;1722.00;1708.00;1709.00;;;;;;;;;;;;;;;;1.0;;;;;;;;;;;;;;;;;;;;;;;;;;;;;;;;;;;;;;;;;;;;50.00;;;;;;;;;;;;;;;;;;;;;;;;;;;;;;;;;;;;;;41.00;55.00;37.00;16.00;;;;58.00;69.00;53.00;;;;;;;;;;;;;;;;;;;;;;;;;;;;;;;;;;;;96.00;94.00;98.00;;;;;;;;;;;;;;;;;;;;;;;1930.300;;;;;;;;;;;;;;;;;;;;;;;;;;;;;;;;;;;;;;;;;;;;;;;;;;;;;;;;;;;;;;;;;;;;;;;;;;;;;;;;;;;;;;;;;;;;;;;;;;;;;;;;;;;;;;;;;;;;;;;;;;;;;;;;;;;;;;;;;;;;;;;;;;;;;;;;;;;;;;;;;;;;;;;;;;;;;;;;;;;;;;;;;;;;;;;;;;;;;;;;;;;;;;;;;;;;;;;;;;;;;;;;;;;;;;;;;;;;;;;;;;;;;;;;;;;;;;;;;;;;;;;;;;;;;;;;;;;;;;;;;;;;;;;;;;;;;;;;;;;;;;;;;;;;;;;;;;;;;;;;;;;;;;;;;;;;;;;;;;;;;;;;;;;;;;;;;;;;;;;;;;;;;;;;;;;;;;;;;;;;;;;;;;;;;;;;;;;;;;;;;;;;;;;;;;;;;;;;;;;;;;;;;;;;;;;;;;;;;;;;;;;;;;;;;;;;;;;;;;0;11.30;14.40;8.50;14.90;16.10;14.00;1951;2113;1301;226;225;1551.80;;;24878428;15.00;;;;;;31.00
1570833000000;2019-10-11T23:30:00.000+0100;;;;;;;;;1.00;199.90;381.20;381.70;380.80;1729.00;1716.00;1716.00;;;;;;;;;;;;;;;;1.0;;;;;;;;;;;;;;;;;;;;;;;;;;;;;;;;;;;;;;;;;;;;50.00;;;;;;;;;;;;;;;;;;;;;;;;;;;;;;;;;;;;;;41.00;55.00;37.00;16.00;;;;58.00;69.00;53.00;;;;;;;;;;;;;;;;;;;;;;;;;;;;;;;;;;;;96.00;94.00;98.00;;;;;;;;;;;;;;;;;;;;;;;1935.600;;;;;;;;;;;;;;;;;;;;;;;;;;;;;;;;;;;;;;;;;;;;;;;;;;;;;;;;;;;;;;;;;;;;;;;;;;;;;;;;;;;;;;;;;;;;;;;;;;;;;;;;;;;;;;;;;;;;;;;;;;;;;;;;;;;;;;;;;;;;;;;;;;;;;;;;;;;;;;;;;;;;;;;;;;;;;;;;;;;;;;;;;;;;;;;;;;;;;;;;;;;;;;;;;;;;;;;;;;;;;;;;;;;;;;;;;;;;;;;;;;;;;;;;;;;;;;;;;;;;;;;;;;;;;;;;;;;;;;;;;;;;;;;;;;;;;;;;;;;;;;;;;;;;;;;;;;;;;;;;;;;;;;;;;;;;;;;;;;;;;;;;;;;;;;;;;;;;;;;;;;;;;;;;;;;;;;;;;;;;;;;;;;;;;;;;;;;;;;;;;;;;;;;;;;;;;;;;;;;;;;;;;;;;;;;;;;;;;;;;;;;;;;;;;;;;;;;;;;0;11.40;13.80;8.40;14.90;16.10;14.00;1956;2114;1447;227;227;1551.20;;;24878754;15.00;;;;;;31.00
1570833600000;2019-10-11T23:40:00.000+0100;;;;;;;;;1.00;202.20;381.20;381.70;380.80;1748.00;1735.00;1735.00;;;;;;;;;;;;;;;;1.0;;;;;;;;;;;;;;;;;;;;;;;;;;;;;;;;;;;;;;;;;;;;50.00;;;;;;;;;;;;;;;;;;;;;;;;;;;;;;;;;;;;;;41.00;55.00;37.00;16.00;;;;58.00;69.00;53.00;;;;;;;;;;;;;;;;;;;;;;;;;;;;;;;;;;;;96.00;94.00;98.00;;;;;;;;;;;;;;;;;;;;;;;1968.000;;;;;;;;;;;;;;;;;;;;;;;;;;;;;;;;;;;;;;;;;;;;;;;;;;;;;;;;;;;;;;;;;;;;;;;;;;;;;;;;;;;;;;;;;;;;;;;;;;;;;;;;;;;;;;;;;;;;;;;;;;;;;;;;;;;;;;;;;;;;;;;;;;;;;;;;;;;;;;;;;;;;;;;;;;;;;;;;;;;;;;;;;;;;;;;;;;;;;;;;;;;;;;;;;;;;;;;;;;;;;;;;;;;;;;;;;;;;;;;;;;;;;;;;;;;;;;;;;;;;;;;;;;;;;;;;;;;;;;;;;;;;;;;;;;;;;;;;;;;;;;;;;;;;;;;;;;;;;;;;;;;;;;;;;;;;;;;;;;;;;;;;;;;;;;;;;;;;;;;;;;;;;;;;;;;;;;;;;;;;;;;;;;;;;;;;;;;;;;;;;;;;;;;;;;;;;;;;;;;;;;;;;;;;;;;;;;;;;;;;;;;;;;;;;;;;;;;;;;0;12.20;15.80;8.90;14.90;16.10;13.70;1979;2122;1270;231;229;1550.90;;;24879082;15.00;;;;;;31.00
1570834200000;2019-10-11T23:50:00.000+0100;;;;;;;;;1.00;202.80;382.50;383.00;382.20;1748.00;1734.00;1735.00;;;;;;;;;;;;;;;;1.0;;;;;;;;;;;;;;;;;;;;;;;;;;;;;;;;;;;;;;;;;;;;50.00;;;;;;;;;;;;;;;;;;;;;;;;;;;;;;;;;;;;;;41.00;55.00;37.00;16.00;;;;58.00;69.00;54.00;;;;;;;;;;;;;;;;;;;;;;;;;;;;;;;;;;;;96.00;94.00;99.00;;;;;;;;;;;;;;;;;;;;;;;1974.700;;;;;;;;;;;;;;;;;;;;;;;;;;;;;;;;;;;;;;;;;;;;;;;;;;;;;;;;;;;;;;;;;;;;;;;;;;;;;;;;;;;;;;;;;;;;;;;;;;;;;;;;;;;;;;;;;;;;;;;;;;;;;;;;;;;;;;;;;;;;;;;;;;;;;;;;;;;;;;;;;;;;;;;;;;;;;;;;;;;;;;;;;;;;;;;;;;;;;;;;;;;;;;;;;;;;;;;;;;;;;;;;;;;;;;;;;;;;;;;;;;;;;;;;;;;;;;;;;;;;;;;;;;;;;;;;;;;;;;;;;;;;;;;;;;;;;;;;;;;;;;;;;;;;;;;;;;;;;;;;;;;;;;;;;;;;;;;;;;;;;;;;;;;;;;;;;;;;;;;;;;;;;;;;;;;;;;;;;;;;;;;;;;;;;;;;;;;;;;;;;;;;;;;;;;;;;;;;;;;;;;;;;;;;;;;;;;;;;;;;;;;;;;;;;;;;;;;;;;0;12.60;16.40;9.40;14.90;16.10;13.70;1984;2111;1527;229;229;1551.80;;;24879414;15.00;;;;;;31.00
