Timestamp;DateTime;T Generatorkuehlluft;T Gear Bearing Temperatur HS-ROT;T Wellenlager;Scheinleistung;U ac;I ac;Operation Mode;Turmauslenkung;Grid Production CosPhi (avg);Blindleistung;Spannung L1-N;Spannung L2-N;Spannung L3-N;Strom L1;Strom L2;Strom L3;Pitch Angle 1 (avg);Gondelumdrehung;Generatordrehzahl;DC Modules;Windabweichung 1 sek;Pitch Angle 2 (avg);Pitch Angle 3 (avg);Blattwinkel 1 (Soll);Blattwinkel 2 (Soll);Blattwinkel 3 (Soll);cos phi (Soll);n-Soll 1;n-Soll 2;Drehmoment;Drehmoment (Soll);Max. Operatingstate;Gondelbild;Windabweichung 10 sek;Schnelllaufzahl;Digital 1;Digital 2;Leistungsschalter Zuschaltungen;Triebstr.beschleunigung;Turmbeschleunigung;Anlagenzustand;Gear Bearing High Speed Shaft Generator Temperature (avg);Hydraulikvordruck;T.1(202);T.2(205);T.3(208);T.4(211);T.5(214);T.6(217);T.7(220);T.8(224);T.9(227);T.10(231);T.11(234);Int.Temp.;T.Sub1(202);T.Sub2(205);T.Sub3(208);T.Sub4(211);T.Sub5(214);T.Sub6(217);T.Sub7(220);T.Sub8(224);T.Sub9(227);T.Sub10(231);T.Sub11(234);Intern T.Sub;Windg. 1+2;T. SAMI;A.Ein(236);A.Ein(239);A.Ein(242);A.Ein(245);A.Aus(400);A.Aus(404);Netz Freq.;Grid voltage;Drehstromsteller Soll;Deviation Wind Direction To Nacelle Direction (avg);Leistungsmittelwert 5 Sek;Leistungsmittelwert 30 Sek;zugeschaltete Blindleistung;Leistungsklasse;Zustand Blatt;Anzahl Komp. Stufen;T Stator;Subtotal Energy Generator 1;Subtotal Energy Generator 2;Subtotal Production Time Generator 1;Subtotal Production Time Generator 2;Subtotal Availability Total Hours;Subtotal Availability Total Error;Subtotal Availability;Subtotal Wind Average;Subtotal Wind Maximum;Subtotal Availability Wind OK Hours;Subtotal Availability Braked Hours;Subtotal Availability External Error Hours;Subtotal Availability Grid Error Hours;Total Energy Generator 1;Total Energy Generator 2;Total Production Time Generator 1;Total Production Time Generator 2;Total Availability Total Hours;Total Availability Total Error;Total Availability;Total Wind Average;Total Wind Maximum;Total Availability Wind OK Hours;Total Availability Braked Hours;Total Availability External Error Hours;Total Availability Grid Error Hours;Blattwinkel;T Hydraulic Oil;T Gear Oil;T Generator Cooling Water;T Spin;Generator Slip Ring Top Temperature (avg);FreeForReuse;T Spin Slip Ring;High Voltage Trafo Phase 1 Temperature (avg);High Voltage Trafo Phase 2 Temperature (avg);High Voltage Trafo Phase 3 Temperature (avg);Event;Event Modul;Air Pressure;Niederschlag;Wingeschwindigkeit (Extern);Windrichtungsabweichung Max;Windrichtungsabweichung Min;Windrichtungsabweichung (Extern);Generatordrehzahl Max;Generatordrehzahl Min;Blindleistung Max;Blindleistung Min;Netzspannung Max;Netzspannung Min;Netzstrom;Netzstrom Max;Netzstrom Min;Statorstrom;Blattwinkel Durchschnitt;Blattwinkel Max;Blattwinkel Min;Leistung Bezug;Scheinleistung Bezug;Scheinleistung Bezug Max;Active Power Reference Value;Reactive Power Reference Value;Schwingungssensor 1 X Achse Max;Schwingungssensor 1 Y Achse Max;Schwingungssensor 2 X Achse Max;Schwingungssensor 2 Y Achse Max;Energie Produktion;Energie Bezug;Blindenergie Produktion;Blindenergie Bezug;Gondelposition Sensor;Statortemperatur L1;Statortemperatur L2;Statortemperatur L3;Blatt1 Motortemperatur;Blatt2 Motortemperatur;Blatt3 Motortemperatur;Umrichter (Generator zu Gleich) Temperatur;Umrichter (Gleich zu Netz) Temperatur;Produktionsstunden;Bezugszaehler;Setpoint frequenzy;t (Total);t (Produktionsbetrieb);t (Innerhalb Windgrenzen);Setpoint voltage;Produktion Zaehler-Lebenszeit kWh;Exported active energy;Exported active energy (red. op-mode);Setpoint in percent;Setpoint active power in percent;Internal setpoint max power;Internal setpoint stop WTG;Internal setpoint start WTG;Betriebsstunden Gen. 1;Betriebsstunden Gen. 2;Grid Possible Power (avg);Air Density;Max. Grid Active Power (Setpoint);Min. Grid Active Power (Setpoint);Max. Possible Grid Active Power (Setpoint);Full Power Operation Time;Power Reduced Operation Time;Min. Operatingstate;Wind Speed 2;Wind Speed 3;Wind Direction 2;Relative Humidity;T Generator Bearing DE;T Generator Bearing NDE;Radiation Module [W/m2];Radiation Horizontal [W/m2];Module Temperature;Wind Speed 4;Wind Speed 5;Wind Speed 6;Wind Speed 7;Wind Speed 8;Wind Direction 3;Wind Direction 4;Temperature Outside 2;Availability Wind Sensor 1;Availability Wind Sensor 2;Active Wind Sector In Period LaPM / Boost);Sector Angle Begin In Period (LaPM / Boost);Sector Angle End In Period (LaPM / Boost);Sector Time In Period (LaPM / Boost);Wind Direction Leading To Power Management (LaPM / Boost);Number Of Currently Main Wind Sensor;Active Wind Sensor;Relative Wind Direction (avg);Relative Wind Direction (min);Relative Wind Direction (max);Relative Wind Direction (stddev);Relative Wind Direction Sensor 1 (avg);Relative Wind Direction Sensor 1 (min);Relative Wind Direction Sensor 1 (max);Relative Wind Direction Sensor 1 (stddev);Relative Wind Direction Sensor 2 (avg);Relative Wind Direction Sensor 2 (min);Relative Wind Direction Sensor 2 (max);Relative Wind Direction Sensor 2 (stddev);Estimated Wind Speed (avg);Estimated Wind Speed (min);Estimated Wind Speed (max);Estimated Wind Speed (stddev);Wind Speed (stddev);Wind Speed Sensor 1 (avg);Wind Speed Sensor 1 (min);Wind Speed Sensor 1 (max);Wind Speed Sensor 1 (stddev);Wind Speed Sensor 2 (avg);Wind Speed Sensor 2 (min);Wind Speed Sensor 2 (max);Wind Speed Sensor 2 (stddev);Pitch Angle 1 (min);Pitch Angle 1 (max);Pitch Angle 1 (stddev);Ground Controller Temperature (avg);Ground Controller Temperature (min);Ground Controller Temperature (max);Ground Controller Temperature (std);Hub Controller Temperature (avg);Hub Controller Temperature (min);Hub Controller Temperature (max);Hub Controller Temperature (stddev);Top Controller Temperature (avg);Top Controller Temperature (min);Top Controller Temperature (max);Top Controller Temperature (stddev);VCP Choke Coil Temperature (avg);VCP Choke Coil Temperature (min);VCP Choke Coil Temperature (max);VCP Choke Coil Temperature (stddev);VCP Temperature (avg);VCP Temperature (min);VCP Temperature (max);VCP Temperature (stddev);VCP Wtr Temperatur (avg);VCP Wtr Temperatur (min);VCP Wtr Temperatur (max);VCP Wtr Temperatur (stddev);Gear Bearing Temperature A (avg);Gear Bearing Temperature A (min);Gear Bearing Temperature A (max);Gear Bearing Temperature A (stddev);Gear Bearing Temperature B (avg);Gear Bearing Temperature B (min);Gear Bearing Temperature B (max);Fermenter Niveau;Fermenter Druck;Fermenter ph-Wert;Fermenter Redoxpotential;Fermenter Temperatur 1;Fermenter Gasanalyse CO2;Fermenter Gasanalyse H2S;Fermenter Gasanalyse CH4;Fermenter Gasanalyse O2;Fermenter TS-Gehalt;Fermenter oTS-Gehalt;Fermenter1 Niveau;Fermenter1 Druck;Fermenter1 ph-Wert;Fermenter1 Redoxpotential;Fermenter1 Temperatur 1;Fermenter1 Gasanalyse CO2;Fermenter1 Gasanalyse H2S;Fermenter1 Gasanalyse CH4;Fermenter1 Gasanalyse O2;Fermenter1 TS-Gehalt;Fermenter1 oTS-Gehalt;Fermenter2 Niveau;Fermenter2 Druck;Fermenter2 ph-Wert;Fermenter2 Redoxpotential;Fermenter2 Temperatur 1;Fermenter2 Gasanalyse CO2;Fermenter2 Gasanalyse H2S;Fermenter2 Gasanalyse CH4;Fermenter2 Gasanalyse O2;Fermenter2 TS-Gehalt;Fermenter2 oTS-Gehalt;Fermenter3 Niveau;Fermenter3 Druck;Fermenter3 ph-Wert;Fermenter3 Redoxpotential;Fermenter3 Temperatur 1;Fermenter3 Gasanalyse CO2;Fermenter3 Gasanalyse H2S;Fermenter3 Gasanalyse CH4;Fermenter3 Gasanalyse O2;Fermenter3 TS-Gehalt;Fermenter3 oTS-Gehalt;Fermenter4 Niveau;Fermenter4 Druck;Fermenter4 ph-Wert;Fermenter4 Redoxpotential;Fermenter4 Temperatur 1;Fermenter4 Gasanalyse CO2;Fermenter4 Gasanalyse H2S;Fermenter4 Gasanalyse CH4;Fermenter4 Gasanalyse O2;Fermenter4 TS-Gehalt;Fermenter4 oTS-Gehalt;Fermenter5 Niveau;Fermenter5 Druck;Fermenter5 ph-Wert;Fermenter5 Redoxpotential;Fermenter5 Temperatur 1;Fermenter5 Gasanalyse CO2;Fermenter5 Gasanalyse H2S;Fermenter5 Gasanalyse CH4;Fermenter5 Gasanalyse O2;Fermenter5 TS-Gehalt;Fermenter5 oTS-Gehalt;Nachgaerer Niveau;Nachgaerer Kopfdruckmessung;Nachgaerer Temperatur 1;Nachgaerer TS-Gehalt;Nachgaerer oTS-Gehalt;Nachgaerer1 Niveau;Nachgaerer1 Kopfdruckmessung;Nachgaerer1 Temperatur 1;Nachgaerer1 TS-Gehalt;Nachgaerer1 oTS-Gehalt;Nachgaerer2 Niveau;Nachgaerer2 Kopfdruckmessung;Nachgaerer2 Temperatur 1;Nachgaerer2 TS-Gehalt;Nachgaerer2 oTS-Gehalt;Nachgaerer3 Niveau;Nachgaerer3 Kopfdruckmessung;Nachgaerer3 Temperatur 1;Nachgaerer3 TS-Gehalt;Nachgaerer3 oTS-Gehalt;Nachgaerer4 Niveau;Nachgaerer4 Kopfdruckmessung;Nachgaerer4 Temperatur 1;Nachgaerer4 TS-Gehalt;Nachgaerer4 oTS-Gehalt;Nachgaerer5 Niveau;Nachgaerer5 Kopfdruckmessung;Nachgaerer5 Temperatur 1;Nachgaerer5 TS-Gehalt;Nachgaerer5 oTS-Gehalt;Rohstofflager Fuellstand;Rohstofflager TS-Gehalt;Rohstofflager oTS-Gehalt;Gasspeicher Fuellstand 1;Gasspeicher Gasdruck;Gasspeicher Temperatur;Gasspeicher1 Fuellstand 1;Gasspeicher1 Gasdruck;Gasspeicher1 Temperatur;Gasspeicher2 Fuellstand 1;Gasspeicher2 Gasdruck;Gasspeicher2 Temperatur;Gasspeicher3 Fuellstand 1;Gasspeicher3 Gasdruck;Gasspeicher3 Temperatur;Gasspeicher4 Fuellstand 1;Gasspeicher4 Gasdruck;Gasspeicher4 Temperatur;Gasspeicher5 Fuellstand 1;Gasspeicher5 Gasdruck;Gasspeicher5 Temperatur;BHKW Leistung;BHKW Gasdurchfluss;BHKW Vorlauftemperatur Fermenter;BHKW Ruecklauftemperatur Fermenter;BHKW Gasanalyse CO2;BHKW Gasanalyse H2S;BHKW Gasanalyse O2;BHKW Gasanalyse CH4;BHKW Gasanalyse H2;BHKW1 Leistung;BHKW1 Gasdurchfluss;BHKW1 Vorlauftemperatur Fermenter;BHKW1 Ruecklauftemperatur Fermenter;BHKW1 Gasanalyse CO2;BHKW1 Gasanalyse H2S;BHKW1 Gasanalyse O2;BHKW1 Gasanalyse CH4;BHKW1 Gasanalyse H2;BHKW2 Leistung;BHKW2 Gasdurchfluss;BHKW2 Vorlauftemperatur Fermenter;BHKW2 Ruecklauftemperatur Fermenter;BHKW2 Gasanalyse CO2;BHKW2 Gasanalyse H2S;BHKW2 Gasanalyse O2;BHKW2 Gasanalyse CH4;BHKW2 Gasanalyse H2;BHKW3 Leistung;BHKW3 Gasdurchfluss;BHKW3 Vorlauftemperatur Fermenter;BHKW3 Ruecklauftemperatur Fermenter;BHKW3 Gasanalyse CO2;BHKW3 Gasanalyse H2S;BHKW3 Gasanalyse O2;BHKW3 Gasanalyse CH4;BHKW3 Gasanalyse H2;BHKW4 Leistung;BHKW4 Gasdurchfluss;BHKW4 Vorlauftemperatur Fermenter;BHKW4 Ruecklauftemperatur Fermenter;BHKW4 Gasanalyse CO2;BHKW4 Gasanalyse H2S;BHKW4 Gasanalyse O2;BHKW4 Gasanalyse CH4;BHKW4 Gasanalyse H2;BHKW5 Leistung;BHKW5 Gasdurchfluss;BHKW5 Vorlauftemperatur Fermenter;BHKW5 Ruecklauftemperatur Fermenter;BHKW5 Gasanalyse CO2;BHKW5 Gasanalyse H2S;BHKW5 Gasanalyse O2;BHKW5 Gasanalyse CH4;BHKW5 Gasanalyse H2;ZM-Pumpe Druckmessung;ZM-Pumpe Temperatur;ZM-Pumpe Durchflussmessung;Durchflussmenge;Leitapparat;Oberpegel;Pegel;BHKW Gesamtleistungsbezug Eigenbedarf;BHKW Gasverbrauch heute;BHKW Gasverbrauch gesamt;Fuellstand Vorgrube;Niederschlag max;Niederschlag min;T Mittelspannungstrafo Windung U ;T Mittelspannungstrafo Windung V;T Mittelspannungstrafo Windung W ;T Mittelspannungstrafo Umbegung;Ice Level;External setpoint power factor;Free For Reuse;Water Flow Rate;Upstream Water Level;Downstream Water Level;Weir Water Level;Setpoint power from grid operator;Setpoint power from direct marketer;Setpoint power from customer;Vmin;Vmax;Vout;Iout;%Wout;Freq;%Cap;Vbat;TupsC;%VAout;Setpoint active power controller;Wind Average of Running plants;Gear Bearing Temperature B (stddev);Gear Bearing Temperature C (avg);Gear Bearing Temperature C (min);Gear Bearing Temperature C (max);Gear Bearing Temperature C (stddev);Gear Bearing Hollow Shaft Generator Temperature (avg);Gear Bearing Hollow Shaft Generator Temperature (min);Gear Bearing Hollow Shaft Generator Temperature (max);Gear Bearing Hollow Shaft Generator Temperature (stddev);Gear Bearing Hollow Shaft Rotor Temperature (avg);Gear Bearing Hollow Shaft Rotor Temperature (min);Gear Bearing Hollow Shaft Rotor Temperature (max);Gear Bearing Hollow Shaft Rotor Temperature (stddev);Gear Bearing High Speed Generator Temperature (min);Gear Bearing High Speed Generator Temperature (max);Gear Bearing High Speed Generator Temperature (stddev);Gear Bearing High Speed Middle Temperature (avg);Gear Bearing High Speed Middle Temperature (min);Gear Bearing High Speed Middle Temperature (max);Gear Bearing High Speed Middle Temperature (stddev);Gear Bearing High Speed Rotor Temperature (avg);Gear Bearing High Speed Rotor Temperature (min);Gear Bearing High Speed Rotor Temperature (max);Gear Bearing High Speed Rotor Temperature (stddev);Gear Bearing Intermediate Shaft 1 Temperature (avg);Gear Bearing Intermediate Shaft 1 Temperature (min);Gear Bearing Intermediate Shaft 1 Temperature (max);Gear Bearing Intermediate Shaft 1 Temperature (stddev);Gear Bearing Intermediate Shaft 2 Temperature (avg);Gear Bearing Intermediate Shaft 2 Temperature (min);Gear Bearing Intermediate Shaft 2 Temperature (max);Gear Bearing Intermediate Shaft 2 Temperature (stddev);Gear Bearing Intermediate Shaft 3 Temperature (avg);Gear Bearing Intermediate Shaft 3 Temperature (min);Gear Bearing Intermediate Shaft 3 Temperature (max);Gear Bearing Intermediate Shaft 3 Temperature (stddev);Gear Cooling Water Temperature (avg);Gear Cooling Water Temperature (min);Gear Cooling Water Temperature (max);Gear Cooling Water Temperature (stddev);Gear Lubrication Oil Temperature (avg);Gear Lubrication Oil Temperature (min);Gear Lubrication Oil Temperature (max);Gear Lubrication Oil Temperature (stddev);Gear Main Bearing Temperature (avg);Gear Main Bearing Temperature (min);Gear Main Bearing Temperature (max);Gear Main Bearing Temperature (stddev);Gear Main Tank Oil Temperature (avg);Gear Main Tank Oil Temperature (min);Gear Main Tank Oil Temperature (max);Gear Main Tank Oil Temperature (stddev);Gear Oil Inlet Temperature (avg);Gear Oil Inlet Temperature (min);Gear Oil Inlet Temperature (max);Gear Oil Inlet Temperature (stddev);Generator RPM (min);Generator RPM (max);Generator RPM (stddev);Generator Slip Ring Top Temperature (min);Generator Slip Ring Top Temperature (max);Generator Slip Ring Top Temperature (stddev);Grid Busbar Temperature (avg);Grid Busbar Temperature (min);Grid Busbar Temperature (max);Grid Busbar Temperature (stddev);Grid Production CosPhi (min);Grid Production CosPhi (max);Grid Production CosPhi (stddev);Grid Possible Power (min);Grid Possible Power (max);Grid Possible Power (stddev);Grid Produced Power Internal Derate State;Grid Produced Power Internal Derate Time;Grid Produced Power Standard Deviation;Grid Rotor (Inverter) Phase 1 Current (avg);Grid Rotor (Inverter) Phase 1 Current (min);Grid Rotor (Inverter) Phase 1 Current (max);Grid Rotor (Inverter) Phase 1 Current (stddec);Grid Rotor (Inverter) Phase 1 Temperature (avg);Grid Rotor (Inverter) Phase 2 Current (avg);Grid Rotor (Inverter) Phase 2 Current (min);Grid Rotor (Inverter) Phase 2 Current (max);Grid Rotor (Inverter) Phase 2 Current (stddev);Grid Rotor (Inverter) Phase 2 Temperature (avg);Grid Rotor (Inverter) Phase 2 Temperature (min);Grid Rotor (Inverter) Phase 2 Temperature (max);Grid Rotor (Inverter) Phase 2 Temperature (stddev);Grid Rotor (Inverter) Phase 3 Current (avg);Grid Rotor (Inverter) Phase 3 Current (min);Grid Rotor (Inverter) Phase 3 Current (max);Grid Rotor (Inverter) Phase 3 Current (stddev);Grid Rotor (Inverter) Phase 3 Temperature (avg);Grid Rotor (Inverter) Phase 3 Temperature (min);Grid Rotor (Inverter) Phase 3 Temperature (max);Grid Rotor (Inverter) Phase 3 Temperature (stddev);Active Power Reference Value (min);Active Power Reference Value (max);Active Power Setting Source;Reactive Power Setting Source;VCRS Chopper Temperature (avg);High Voltage Trafo Air Outlet Temperature (avg);High Voltage Trafo Core Temperature 1 (avg);High Voltage Trafo Core Temperature 1 (min);High Voltage Trafo Core Temperature 1 (max);High Voltage Trafo Core Temperature 1 (stddev);High Voltage Trafo Core Temperature 2 (avg);High Voltage Trafo Core Temperature 2 (min);High Voltage Trafo Core Temperature 2 (max);High Voltage Trafo Core Temperature 2 (stddev);High Voltage Trafo Phase 1 Temperature (min);High Voltage Trafo Phase 1 Temperature (max);High Voltage Trafo Phase 1 Temperature (stddev);High Voltage Trafo Phase 2 Temperature (min);High Voltage Trafo Phase 2 Temperature (max);High Voltage Trafo Phase 2 Temperature (stddev);High Voltage Trafo Phase 3 Temperature (min);High Voltage Trafo Phase 3 Temperature (max);High Voltage Trafo Phase 3 Temperature (stddev);Nacelle Damper Temperature (avg);Nacelle Damper Temperature (min);Nacelle Damper Temperature (max);Nacelle Damper Temperature (stddev);Rotor RPM (stddev);First Active Alarm Parameter 1;First Active Alarm Parameter 2;Tower Acceleration X Axis;Tower Acceleration Y Axis;Yaw Motors Temperature (avg);Yaw Motors Temperature (min);Yaw Motors Temperature (max);Yaw Motors Temperature (stddev);High Voltage Trafo Phase 1 Core Temperature (avg);High Voltage Trafo Phase 1 Core Temperature (min);High Voltage Trafo Phase 1 Core Temperature (max);High Voltage Trafo Phase 1 Core Temperature (stddev);High Voltage Trafo Phase 2 Core Temperature (avg);High Voltage Trafo Phase 2 Core Temperature (min);High Voltage Trafo Phase 2 Core Temperature (max);High Voltage Trafo Phase 2 Core Temperature (stddev);High Voltage Trafo Phase 3 Core Temperature (avg);High Voltage Trafo Phase 3 Core Temperature (min);High Voltage Trafo Phase 3 Core Temperature (max);High Voltage Trafo Phase 3 Core Temperature (stddev);PowerBoost gain (absolute) [kWh];Nacelle Orientation (max) [degrees];Nacelle Orientation (min) [degrees];Regulator power reference [kW];DMI power demand [kW];Utility power demand [kW];Visibility Range (avg);Visibility Range (min);Visibility Range (max);T Outside Ground Level (avg);Calculated By ROTORsoft;Fehlernummer;Windgeschwindigkeit;Windgeschwindigkeit Max;Windgeschwindigkeit Min;Rotor RPM (avg);Rotor RPM (max);Rotor RPM (min);Leistung;Leistung Max;Leistung Min;Gondelposition;Windrichtung;Generator RPM (avg);Stop Fault;Schwingung;Produktion Zaehler;T Outside Nacelle Level (avg);T Gen1;T Gen2;T Getriebe;T Lager A;T Lager B;T Inside Nacelle (avg)
1393369200000;2014-02-26T00:00:00.000+0100;;54.00;;;;;;;1.00;19.70;378.20;379.20;378.60;395.00;391.00;392.00;;;;;;;;;;;;;;;;;;;;;;;;;;;;;;;;;;;;;;;;;;;;;;;;;;;;;;;;;;;;50.10;;;;;;;;;;;;;;;;;;;;;;;;;;;;;;;;;;;;;;33.00;46.00;33.00;10.00;;;;29.00;31.00;29.00;;;;;;;;;;;;;;;;;;;;;;;;;;;;;;;;;;;;59.00;58.00;59.00;;;;;;;;;;;;;;;;;;;;;;;;;;;;;;;;;;;;;;;;;;;;;;;;;;;;;;;;;;;;;;;;;;;;;;;;;;;;;;;;;;;;;;;;;;;;;;;;;;;;;;;;;;;;;;;;;;;;;;;;;;;;;;;;;;;;;;;;;;;;;;;;;;;;;;;;;;;;;;;;;;;;;;;;;;;;;;;;;;;;;;;;;;;;;;;;;;;;;;;;;;;;;;;;;;;;;;;;;;;;;;;;;;;;;;;;;;;;;;;;;;;;;;;;;;;;;;;;;;;;;;;;;;;;;;;;;;;;;;;;;;;;;;;;;;;;;;;;;;;;;;;;;;;;;;;;;;;;;;;;;;;;;;;;;;;;;;;;;;;;;;;;;;;;;;;;;;;;;;;;;;;;;;;;;;;;;;;;;;;;;;;;;;;;;;;;;;;;;;;;;;;;;;;;;;;;;;;;;;;;;;;;;;;;;;;;;;;;;;;;;;;;;;;;;;;;;;;;;;;;;;;;;;;;;;;;;;;;;;;;;0;5.40;8.60;3.00;10.20;13.50;8.70;444;846;272;157;160;1060.90;;;;7.00;;;;29.00;29.00;22.00
1393369800000;2014-02-26T00:10:00.000+0100;;57.00;;;;;;;1.00;24.00;377.80;378.80;378.20;479.00;475.00;476.00;;;;;;;;;;;;;;;;;;;;;;;;;;;;;;;;;;;;;;;;;;;;;;;;;;;;;;;;;;;;50.00;;;;;;;;;;;;;;;;;;;;;;;;;;;;;;;;;;;;;;34.00;47.00;34.00;10.00;;;;29.00;32.00;29.00;;;;;;;;;;;;;;;;;;;;;;;;;;;;;;;;;;;;62.00;62.00;63.00;;;;;;;;;;;;;;;;;;;;;;;;;;;;;;;;;;;;;;;;;;;;;;;;;;;;;;;;;;;;;;;;;;;;;;;;;;;;;;;;;;;;;;;;;;;;;;;;;;;;;;;;;;;;;;;;;;;;;;;;;;;;;;;;;;;;;;;;;;;;;;;;;;;;;;;;;;;;;;;;;;;;;;;;;;;;;;;;;;;;;;;;;;;;;;;;;;;;;;;;;;;;;;;;;;;;;;;;;;;;;;;;;;;;;;;;;;;;;;;;;;;;;;;;;;;;;;;;;;;;;;;;;;;;;;;;;;;;;;;;;;;;;;;;;;;;;;;;;;;;;;;;;;;;;;;;;;;;;;;;;;;;;;;;;;;;;;;;;;;;;;;;;;;;;;;;;;;;;;;;;;;;;;;;;;;;;;;;;;;;;;;;;;;;;;;;;;;;;;;;;;;;;;;;;;;;;;;;;;;;;;;;;;;;;;;;;;;;;;;;;;;;;;;;;;;;;;;;;;;;;;;;;;;;;;;;;;;;;;;;;0;6.30;10.00;1.70;12.40;15.10;8.60;541;908;158;159;156;1293.90;;;;7.00;;;;29.00;29.00;21.00
1393370400000;2014-02-26T00:20:00.000+0100;;56.00;;;;;;;1.00;14.70;376.70;377.90;377.20;297.00;295.00;293.00;;;;;;;;;;;;;;;;;;;;;;;;;;;;;;;;;;;;;;;;;;;;;;;;;;;;;;;;;;;;50.00;;;;;;;;;;;;;;;;;;;;;;;;;;;;;;;;;;;;;;34.00;47.00;34.00;10.00;;;;29.00;32.00;29.00;;;;;;;;;;;;;;;;;;;;;;;;;;;;;;;;;;;;62.00;61.00;62.00;;;;;;;;;;;;;;;;;;;;;;;;;;;;;;;;;;;;;;;;;;;;;;;;;;;;;;;;;;;;;;;;;;;;;;;;;;;;;;;;;;;;;;;;;;;;;;;;;;;;;;;;;;;;;;;;;;;;;;;;;;;;;;;;;;;;;;;;;;;;;;;;;;;;;;;;;;;;;;;;;;;;;;;;;;;;;;;;;;;;;;;;;;;;;;;;;;;;;;;;;;;;;;;;;;;;;;;;;;;;;;;;;;;;;;;;;;;;;;;;;;;;;;;;;;;;;;;;;;;;;;;;;;;;;;;;;;;;;;;;;;;;;;;;;;;;;;;;;;;;;;;;;;;;;;;;;;;;;;;;;;;;;;;;;;;;;;;;;;;;;;;;;;;;;;;;;;;;;;;;;;;;;;;;;;;;;;;;;;;;;;;;;;;;;;;;;;;;;;;;;;;;;;;;;;;;;;;;;;;;;;;;;;;;;;;;;;;;;;;;;;;;;;;;;;;;;;;;;;;;;;;;;;;;;;;;;;;;;;;;;0;5.00;8.60;2.30;10.10;13.80;8.50;333;754;144;158;161;1050.60;;;;7.00;;;;29.00;30.00;22.00
1393371000000;2014-02-26T00:30:00.000+0100;;54.00;;;;;;;1.00;10.30;377.10;378.30;377.70;208.00;205.00;204.00;;;;;;;;;;;;;;;;;;;;;;;;;;;;;;;;;;;;;;;;;;;;;;;;;;;;;;;;;;;;50.00;;;;;;;;;;;;;;;;;;;;;;;;;;;;;;;;;;;;;;34.00;46.00;33.00;10.00;;;;29.00;31.00;28.00;;;;;;;;;;;;;;;;;;;;;;;;;;;;;;;;;;;;60.00;60.00;61.00;;;;;;;;;;;;;;;;;;;;;;;;;;;;;;;;;;;;;;;;;;;;;;;;;;;;;;;;;;;;;;;;;;;;;;;;;;;;;;;;;;;;;;;;;;;;;;;;;;;;;;;;;;;;;;;;;;;;;;;;;;;;;;;;;;;;;;;;;;;;;;;;;;;;;;;;;;;;;;;;;;;;;;;;;;;;;;;;;;;;;;;;;;;;;;;;;;;;;;;;;;;;;;;;;;;;;;;;;;;;;;;;;;;;;;;;;;;;;;;;;;;;;;;;;;;;;;;;;;;;;;;;;;;;;;;;;;;;;;;;;;;;;;;;;;;;;;;;;;;;;;;;;;;;;;;;;;;;;;;;;;;;;;;;;;;;;;;;;;;;;;;;;;;;;;;;;;;;;;;;;;;;;;;;;;;;;;;;;;;;;;;;;;;;;;;;;;;;;;;;;;;;;;;;;;;;;;;;;;;;;;;;;;;;;;;;;;;;;;;;;;;;;;;;;;;;;;;;;;;;;;;;;;;;;;;;;;;;;;;;;0;4.60;6.80;2.50;9.30;10.60;8.50;232;356;91;156;151;966.50;;;;7.00;;;;29.00;30.00;22.00
1393371600000;2014-02-26T00:40:00.000+0100;;55.00;;;;;;;1.00;19.10;377.10;378.20;377.60;383.00;379.00;380.00;;;;;;;;;;;;;;;;;;;;;;;;;;;;;;;;;;;;;;;;;;;;;;;;;;;;;;;;;;;;50.00;;;;;;;;;;;;;;;;;;;;;;;;;;;;;;;;;;;;;;34.00;46.00;33.00;10.00;;;;28.00;31.00;28.00;;;;;;;;;;;;;;;;;;;;;;;;;;;;;;;;;;;;61.00;60.00;61.00;;;;;;;;;;;;;;;;;;;;;;;;;;;;;;;;;;;;;;;;;;;;;;;;;;;;;;;;;;;;;;;;;;;;;;;;;;;;;;;;;;;;;;;;;;;;;;;;;;;;;;;;;;;;;;;;;;;;;;;;;;;;;;;;;;;;;;;;;;;;;;;;;;;;;;;;;;;;;;;;;;;;;;;;;;;;;;;;;;;;;;;;;;;;;;;;;;;;;;;;;;;;;;;;;;;;;;;;;;;;;;;;;;;;;;;;;;;;;;;;;;;;;;;;;;;;;;;;;;;;;;;;;;;;;;;;;;;;;;;;;;;;;;;;;;;;;;;;;;;;;;;;;;;;;;;;;;;;;;;;;;;;;;;;;;;;;;;;;;;;;;;;;;;;;;;;;;;;;;;;;;;;;;;;;;;;;;;;;;;;;;;;;;;;;;;;;;;;;;;;;;;;;;;;;;;;;;;;;;;;;;;;;;;;;;;;;;;;;;;;;;;;;;;;;;;;;;;;;;;;;;;;;;;;;;;;;;;;;;;;;0;5.90;9.70;2.80;11.20;13.10;8.90;430;671;202;145;145;1160.60;;;;7.00;;;;29.00;30.00;21.00
1393372200000;2014-02-26T00:50:00.000+0100;;55.00;;;;;;;1.00;16.00;376.90;378.20;377.40;321.00;318.00;318.00;;;;;;;;;;;;;;;;;;;;;;;;;;;;;;;;;;;;;;;;;;;;;;;;;;;;;;;;;;;;50.00;;;;;;;;;;;;;;;;;;;;;;;;;;;;;;;;;;;;;;34.00;46.00;34.00;10.00;;;;28.00;30.00;28.00;;;;;;;;;;;;;;;;;;;;;;;;;;;;;;;;;;;;61.00;60.00;62.00;;;;;;;;;;;;;;;;;;;;;;;;;;;;;;;;;;;;;;;;;;;;;;;;;;;;;;;;;;;;;;;;;;;;;;;;;;;;;;;;;;;;;;;;;;;;;;;;;;;;;;;;;;;;;;;;;;;;;;;;;;;;;;;;;;;;;;;;;;;;;;;;;;;;;;;;;;;;;;;;;;;;;;;;;;;;;;;;;;;;;;;;;;;;;;;;;;;;;;;;;;;;;;;;;;;;;;;;;;;;;;;;;;;;;;;;;;;;;;;;;;;;;;;;;;;;;;;;;;;;;;;;;;;;;;;;;;;;;;;;;;;;;;;;;;;;;;;;;;;;;;;;;;;;;;;;;;;;;;;;;;;;;;;;;;;;;;;;;;;;;;;;;;;;;;;;;;;;;;;;;;;;;;;;;;;;;;;;;;;;;;;;;;;;;;;;;;;;;;;;;;;;;;;;;;;;;;;;;;;;;;;;;;;;;;;;;;;;;;;;;;;;;;;;;;;;;;;;;;;;;;;;;;;;;;;;;;;;;;;;;0;5.00;10.30;2.10;10.00;12.80;8.40;361;726;91;149;150;1039.40;;;;6.00;;;;29.00;30.00;21.00
1393372800000;2014-02-26T01:00:00.000+0100;;54.00;;;;;;;1.00;13.20;377.70;378.90;378.20;264.00;261.00;261.00;;;;;;;;;;;;;;;;;;;;;;;;;;;;;;;;;;;;;;;;;;;;;;;;;;;;;;;;;;;;50.00;;;;;;;;;;;;;;;;;;;;;;;;;;;;;;;;;;;;;;33.00;46.00;33.00;10.00;;;;28.00;30.00;27.00;;;;;;;;;;;;;;;;;;;;;;;;;;;;;;;;;;;;60.00;59.00;61.00;;;;;;;;;;;;;;;;;;;;;;;;;;;;;;;;;;;;;;;;;;;;;;;;;;;;;;;;;;;;;;;;;;;;;;;;;;;;;;;;;;;;;;;;;;;;;;;;;;;;;;;;;;;;;;;;;;;;;;;;;;;;;;;;;;;;;;;;;;;;;;;;;;;;;;;;;;;;;;;;;;;;;;;;;;;;;;;;;;;;;;;;;;;;;;;;;;;;;;;;;;;;;;;;;;;;;;;;;;;;;;;;;;;;;;;;;;;;;;;;;;;;;;;;;;;;;;;;;;;;;;;;;;;;;;;;;;;;;;;;;;;;;;;;;;;;;;;;;;;;;;;;;;;;;;;;;;;;;;;;;;;;;;;;;;;;;;;;;;;;;;;;;;;;;;;;;;;;;;;;;;;;;;;;;;;;;;;;;;;;;;;;;;;;;;;;;;;;;;;;;;;;;;;;;;;;;;;;;;;;;;;;;;;;;;;;;;;;;;;;;;;;;;;;;;;;;;;;;;;;;;;;;;;;;;;;;;;;;;;;;0;4.70;7.90;2.50;9.40;11.10;8.50;297;481;127;155;152;978.70;;;;6.00;;;;29.00;30.00;21.00
1393373400000;2014-02-26T01:10:00.000+0100;;54.00;;;;;;;1.00;15.90;378.00;379.20;378.50;320.00;317.00;316.00;;;;;;;;;;;;;;;;;;;;;;;;;;;;;;;;;;;;;;;;;;;;;;;;;;;;;;;;;;;;50.00;;;;;;;;;;;;;;;;;;;;;;;;;;;;;;;;;;;;;;33.00;46.00;33.00;10.00;;;;27.00;30.00;27.00;;;;;;;;;;;;;;;;;;;;;;;;;;;;;;;;;;;;60.00;59.00;60.00;;;;;;;;;;;;;;;;;;;;;;;;;;;;;;;;;;;;;;;;;;;;;;;;;;;;;;;;;;;;;;;;;;;;;;;;;;;;;;;;;;;;;;;;;;;;;;;;;;;;;;;;;;;;;;;;;;;;;;;;;;;;;;;;;;;;;;;;;;;;;;;;;;;;;;;;;;;;;;;;;;;;;;;;;;;;;;;;;;;;;;;;;;;;;;;;;;;;;;;;;;;;;;;;;;;;;;;;;;;;;;;;;;;;;;;;;;;;;;;;;;;;;;;;;;;;;;;;;;;;;;;;;;;;;;;;;;;;;;;;;;;;;;;;;;;;;;;;;;;;;;;;;;;;;;;;;;;;;;;;;;;;;;;;;;;;;;;;;;;;;;;;;;;;;;;;;;;;;;;;;;;;;;;;;;;;;;;;;;;;;;;;;;;;;;;;;;;;;;;;;;;;;;;;;;;;;;;;;;;;;;;;;;;;;;;;;;;;;;;;;;;;;;;;;;;;;;;;;;;;;;;;;;;;;;;;;;;;;;;;;0;5.40;9.60;2.70;10.40;12.80;8.80;360;555;177;151;146;1083.00;;;;6.00;;;;29.00;30.00;22.00
1393374000000;2014-02-26T01:20:00.000+0100;;56.00;;;;;;;1.00;23.00;378.90;380.10;379.30;460.00;457.00;456.00;;;;;;;;;;;;;;;;;;;;;;;;;;;;;;;;;;;;;;;;;;;;;;;;;;;;;;;;;;;;50.00;;;;;;;;;;;;;;;;;;;;;;;;;;;;;;;;;;;;;;33.00;46.00;34.00;10.00;;;;27.00;30.00;27.00;;;;;;;;;;;;;;;;;;;;;;;;;;;;;;;;;;;;62.00;61.00;62.00;;;;;;;;;;;;;;;;;;;;;;;;;;;;;;;;;;;;;;;;;;;;;;;;;;;;;;;;;;;;;;;;;;;;;;;;;;;;;;;;;;;;;;;;;;;;;;;;;;;;;;;;;;;;;;;;;;;;;;;;;;;;;;;;;;;;;;;;;;;;;;;;;;;;;;;;;;;;;;;;;;;;;;;;;;;;;;;;;;;;;;;;;;;;;;;;;;;;;;;;;;;;;;;;;;;;;;;;;;;;;;;;;;;;;;;;;;;;;;;;;;;;;;;;;;;;;;;;;;;;;;;;;;;;;;;;;;;;;;;;;;;;;;;;;;;;;;;;;;;;;;;;;;;;;;;;;;;;;;;;;;;;;;;;;;;;;;;;;;;;;;;;;;;;;;;;;;;;;;;;;;;;;;;;;;;;;;;;;;;;;;;;;;;;;;;;;;;;;;;;;;;;;;;;;;;;;;;;;;;;;;;;;;;;;;;;;;;;;;;;;;;;;;;;;;;;;;;;;;;;;;;;;;;;;;;;;;;;;;;;;0;6.50;11.10;3.00;12.20;14.50;9.90;520;843;246;138;137;1271.40;;;;6.00;;;;29.00;30.00;21.00
1393374600000;2014-02-26T01:30:00.000+0100;;56.00;;;;;;;1.00;14.30;378.20;379.30;378.60;287.00;284.00;284.00;;;;;;;;;;;;;;;;;;;;;;;;;;;;;;;;;;;;;;;;;;;;;;;;;;;;;;;;;;;;50.00;;;;;;;;;;;;;;;;;;;;;;;;;;;;;;;;;;;;;;34.00;46.00;34.00;10.00;;;;27.00;30.00;27.00;;;;;;;;;;;;;;;;;;;;;;;;;;;;;;;;;;;;62.00;61.00;63.00;;;;;;;;;;;;;;;;;;;;;;;;;;;;;;;;;;;;;;;;;;;;;;;;;;;;;;;;;;;;;;;;;;;;;;;;;;;;;;;;;;;;;;;;;;;;;;;;;;;;;;;;;;;;;;;;;;;;;;;;;;;;;;;;;;;;;;;;;;;;;;;;;;;;;;;;;;;;;;;;;;;;;;;;;;;;;;;;;;;;;;;;;;;;;;;;;;;;;;;;;;;;;;;;;;;;;;;;;;;;;;;;;;;;;;;;;;;;;;;;;;;;;;;;;;;;;;;;;;;;;;;;;;;;;;;;;;;;;;;;;;;;;;;;;;;;;;;;;;;;;;;;;;;;;;;;;;;;;;;;;;;;;;;;;;;;;;;;;;;;;;;;;;;;;;;;;;;;;;;;;;;;;;;;;;;;;;;;;;;;;;;;;;;;;;;;;;;;;;;;;;;;;;;;;;;;;;;;;;;;;;;;;;;;;;;;;;;;;;;;;;;;;;;;;;;;;;;;;;;;;;;;;;;;;;;;;;;;;;;;;0;5.40;9.10;2.50;10.50;12.80;9.00;323;511;125;136;139;1094.30;;;;5.00;;;;28.00;30.00;21.00
1393375200000;2014-02-26T01:40:00.000+0100;;57.00;;;;;;;1.00;21.00;378.00;379.10;378.40;421.00;418.00;418.00;;;;;;;;;;;;;;;;;;;;;;;;;;;;;;;;;;;;;;;;;;;;;;;;;;;;;;;;;;;;50.00;;;;;;;;;;;;;;;;;;;;;;;;;;;;;;;;;;;;;;34.00;47.00;34.00;10.00;;;;27.00;29.00;27.00;;;;;;;;;;;;;;;;;;;;;;;;;;;;;;;;;;;;63.00;63.00;64.00;;;;;;;;;;;;;;;;;;;;;;;;;;;;;;;;;;;;;;;;;;;;;;;;;;;;;;;;;;;;;;;;;;;;;;;;;;;;;;;;;;;;;;;;;;;;;;;;;;;;;;;;;;;;;;;;;;;;;;;;;;;;;;;;;;;;;;;;;;;;;;;;;;;;;;;;;;;;;;;;;;;;;;;;;;;;;;;;;;;;;;;;;;;;;;;;;;;;;;;;;;;;;;;;;;;;;;;;;;;;;;;;;;;;;;;;;;;;;;;;;;;;;;;;;;;;;;;;;;;;;;;;;;;;;;;;;;;;;;;;;;;;;;;;;;;;;;;;;;;;;;;;;;;;;;;;;;;;;;;;;;;;;;;;;;;;;;;;;;;;;;;;;;;;;;;;;;;;;;;;;;;;;;;;;;;;;;;;;;;;;;;;;;;;;;;;;;;;;;;;;;;;;;;;;;;;;;;;;;;;;;;;;;;;;;;;;;;;;;;;;;;;;;;;;;;;;;;;;;;;;;;;;;;;;;;;;;;;;;;;;0;6.80;9.50;3.00;12.90;14.80;10.20;475;810;191;131;127;1347.90;;;;5.00;;;;28.00;31.00;21.00
1393375800000;2014-02-26T01:50:00.000+0100;;58.00;;;;;;;1.00;20.30;377.80;378.90;378.20;407.00;404.00;404.00;;;;;;;;;;;;;;;;;;;;;;;;;;;;;;;;;;;;;;;;;;;;;;;;;;;;;;;;;;;;50.00;;;;;;;;;;;;;;;;;;;;;;;;;;;;;;;;;;;;;;34.00;47.00;34.00;10.00;;;;27.00;29.00;27.00;;;;;;;;;;;;;;;;;;;;;;;;;;;;;;;;;;;;64.00;64.00;65.00;;;;;;;;;;;;;;;;;;;;;;;;;;;;;;;;;;;;;;;;;;;;;;;;;;;;;;;;;;;;;;;;;;;;;;;;;;;;;;;;;;;;;;;;;;;;;;;;;;;;;;;;;;;;;;;;;;;;;;;;;;;;;;;;;;;;;;;;;;;;;;;;;;;;;;;;;;;;;;;;;;;;;;;;;;;;;;;;;;;;;;;;;;;;;;;;;;;;;;;;;;;;;;;;;;;;;;;;;;;;;;;;;;;;;;;;;;;;;;;;;;;;;;;;;;;;;;;;;;;;;;;;;;;;;;;;;;;;;;;;;;;;;;;;;;;;;;;;;;;;;;;;;;;;;;;;;;;;;;;;;;;;;;;;;;;;;;;;;;;;;;;;;;;;;;;;;;;;;;;;;;;;;;;;;;;;;;;;;;;;;;;;;;;;;;;;;;;;;;;;;;;;;;;;;;;;;;;;;;;;;;;;;;;;;;;;;;;;;;;;;;;;;;;;;;;;;;;;;;;;;;;;;;;;;;;;;;;;;;;;;0;6.50;10.00;3.40;12.40;14.20;10.80;459;665;261;125;124;1290.30;;;;5.00;;;;28.00;31.00;21.00
1393376400000;2014-02-26T02:00:00.000+0100;;57.00;;;;;;;1.00;15.50;377.70;378.80;378.10;310.00;307.00;307.00;;;;;;;;;;;;;;;;;;;;;;;;;;;;;;;;;;;;;;;;;;;;;;;;;;;;;;;;;;;;50.00;;;;;;;;;;;;;;;;;;;;;;;;;;;;;;;;;;;;;;34.00;47.00;34.00;10.00;;;;27.00;29.00;26.00;;;;;;;;;;;;;;;;;;;;;;;;;;;;;;;;;;;;64.00;63.00;65.00;;;;;;;;;;;;;;;;;;;;;;;;;;;;;;;;;;;;;;;;;;;;;;;;;;;;;;;;;;;;;;;;;;;;;;;;;;;;;;;;;;;;;;;;;;;;;;;;;;;;;;;;;;;;;;;;;;;;;;;;;;;;;;;;;;;;;;;;;;;;;;;;;;;;;;;;;;;;;;;;;;;;;;;;;;;;;;;;;;;;;;;;;;;;;;;;;;;;;;;;;;;;;;;;;;;;;;;;;;;;;;;;;;;;;;;;;;;;;;;;;;;;;;;;;;;;;;;;;;;;;;;;;;;;;;;;;;;;;;;;;;;;;;;;;;;;;;;;;;;;;;;;;;;;;;;;;;;;;;;;;;;;;;;;;;;;;;;;;;;;;;;;;;;;;;;;;;;;;;;;;;;;;;;;;;;;;;;;;;;;;;;;;;;;;;;;;;;;;;;;;;;;;;;;;;;;;;;;;;;;;;;;;;;;;;;;;;;;;;;;;;;;;;;;;;;;;;;;;;;;;;;;;;;;;;;;;;;;;;;;;0;5.70;8.70;2.40;10.90;12.90;9.30;349;557;136;130;132;1139.80;;;;5.00;;;;28.00;32.00;21.00
1393377000000;2014-02-26T02:10:00.000+0100;;56.00;;;;;;;1.00;21.00;377.60;378.70;378.00;422.00;418.00;419.00;;;;;;;;;;;;;;;;;;;;;;;;;;;;;;;;;;;;;;;;;;;;;;;;;;;;;;;;;;;;50.00;;;;;;;;;;;;;;;;;;;;;;;;;;;;;;;;;;;;;;34.00;47.00;34.00;9.00;;;;27.00;29.00;26.00;;;;;;;;;;;;;;;;;;;;;;;;;;;;;;;;;;;;64.00;64.00;65.00;;;;;;;;;;;;;;;;;;;;;;;;;;;;;;;;;;;;;;;;;;;;;;;;;;;;;;;;;;;;;;;;;;;;;;;;;;;;;;;;;;;;;;;;;;;;;;;;;;;;;;;;;;;;;;;;;;;;;;;;;;;;;;;;;;;;;;;;;;;;;;;;;;;;;;;;;;;;;;;;;;;;;;;;;;;;;;;;;;;;;;;;;;;;;;;;;;;;;;;;;;;;;;;;;;;;;;;;;;;;;;;;;;;;;;;;;;;;;;;;;;;;;;;;;;;;;;;;;;;;;;;;;;;;;;;;;;;;;;;;;;;;;;;;;;;;;;;;;;;;;;;;;;;;;;;;;;;;;;;;;;;;;;;;;;;;;;;;;;;;;;;;;;;;;;;;;;;;;;;;;;;;;;;;;;;;;;;;;;;;;;;;;;;;;;;;;;;;;;;;;;;;;;;;;;;;;;;;;;;;;;;;;;;;;;;;;;;;;;;;;;;;;;;;;;;;;;;;;;;;;;;;;;;;;;;;;;;;;;;;;0;6.50;9.70;3.40;12.30;14.40;9.80;475;727;157;131;129;1281.80;;;;5.00;;;;28.00;32.00;21.00
1393377600000;2014-02-26T02:20:00.000+0100;;58.00;;;;;;;1.00;22.10;378.70;379.80;379.20;440.00;437.00;438.00;;;;;;;;;;;;;;;;;;;;;;;;;;;;;;;;;;;;;;;;;;;;;;;;;;;;;;;;;;;;50.00;;;;;;;;;;;;;;;;;;;;;;;;;;;;;;;;;;;;;;34.00;48.00;34.00;9.00;;;;27.00;29.00;26.00;;;;;;;;;;;;;;;;;;;;;;;;;;;;;;;;;;;;65.00;65.00;66.00;;;;;;;;;;;;;;;;;;;;;;;;;;;;;;;;;;;;;;;;;;;;;;;;;;;;;;;;;;;;;;;;;;;;;;;;;;;;;;;;;;;;;;;;;;;;;;;;;;;;;;;;;;;;;;;;;;;;;;;;;;;;;;;;;;;;;;;;;;;;;;;;;;;;;;;;;;;;;;;;;;;;;;;;;;;;;;;;;;;;;;;;;;;;;;;;;;;;;;;;;;;;;;;;;;;;;;;;;;;;;;;;;;;;;;;;;;;;;;;;;;;;;;;;;;;;;;;;;;;;;;;;;;;;;;;;;;;;;;;;;;;;;;;;;;;;;;;;;;;;;;;;;;;;;;;;;;;;;;;;;;;;;;;;;;;;;;;;;;;;;;;;;;;;;;;;;;;;;;;;;;;;;;;;;;;;;;;;;;;;;;;;;;;;;;;;;;;;;;;;;;;;;;;;;;;;;;;;;;;;;;;;;;;;;;;;;;;;;;;;;;;;;;;;;;;;;;;;;;;;;;;;;;;;;;;;;;;;;;;;;0;6.60;9.20;3.60;12.50;14.40;10.00;498;730;261;126;125;1297.60;;;;4.00;;;;28.00;33.00;20.00
1393378200000;2014-02-26T02:30:00.000+0100;;57.00;;;;;;;1.00;17.30;378.60;379.70;379.00;346.00;343.00;343.00;;;;;;;;;;;;;;;;;;;;;;;;;;;;;;;;;;;;;;;;;;;;;;;;;;;;;;;;;;;;50.00;;;;;;;;;;;;;;;;;;;;;;;;;;;;;;;;;;;;;;34.00;47.00;34.00;9.00;;;;26.00;29.00;26.00;;;;;;;;;;;;;;;;;;;;;;;;;;;;;;;;;;;;65.00;64.00;65.00;;;;;;;;;;;;;;;;;;;;;;;;;;;;;;;;;;;;;;;;;;;;;;;;;;;;;;;;;;;;;;;;;;;;;;;;;;;;;;;;;;;;;;;;;;;;;;;;;;;;;;;;;;;;;;;;;;;;;;;;;;;;;;;;;;;;;;;;;;;;;;;;;;;;;;;;;;;;;;;;;;;;;;;;;;;;;;;;;;;;;;;;;;;;;;;;;;;;;;;;;;;;;;;;;;;;;;;;;;;;;;;;;;;;;;;;;;;;;;;;;;;;;;;;;;;;;;;;;;;;;;;;;;;;;;;;;;;;;;;;;;;;;;;;;;;;;;;;;;;;;;;;;;;;;;;;;;;;;;;;;;;;;;;;;;;;;;;;;;;;;;;;;;;;;;;;;;;;;;;;;;;;;;;;;;;;;;;;;;;;;;;;;;;;;;;;;;;;;;;;;;;;;;;;;;;;;;;;;;;;;;;;;;;;;;;;;;;;;;;;;;;;;;;;;;;;;;;;;;;;;;;;;;;;;;;;;;;;;;;;;0;6.10;9.00;3.40;11.50;12.90;8.90;390;739;159;126;127;1199.80;;;;4.00;;;;28.00;33.00;20.00
1393378800000;2014-02-26T02:40:00.000+0100;;58.00;;;;;;;1.00;27.90;378.20;379.20;378.60;558.00;554.00;556.00;;;;;;;;;;;;;;;;;;;;;;;;;;;;;;;;;;;;;;;;;;;;;;;;;;;;;;;;;;;;50.00;;;;;;;;;;;;;;;;;;;;;;;;;;;;;;;;;;;;;;34.00;48.00;34.00;9.00;;;;26.00;29.00;26.00;;;;;;;;;;;;;;;;;;;;;;;;;;;;;;;;;;;;66.00;66.00;67.00;;;;;;;;;;;;;;;;;;;;;;;;;;;;;;;;;;;;;;;;;;;;;;;;;;;;;;;;;;;;;;;;;;;;;;;;;;;;;;;;;;;;;;;;;;;;;;;;;;;;;;;;;;;;;;;;;;;;;;;;;;;;;;;;;;;;;;;;;;;;;;;;;;;;;;;;;;;;;;;;;;;;;;;;;;;;;;;;;;;;;;;;;;;;;;;;;;;;;;;;;;;;;;;;;;;;;;;;;;;;;;;;;;;;;;;;;;;;;;;;;;;;;;;;;;;;;;;;;;;;;;;;;;;;;;;;;;;;;;;;;;;;;;;;;;;;;;;;;;;;;;;;;;;;;;;;;;;;;;;;;;;;;;;;;;;;;;;;;;;;;;;;;;;;;;;;;;;;;;;;;;;;;;;;;;;;;;;;;;;;;;;;;;;;;;;;;;;;;;;;;;;;;;;;;;;;;;;;;;;;;;;;;;;;;;;;;;;;;;;;;;;;;;;;;;;;;;;;;;;;;;;;;;;;;;;;;;;;;;;;;0;7.20;8.80;5.00;13.60;14.50;12.60;631;760;480;126;124;1411.10;;;;4.00;;;;28.00;34.00;20.00
1393379400000;2014-02-26T02:50:00.000+0100;;58.00;;;;;;;1.00;21.70;378.00;379.10;378.50;434.00;430.00;431.00;;;;;;;;;;;;;;;;;;;;;;;;;;;;;;;;;;;;;;;;;;;;;;;;;;;;;;;;;;;;50.00;;;;;;;;;;;;;;;;;;;;;;;;;;;;;;;;;;;;;;34.00;48.00;35.00;9.00;;;;27.00;29.00;26.00;;;;;;;;;;;;;;;;;;;;;;;;;;;;;;;;;;;;66.00;66.00;67.00;;;;;;;;;;;;;;;;;;;;;;;;;;;;;;;;;;;;;;;;;;;;;;;;;;;;;;;;;;;;;;;;;;;;;;;;;;;;;;;;;;;;;;;;;;;;;;;;;;;;;;;;;;;;;;;;;;;;;;;;;;;;;;;;;;;;;;;;;;;;;;;;;;;;;;;;;;;;;;;;;;;;;;;;;;;;;;;;;;;;;;;;;;;;;;;;;;;;;;;;;;;;;;;;;;;;;;;;;;;;;;;;;;;;;;;;;;;;;;;;;;;;;;;;;;;;;;;;;;;;;;;;;;;;;;;;;;;;;;;;;;;;;;;;;;;;;;;;;;;;;;;;;;;;;;;;;;;;;;;;;;;;;;;;;;;;;;;;;;;;;;;;;;;;;;;;;;;;;;;;;;;;;;;;;;;;;;;;;;;;;;;;;;;;;;;;;;;;;;;;;;;;;;;;;;;;;;;;;;;;;;;;;;;;;;;;;;;;;;;;;;;;;;;;;;;;;;;;;;;;;;;;;;;;;;;;;;;;;;;;;0;6.40;8.90;3.90;12.10;13.40;9.70;489;691;293;126;129;1262.30;;;;4.00;;;;28.00;36.00;21.00
1393380000000;2014-02-26T03:00:00.000+0100;;57.00;;;;;;;1.00;20.80;378.80;379.80;379.20;416.00;413.00;413.00;;;;;;;;;;;;;;;;;;;;;;;;;;;;;;;;;;;;;;;;;;;;;;;;;;;;;;;;;;;;50.00;;;;;;;;;;;;;;;;;;;;;;;;;;;;;;;;;;;;;;34.00;48.00;34.00;9.00;;;;27.00;29.00;26.00;;;;;;;;;;;;;;;;;;;;;;;;;;;;;;;;;;;;66.00;66.00;67.00;;;;;;;;;;;;;;;;;;;;;;;;;;;;;;;;;;;;;;;;;;;;;;;;;;;;;;;;;;;;;;;;;;;;;;;;;;;;;;;;;;;;;;;;;;;;;;;;;;;;;;;;;;;;;;;;;;;;;;;;;;;;;;;;;;;;;;;;;;;;;;;;;;;;;;;;;;;;;;;;;;;;;;;;;;;;;;;;;;;;;;;;;;;;;;;;;;;;;;;;;;;;;;;;;;;;;;;;;;;;;;;;;;;;;;;;;;;;;;;;;;;;;;;;;;;;;;;;;;;;;;;;;;;;;;;;;;;;;;;;;;;;;;;;;;;;;;;;;;;;;;;;;;;;;;;;;;;;;;;;;;;;;;;;;;;;;;;;;;;;;;;;;;;;;;;;;;;;;;;;;;;;;;;;;;;;;;;;;;;;;;;;;;;;;;;;;;;;;;;;;;;;;;;;;;;;;;;;;;;;;;;;;;;;;;;;;;;;;;;;;;;;;;;;;;;;;;;;;;;;;;;;;;;;;;;;;;;;;;;;;0;6.40;8.70;3.10;12.10;13.40;10.20;470;658;293;126;128;1255.80;;;;4.00;;;;29.00;36.00;24.00
1393380600000;2014-02-26T03:10:00.000+0100;;57.00;;;;;;;1.00;19.00;376.30;377.20;376.70;383.00;380.00;380.00;;;;;;;;;;;;;;;;;;;;;;;;;;;;;;;;;;;;;;;;;;;;;;;;;;;;;;;;;;;;50.00;;;;;;;;;;;;;;;;;;;;;;;;;;;;;;;;;;;;;;34.00;48.00;34.00;9.00;;;;27.00;29.00;26.00;;;;;;;;;;;;;;;;;;;;;;;;;;;;;;;;;;;;66.00;65.00;67.00;;;;;;;;;;;;;;;;;;;;;;;;;;;;;;;;;;;;;;;;;;;;;;;;;;;;;;;;;;;;;;;;;;;;;;;;;;;;;;;;;;;;;;;;;;;;;;;;;;;;;;;;;;;;;;;;;;;;;;;;;;;;;;;;;;;;;;;;;;;;;;;;;;;;;;;;;;;;;;;;;;;;;;;;;;;;;;;;;;;;;;;;;;;;;;;;;;;;;;;;;;;;;;;;;;;;;;;;;;;;;;;;;;;;;;;;;;;;;;;;;;;;;;;;;;;;;;;;;;;;;;;;;;;;;;;;;;;;;;;;;;;;;;;;;;;;;;;;;;;;;;;;;;;;;;;;;;;;;;;;;;;;;;;;;;;;;;;;;;;;;;;;;;;;;;;;;;;;;;;;;;;;;;;;;;;;;;;;;;;;;;;;;;;;;;;;;;;;;;;;;;;;;;;;;;;;;;;;;;;;;;;;;;;;;;;;;;;;;;;;;;;;;;;;;;;;;;;;;;;;;;;;;;;;;;;;;;;;;;;;;0;6.30;9.10;3.60;12.00;13.20;9.90;430;787;232;130;131;1244.40;;;;4.00;;;;29.00;36.00;21.00
1393381200000;2014-02-26T03:20:00.000+0100;;56.00;;;;;;;1.00;16.10;373.50;374.40;373.90;326.00;322.00;321.00;;;;;;;;;;;;;;;;;;;;;;;;;;;;;;;;;;;;;;;;;;;;;;;;;;;;;;;;;;;;50.00;;;;;;;;;;;;;;;;;;;;;;;;;;;;;;;;;;;;;;34.00;48.00;34.00;9.00;;;;26.00;28.00;26.00;;;;;;;;;;;;;;;;;;;;;;;;;;;;;;;;;;;;65.00;64.00;66.00;;;;;;;;;;;;;;;;;;;;;;;;;;;;;;;;;;;;;;;;;;;;;;;;;;;;;;;;;;;;;;;;;;;;;;;;;;;;;;;;;;;;;;;;;;;;;;;;;;;;;;;;;;;;;;;;;;;;;;;;;;;;;;;;;;;;;;;;;;;;;;;;;;;;;;;;;;;;;;;;;;;;;;;;;;;;;;;;;;;;;;;;;;;;;;;;;;;;;;;;;;;;;;;;;;;;;;;;;;;;;;;;;;;;;;;;;;;;;;;;;;;;;;;;;;;;;;;;;;;;;;;;;;;;;;;;;;;;;;;;;;;;;;;;;;;;;;;;;;;;;;;;;;;;;;;;;;;;;;;;;;;;;;;;;;;;;;;;;;;;;;;;;;;;;;;;;;;;;;;;;;;;;;;;;;;;;;;;;;;;;;;;;;;;;;;;;;;;;;;;;;;;;;;;;;;;;;;;;;;;;;;;;;;;;;;;;;;;;;;;;;;;;;;;;;;;;;;;;;;;;;;;;;;;;;;;;;;;;;;;;0;5.80;8.50;2.80;11.10;12.90;9.30;362;561;196;132;132;1160.40;;;;4.00;;;;29.00;36.00;21.00
1393381800000;2014-02-26T03:30:00.000+0100;;56.00;;;;;;;1.00;17.70;374.00;374.80;374.30;358.00;354.00;354.00;;;;;;;;;;;;;;;;;;;;;;;;;;;;;;;;;;;;;;;;;;;;;;;;;;;;;;;;;;;;50.00;;;;;;;;;;;;;;;;;;;;;;;;;;;;;;;;;;;;;;34.00;48.00;34.00;9.00;;;;26.00;28.00;25.00;;;;;;;;;;;;;;;;;;;;;;;;;;;;;;;;;;;;64.00;64.00;65.00;;;;;;;;;;;;;;;;;;;;;;;;;;;;;;;;;;;;;;;;;;;;;;;;;;;;;;;;;;;;;;;;;;;;;;;;;;;;;;;;;;;;;;;;;;;;;;;;;;;;;;;;;;;;;;;;;;;;;;;;;;;;;;;;;;;;;;;;;;;;;;;;;;;;;;;;;;;;;;;;;;;;;;;;;;;;;;;;;;;;;;;;;;;;;;;;;;;;;;;;;;;;;;;;;;;;;;;;;;;;;;;;;;;;;;;;;;;;;;;;;;;;;;;;;;;;;;;;;;;;;;;;;;;;;;;;;;;;;;;;;;;;;;;;;;;;;;;;;;;;;;;;;;;;;;;;;;;;;;;;;;;;;;;;;;;;;;;;;;;;;;;;;;;;;;;;;;;;;;;;;;;;;;;;;;;;;;;;;;;;;;;;;;;;;;;;;;;;;;;;;;;;;;;;;;;;;;;;;;;;;;;;;;;;;;;;;;;;;;;;;;;;;;;;;;;;;;;;;;;;;;;;;;;;;;;;;;;;;;;;;0;6.10;9.10;3.00;11.50;12.80;9.50;398;559;204;132;131;1198.40;;;;4.00;;;;29.00;36.00;21.00
1393382400000;2014-02-26T03:40:00.000+0100;;56.00;;;;;;;1.00;17.10;373.30;374.10;373.60;346.00;343.00;342.00;;;;;;;;;;;;;;;;;;;;;;;;;;;;;;;;;;;;;;;;;;;;;;;;;;;;;;;;;;;;50.00;;;;;;;;;;;;;;;;;;;;;;;;;;;;;;;;;;;;;;33.00;47.00;34.00;9.00;;;;26.00;28.00;25.00;;;;;;;;;;;;;;;;;;;;;;;;;;;;;;;;;;;;64.00;63.00;65.00;;;;;;;;;;;;;;;;;;;;;;;;;;;;;;;;;;;;;;;;;;;;;;;;;;;;;;;;;;;;;;;;;;;;;;;;;;;;;;;;;;;;;;;;;;;;;;;;;;;;;;;;;;;;;;;;;;;;;;;;;;;;;;;;;;;;;;;;;;;;;;;;;;;;;;;;;;;;;;;;;;;;;;;;;;;;;;;;;;;;;;;;;;;;;;;;;;;;;;;;;;;;;;;;;;;;;;;;;;;;;;;;;;;;;;;;;;;;;;;;;;;;;;;;;;;;;;;;;;;;;;;;;;;;;;;;;;;;;;;;;;;;;;;;;;;;;;;;;;;;;;;;;;;;;;;;;;;;;;;;;;;;;;;;;;;;;;;;;;;;;;;;;;;;;;;;;;;;;;;;;;;;;;;;;;;;;;;;;;;;;;;;;;;;;;;;;;;;;;;;;;;;;;;;;;;;;;;;;;;;;;;;;;;;;;;;;;;;;;;;;;;;;;;;;;;;;;;;;;;;;;;;;;;;;;;;;;;;;;;;;0;5.80;8.30;3.20;11.20;13.00;9.20;385;592;160;132;133;1162.70;;;;4.00;;;;29.00;36.00;21.00
1393383000000;2014-02-26T03:50:00.000+0100;;55.00;;;;;;;1.00;14.80;373.30;374.20;373.60;300.00;297.00;296.00;;;;;;;;;;;;;;;;;;;;;;;;;;;;;;;;;;;;;;;;;;;;;;;;;;;;;;;;;;;;50.00;;;;;;;;;;;;;;;;;;;;;;;;;;;;;;;;;;;;;;33.00;47.00;33.00;8.00;;;;25.00;28.00;25.00;;;;;;;;;;;;;;;;;;;;;;;;;;;;;;;;;;;;63.00;62.00;63.00;;;;;;;;;;;;;;;;;;;;;;;;;;;;;;;;;;;;;;;;;;;;;;;;;;;;;;;;;;;;;;;;;;;;;;;;;;;;;;;;;;;;;;;;;;;;;;;;;;;;;;;;;;;;;;;;;;;;;;;;;;;;;;;;;;;;;;;;;;;;;;;;;;;;;;;;;;;;;;;;;;;;;;;;;;;;;;;;;;;;;;;;;;;;;;;;;;;;;;;;;;;;;;;;;;;;;;;;;;;;;;;;;;;;;;;;;;;;;;;;;;;;;;;;;;;;;;;;;;;;;;;;;;;;;;;;;;;;;;;;;;;;;;;;;;;;;;;;;;;;;;;;;;;;;;;;;;;;;;;;;;;;;;;;;;;;;;;;;;;;;;;;;;;;;;;;;;;;;;;;;;;;;;;;;;;;;;;;;;;;;;;;;;;;;;;;;;;;;;;;;;;;;;;;;;;;;;;;;;;;;;;;;;;;;;;;;;;;;;;;;;;;;;;;;;;;;;;;;;;;;;;;;;;;;;;;;;;;;;;;;0;5.20;8.30;2.80;10.00;12.40;8.80;333;506;147;135;137;1041.40;;;;4.00;;;;29.00;35.00;20.00
1393383600000;2014-02-26T04:00:00.000+0100;;54.00;;;;;;;1.00;9.80;373.30;374.20;373.60;200.00;197.00;195.00;;;;;;;;;;;;;;;;;;;;;;;;;;;;;;;;;;;;;;;;;;;;;;;;;;;;;;;;;;;;50.00;;;;;;;;;;;;;;;;;;;;;;;;;;;;;;;;;;;;;;33.00;46.00;33.00;8.00;;;;25.00;27.00;24.00;;;;;;;;;;;;;;;;;;;;;;;;;;;;;;;;;;;;61.00;60.00;62.00;;;;;;;;;;;;;;;;;;;;;;;;;;;;;;;;;;;;;;;;;;;;;;;;;;;;;;;;;;;;;;;;;;;;;;;;;;;;;;;;;;;;;;;;;;;;;;;;;;;;;;;;;;;;;;;;;;;;;;;;;;;;;;;;;;;;;;;;;;;;;;;;;;;;;;;;;;;;;;;;;;;;;;;;;;;;;;;;;;;;;;;;;;;;;;;;;;;;;;;;;;;;;;;;;;;;;;;;;;;;;;;;;;;;;;;;;;;;;;;;;;;;;;;;;;;;;;;;;;;;;;;;;;;;;;;;;;;;;;;;;;;;;;;;;;;;;;;;;;;;;;;;;;;;;;;;;;;;;;;;;;;;;;;;;;;;;;;;;;;;;;;;;;;;;;;;;;;;;;;;;;;;;;;;;;;;;;;;;;;;;;;;;;;;;;;;;;;;;;;;;;;;;;;;;;;;;;;;;;;;;;;;;;;;;;;;;;;;;;;;;;;;;;;;;;;;;;;;;;;;;;;;;;;;;;;;;;;;;;;;;0;4.30;6.90;2.40;9.10;11.10;8.40;221;431;82;140;145;943.10;;;;4.00;;;;29.00;34.00;21.00
1393384200000;2014-02-26T04:10:00.000+0100;;53.00;;;;;;;1.00;8.70;376.20;377.00;376.60;174.00;172.00;171.00;;;;;;;;;;;;;;;;;;;;;;;;;;;;;;;;;;;;;;;;;;;;;;;;;;;;;;;;;;;;50.00;;;;;;;;;;;;;;;;;;;;;;;;;;;;;;;;;;;;;;33.00;46.00;32.00;8.00;;;;24.00;27.00;24.00;;;;;;;;;;;;;;;;;;;;;;;;;;;;;;;;;;;;59.00;58.00;60.00;;;;;;;;;;;;;;;;;;;;;;;;;;;;;;;;;;;;;;;;;;;;;;;;;;;;;;;;;;;;;;;;;;;;;;;;;;;;;;;;;;;;;;;;;;;;;;;;;;;;;;;;;;;;;;;;;;;;;;;;;;;;;;;;;;;;;;;;;;;;;;;;;;;;;;;;;;;;;;;;;;;;;;;;;;;;;;;;;;;;;;;;;;;;;;;;;;;;;;;;;;;;;;;;;;;;;;;;;;;;;;;;;;;;;;;;;;;;;;;;;;;;;;;;;;;;;;;;;;;;;;;;;;;;;;;;;;;;;;;;;;;;;;;;;;;;;;;;;;;;;;;;;;;;;;;;;;;;;;;;;;;;;;;;;;;;;;;;;;;;;;;;;;;;;;;;;;;;;;;;;;;;;;;;;;;;;;;;;;;;;;;;;;;;;;;;;;;;;;;;;;;;;;;;;;;;;;;;;;;;;;;;;;;;;;;;;;;;;;;;;;;;;;;;;;;;;;;;;;;;;;;;;;;;;;;;;;;;;;;;;0;4.10;6.50;2.40;8.90;9.60;8.40;195;345;68;146;148;929.00;;;;4.00;;;;29.00;33.00;20.00
1393384800000;2014-02-26T04:20:00.000+0100;;52.00;;;;;;;1.00;6.30;377.00;377.80;377.30;127.00;125.00;124.00;;;;;;;;;;;;;;;;;;;;;;;;;;;;;;;;;;;;;;;;;;;;;;;;;;;;;;;;;;;;50.00;;;;;;;;;;;;;;;;;;;;;;;;;;;;;;;;;;;;;;33.00;45.00;32.00;8.00;;;;24.00;26.00;23.00;;;;;;;;;;;;;;;;;;;;;;;;;;;;;;;;;;;;57.00;57.00;58.00;;;;;;;;;;;;;;;;;;;;;;;;;;;;;;;;;;;;;;;;;;;;;;;;;;;;;;;;;;;;;;;;;;;;;;;;;;;;;;;;;;;;;;;;;;;;;;;;;;;;;;;;;;;;;;;;;;;;;;;;;;;;;;;;;;;;;;;;;;;;;;;;;;;;;;;;;;;;;;;;;;;;;;;;;;;;;;;;;;;;;;;;;;;;;;;;;;;;;;;;;;;;;;;;;;;;;;;;;;;;;;;;;;;;;;;;;;;;;;;;;;;;;;;;;;;;;;;;;;;;;;;;;;;;;;;;;;;;;;;;;;;;;;;;;;;;;;;;;;;;;;;;;;;;;;;;;;;;;;;;;;;;;;;;;;;;;;;;;;;;;;;;;;;;;;;;;;;;;;;;;;;;;;;;;;;;;;;;;;;;;;;;;;;;;;;;;;;;;;;;;;;;;;;;;;;;;;;;;;;;;;;;;;;;;;;;;;;;;;;;;;;;;;;;;;;;;;;;;;;;;;;;;;;;;;;;;;;;;;;;;0;3.80;6.30;1.80;8.80;9.10;8.50;141;228;49;148;153;920.80;;;;4.00;;;;28.00;32.00;20.00
1393385400000;2014-02-26T04:30:00.000+0100;;52.00;;;;;;;1.00;6.00;376.90;377.80;377.20;121.00;119.00;117.00;;;;;;;;;;;;;;;;;;;;;;;;;;;;;;;;;;;;;;;;;;;;;;;;;;;;;;;;;;;;50.00;;;;;;;;;;;;;;;;;;;;;;;;;;;;;;;;;;;;;;33.00;45.00;32.00;8.00;;;;23.00;26.00;23.00;;;;;;;;;;;;;;;;;;;;;;;;;;;;;;;;;;;;56.00;56.00;57.00;;;;;;;;;;;;;;;;;;;;;;;;;;;;;;;;;;;;;;;;;;;;;;;;;;;;;;;;;;;;;;;;;;;;;;;;;;;;;;;;;;;;;;;;;;;;;;;;;;;;;;;;;;;;;;;;;;;;;;;;;;;;;;;;;;;;;;;;;;;;;;;;;;;;;;;;;;;;;;;;;;;;;;;;;;;;;;;;;;;;;;;;;;;;;;;;;;;;;;;;;;;;;;;;;;;;;;;;;;;;;;;;;;;;;;;;;;;;;;;;;;;;;;;;;;;;;;;;;;;;;;;;;;;;;;;;;;;;;;;;;;;;;;;;;;;;;;;;;;;;;;;;;;;;;;;;;;;;;;;;;;;;;;;;;;;;;;;;;;;;;;;;;;;;;;;;;;;;;;;;;;;;;;;;;;;;;;;;;;;;;;;;;;;;;;;;;;;;;;;;;;;;;;;;;;;;;;;;;;;;;;;;;;;;;;;;;;;;;;;;;;;;;;;;;;;;;;;;;;;;;;;;;;;;;;;;;;;;;;;;;0;3.60;5.80;2.20;8.90;9.20;8.50;133;203;38;153;156;921.70;;;;4.00;;;;28.00;31.00;20.00
1393386000000;2014-02-26T04:40:00.000+0100;;52.00;;;;;;;1.00;7.10;376.40;377.20;376.70;144.00;141.00;140.00;;;;;;;;;;;;;;;;;;;;;;;;;;;;;;;;;;;;;;;;;;;;;;;;;;;;;;;;;;;;50.00;;;;;;;;;;;;;;;;;;;;;;;;;;;;;;;;;;;;;;33.00;44.00;32.00;8.00;;;;23.00;25.00;22.00;;;;;;;;;;;;;;;;;;;;;;;;;;;;;;;;;;;;56.00;55.00;56.00;;;;;;;;;;;;;;;;;;;;;;;;;;;;;;;;;;;;;;;;;;;;;;;;;;;;;;;;;;;;;;;;;;;;;;;;;;;;;;;;;;;;;;;;;;;;;;;;;;;;;;;;;;;;;;;;;;;;;;;;;;;;;;;;;;;;;;;;;;;;;;;;;;;;;;;;;;;;;;;;;;;;;;;;;;;;;;;;;;;;;;;;;;;;;;;;;;;;;;;;;;;;;;;;;;;;;;;;;;;;;;;;;;;;;;;;;;;;;;;;;;;;;;;;;;;;;;;;;;;;;;;;;;;;;;;;;;;;;;;;;;;;;;;;;;;;;;;;;;;;;;;;;;;;;;;;;;;;;;;;;;;;;;;;;;;;;;;;;;;;;;;;;;;;;;;;;;;;;;;;;;;;;;;;;;;;;;;;;;;;;;;;;;;;;;;;;;;;;;;;;;;;;;;;;;;;;;;;;;;;;;;;;;;;;;;;;;;;;;;;;;;;;;;;;;;;;;;;;;;;;;;;;;;;;;;;;;;;;;;;;0;4.00;5.90;2.20;8.90;9.50;8.60;159;222;84;153;156;925.30;;;;4.00;;;;28.00;31.00;20.00
1393386600000;2014-02-26T04:50:00.000+0100;;52.00;;;;;;;1.00;8.40;376.00;376.80;376.30;170.00;167.00;165.00;;;;;;;;;;;;;;;;;;;;;;;;;;;;;;;;;;;;;;;;;;;;;;;;;;;;;;;;;;;;50.00;;;;;;;;;;;;;;;;;;;;;;;;;;;;;;;;;;;;;;33.00;44.00;32.00;8.00;;;;22.00;25.00;22.00;;;;;;;;;;;;;;;;;;;;;;;;;;;;;;;;;;;;55.00;55.00;56.00;;;;;;;;;;;;;;;;;;;;;;;;;;;;;;;;;;;;;;;;;;;;;;;;;;;;;;;;;;;;;;;;;;;;;;;;;;;;;;;;;;;;;;;;;;;;;;;;;;;;;;;;;;;;;;;;;;;;;;;;;;;;;;;;;;;;;;;;;;;;;;;;;;;;;;;;;;;;;;;;;;;;;;;;;;;;;;;;;;;;;;;;;;;;;;;;;;;;;;;;;;;;;;;;;;;;;;;;;;;;;;;;;;;;;;;;;;;;;;;;;;;;;;;;;;;;;;;;;;;;;;;;;;;;;;;;;;;;;;;;;;;;;;;;;;;;;;;;;;;;;;;;;;;;;;;;;;;;;;;;;;;;;;;;;;;;;;;;;;;;;;;;;;;;;;;;;;;;;;;;;;;;;;;;;;;;;;;;;;;;;;;;;;;;;;;;;;;;;;;;;;;;;;;;;;;;;;;;;;;;;;;;;;;;;;;;;;;;;;;;;;;;;;;;;;;;;;;;;;;;;;;;;;;;;;;;;;;;;;;;;0;4.50;6.80;2.90;9.00;9.80;8.70;188;262;128;153;158;939.70;;;;4.00;;;;27.00;30.00;20.00
1393387200000;2014-02-26T05:00:00.000+0100;;52.00;;;;;;;1.00;8.90;376.00;376.80;376.30;179.00;177.00;175.00;;;;;;;;;;;;;;;;;;;;;;;;;;;;;;;;;;;;;;;;;;;;;;;;;;;;;;;;;;;;50.00;;;;;;;;;;;;;;;;;;;;;;;;;;;;;;;;;;;;;;33.00;44.00;32.00;8.00;;;;22.00;25.00;22.00;;;;;;;;;;;;;;;;;;;;;;;;;;;;;;;;;;;;55.00;55.00;56.00;;;;;;;;;;;;;;;;;;;;;;;;;;;;;;;;;;;;;;;;;;;;;;;;;;;;;;;;;;;;;;;;;;;;;;;;;;;;;;;;;;;;;;;;;;;;;;;;;;;;;;;;;;;;;;;;;;;;;;;;;;;;;;;;;;;;;;;;;;;;;;;;;;;;;;;;;;;;;;;;;;;;;;;;;;;;;;;;;;;;;;;;;;;;;;;;;;;;;;;;;;;;;;;;;;;;;;;;;;;;;;;;;;;;;;;;;;;;;;;;;;;;;;;;;;;;;;;;;;;;;;;;;;;;;;;;;;;;;;;;;;;;;;;;;;;;;;;;;;;;;;;;;;;;;;;;;;;;;;;;;;;;;;;;;;;;;;;;;;;;;;;;;;;;;;;;;;;;;;;;;;;;;;;;;;;;;;;;;;;;;;;;;;;;;;;;;;;;;;;;;;;;;;;;;;;;;;;;;;;;;;;;;;;;;;;;;;;;;;;;;;;;;;;;;;;;;;;;;;;;;;;;;;;;;;;;;;;;;;;;;0;4.40;6.80;1.90;9.10;10.50;8.60;199;319;98;153;156;951.10;;;;4.00;;;;27.00;29.00;20.00
1393387800000;2014-02-26T05:10:00.000+0100;;52.00;;;;;;;1.00;7.60;375.90;376.70;376.30;154.00;152.00;150.00;;;;;;;;;;;;;;;;;;;;;;;;;;;;;;;;;;;;;;;;;;;;;;;;;;;;;;;;;;;;50.00;;;;;;;;;;;;;;;;;;;;;;;;;;;;;;;;;;;;;;33.00;44.00;32.00;8.00;;;;22.00;24.00;22.00;;;;;;;;;;;;;;;;;;;;;;;;;;;;;;;;;;;;55.00;55.00;56.00;;;;;;;;;;;;;;;;;;;;;;;;;;;;;;;;;;;;;;;;;;;;;;;;;;;;;;;;;;;;;;;;;;;;;;;;;;;;;;;;;;;;;;;;;;;;;;;;;;;;;;;;;;;;;;;;;;;;;;;;;;;;;;;;;;;;;;;;;;;;;;;;;;;;;;;;;;;;;;;;;;;;;;;;;;;;;;;;;;;;;;;;;;;;;;;;;;;;;;;;;;;;;;;;;;;;;;;;;;;;;;;;;;;;;;;;;;;;;;;;;;;;;;;;;;;;;;;;;;;;;;;;;;;;;;;;;;;;;;;;;;;;;;;;;;;;;;;;;;;;;;;;;;;;;;;;;;;;;;;;;;;;;;;;;;;;;;;;;;;;;;;;;;;;;;;;;;;;;;;;;;;;;;;;;;;;;;;;;;;;;;;;;;;;;;;;;;;;;;;;;;;;;;;;;;;;;;;;;;;;;;;;;;;;;;;;;;;;;;;;;;;;;;;;;;;;;;;;;;;;;;;;;;;;;;;;;;;;;;;;;0;4.20;6.50;2.10;9.00;10.40;8.60;171;294;86;153;150;939.30;;;;4.00;;;;27.00;29.00;24.00
1393388400000;2014-02-26T05:20:00.000+0100;;52.00;;;;;;;1.00;8.10;375.90;376.70;376.20;164.00;161.00;160.00;;;;;;;;;;;;;;;;;;;;;;;;;;;;;;;;;;;;;;;;;;;;;;;;;;;;;;;;;;;;50.00;;;;;;;;;;;;;;;;;;;;;;;;;;;;;;;;;;;;;;33.00;44.00;32.00;8.00;;;;22.00;24.00;22.00;;;;;;;;;;;;;;;;;;;;;;;;;;;;;;;;;;;;55.00;55.00;56.00;;;;;;;;;;;;;;;;;;;;;;;;;;;;;;;;;;;;;;;;;;;;;;;;;;;;;;;;;;;;;;;;;;;;;;;;;;;;;;;;;;;;;;;;;;;;;;;;;;;;;;;;;;;;;;;;;;;;;;;;;;;;;;;;;;;;;;;;;;;;;;;;;;;;;;;;;;;;;;;;;;;;;;;;;;;;;;;;;;;;;;;;;;;;;;;;;;;;;;;;;;;;;;;;;;;;;;;;;;;;;;;;;;;;;;;;;;;;;;;;;;;;;;;;;;;;;;;;;;;;;;;;;;;;;;;;;;;;;;;;;;;;;;;;;;;;;;;;;;;;;;;;;;;;;;;;;;;;;;;;;;;;;;;;;;;;;;;;;;;;;;;;;;;;;;;;;;;;;;;;;;;;;;;;;;;;;;;;;;;;;;;;;;;;;;;;;;;;;;;;;;;;;;;;;;;;;;;;;;;;;;;;;;;;;;;;;;;;;;;;;;;;;;;;;;;;;;;;;;;;;;;;;;;;;;;;;;;;;;;;;0;4.20;7.00;2.20;9.10;11.10;8.60;182;367;109;145;146;946.50;;;;4.00;;;;27.00;29.00;21.00
1393389000000;2014-02-26T05:30:00.000+0100;;52.00;;;;;;;1.00;8.10;375.40;376.10;375.70;173.00;170.00;169.00;;;;;;;;;;;;;;;;;;;;;;;;;;;;;;;;;;;;;;;;;;;;;;;;;;;;;;;;;;;;50.00;;;;;;;;;;;;;;;;;;;;;;;;;;;;;;;;;;;;;;33.00;44.00;32.00;8.00;;;;22.00;24.00;21.00;;;;;;;;;;;;;;;;;;;;;;;;;;;;;;;;;;;;55.00;55.00;56.00;;;;;;;;;;;;;;;;;;;;;;;;;;;;;;;;;;;;;;;;;;;;;;;;;;;;;;;;;;;;;;;;;;;;;;;;;;;;;;;;;;;;;;;;;;;;;;;;;;;;;;;;;;;;;;;;;;;;;;;;;;;;;;;;;;;;;;;;;;;;;;;;;;;;;;;;;;;;;;;;;;;;;;;;;;;;;;;;;;;;;;;;;;;;;;;;;;;;;;;;;;;;;;;;;;;;;;;;;;;;;;;;;;;;;;;;;;;;;;;;;;;;;;;;;;;;;;;;;;;;;;;;;;;;;;;;;;;;;;;;;;;;;;;;;;;;;;;;;;;;;;;;;;;;;;;;;;;;;;;;;;;;;;;;;;;;;;;;;;;;;;;;;;;;;;;;;;;;;;;;;;;;;;;;;;;;;;;;;;;;;;;;;;;;;;;;;;;;;;;;;;;;;;;;;;;;;;;;;;;;;;;;;;;;;;;;;;;;;;;;;;;;;;;;;;;;;;;;;;;;;;;;;;;;;;;;;;;;;;;;;0;4.50;7.50;2.40;9.30;10.70;8.70;192;360;93;144;139;968.20;;;;3.00;;;;27.00;28.00;21.00
1393389600000;2014-02-26T05:40:00.000+0100;;52.00;;;;;;;1.00;4.70;374.40;375.10;374.70;170.00;167.00;166.00;;;;;;;;;;;;;;;;;;;;;;;;;;;;;;;;;;;;;;;;;;;;;;;;;;;;;;;;;;;;50.00;;;;;;;;;;;;;;;;;;;;;;;;;;;;;;;;;;;;;;33.00;44.00;32.00;8.00;;;;22.00;24.00;21.00;;;;;;;;;;;;;;;;;;;;;;;;;;;;;;;;;;;;55.00;55.00;56.00;;;;;;;;;;;;;;;;;;;;;;;;;;;;;;;;;;;;;;;;;;;;;;;;;;;;;;;;;;;;;;;;;;;;;;;;;;;;;;;;;;;;;;;;;;;;;;;;;;;;;;;;;;;;;;;;;;;;;;;;;;;;;;;;;;;;;;;;;;;;;;;;;;;;;;;;;;;;;;;;;;;;;;;;;;;;;;;;;;;;;;;;;;;;;;;;;;;;;;;;;;;;;;;;;;;;;;;;;;;;;;;;;;;;;;;;;;;;;;;;;;;;;;;;;;;;;;;;;;;;;;;;;;;;;;;;;;;;;;;;;;;;;;;;;;;;;;;;;;;;;;;;;;;;;;;;;;;;;;;;;;;;;;;;;;;;;;;;;;;;;;;;;;;;;;;;;;;;;;;;;;;;;;;;;;;;;;;;;;;;;;;;;;;;;;;;;;;;;;;;;;;;;;;;;;;;;;;;;;;;;;;;;;;;;;;;;;;;;;;;;;;;;;;;;;;;;;;;;;;;;;;;;;;;;;;;;;;;;;;;;0;4.40;7.30;2.20;9.20;11.40;8.60;188;380;92;139;143;957.10;;;;3.00;;;;26.00;28.00;20.00
1393390200000;2014-02-26T05:50:00.000+0100;;52.00;;;;;;;1.00;3.40;374.40;375.10;374.70;124.00;122.00;120.00;;;;;;;;;;;;;;;;;;;;;;;;;;;;;;;;;;;;;;;;;;;;;;;;;;;;;;;;;;;;50.00;;;;;;;;;;;;;;;;;;;;;;;;;;;;;;;;;;;;;;33.00;43.00;32.00;8.00;;;;21.00;24.00;21.00;;;;;;;;;;;;;;;;;;;;;;;;;;;;;;;;;;;;55.00;54.00;55.00;;;;;;;;;;;;;;;;;;;;;;;;;;;;;;;;;;;;;;;;;;;;;;;;;;;;;;;;;;;;;;;;;;;;;;;;;;;;;;;;;;;;;;;;;;;;;;;;;;;;;;;;;;;;;;;;;;;;;;;;;;;;;;;;;;;;;;;;;;;;;;;;;;;;;;;;;;;;;;;;;;;;;;;;;;;;;;;;;;;;;;;;;;;;;;;;;;;;;;;;;;;;;;;;;;;;;;;;;;;;;;;;;;;;;;;;;;;;;;;;;;;;;;;;;;;;;;;;;;;;;;;;;;;;;;;;;;;;;;;;;;;;;;;;;;;;;;;;;;;;;;;;;;;;;;;;;;;;;;;;;;;;;;;;;;;;;;;;;;;;;;;;;;;;;;;;;;;;;;;;;;;;;;;;;;;;;;;;;;;;;;;;;;;;;;;;;;;;;;;;;;;;;;;;;;;;;;;;;;;;;;;;;;;;;;;;;;;;;;;;;;;;;;;;;;;;;;;;;;;;;;;;;;;;;;;;;;;;;;;;;0;3.80;5.70;2.00;8.90;9.10;8.50;136;198;53;151;154;921.50;;;;3.00;;;;26.00;28.00;20.00
1393390800000;2014-02-26T06:00:00.000+0100;;52.00;;;;;;;1.00;3.30;374.30;375.10;374.70;119.00;115.00;113.00;;;;;;;;;;;;;;;;;;;;;;;;;;;;;;;;;;;;;;;;;;;;;;;;;;;;;;;;;;;;50.00;;;;;;;;;;;;;;;;;;;;;;;;;;;;;;;;;;;;;;33.00;43.00;32.00;8.00;;;;21.00;24.00;21.00;;;;;;;;;;;;;;;;;;;;;;;;;;;;;;;;;;;;55.00;54.00;55.00;;;;;;;;;;;;;;;;;;;;;;;;;;;;;;;;;;;;;;;;;;;;;;;;;;;;;;;;;;;;;;;;;;;;;;;;;;;;;;;;;;;;;;;;;;;;;;;;;;;;;;;;;;;;;;;;;;;;;;;;;;;;;;;;;;;;;;;;;;;;;;;;;;;;;;;;;;;;;;;;;;;;;;;;;;;;;;;;;;;;;;;;;;;;;;;;;;;;;;;;;;;;;;;;;;;;;;;;;;;;;;;;;;;;;;;;;;;;;;;;;;;;;;;;;;;;;;;;;;;;;;;;;;;;;;;;;;;;;;;;;;;;;;;;;;;;;;;;;;;;;;;;;;;;;;;;;;;;;;;;;;;;;;;;;;;;;;;;;;;;;;;;;;;;;;;;;;;;;;;;;;;;;;;;;;;;;;;;;;;;;;;;;;;;;;;;;;;;;;;;;;;;;;;;;;;;;;;;;;;;;;;;;;;;;;;;;;;;;;;;;;;;;;;;;;;;;;;;;;;;;;;;;;;;;;;;;;;;;;;;;0;3.80;5.80;2.10;8.90;9.20;8.60;129;224;60;154;154;923.00;;;;3.00;;;;26.00;28.00;24.00
1393391400000;2014-02-26T06:10:00.000+0100;;52.00;;;;;;;1.00;3.60;375.40;376.20;375.80;129.00;126.00;125.00;;;;;;;;;;;;;;;;;;;;;;;;;;;;;;;;;;;;;;;;;;;;;;;;;;;;;;;;;;;;50.00;;;;;;;;;;;;;;;;;;;;;;;;;;;;;;;;;;;;;;33.00;43.00;32.00;8.00;;;;21.00;24.00;21.00;;;;;;;;;;;;;;;;;;;;;;;;;;;;;;;;;;;;54.00;54.00;55.00;;;;;;;;;;;;;;;;;;;;;;;;;;;;;;;;;;;;;;;;;;;;;;;;;;;;;;;;;;;;;;;;;;;;;;;;;;;;;;;;;;;;;;;;;;;;;;;;;;;;;;;;;;;;;;;;;;;;;;;;;;;;;;;;;;;;;;;;;;;;;;;;;;;;;;;;;;;;;;;;;;;;;;;;;;;;;;;;;;;;;;;;;;;;;;;;;;;;;;;;;;;;;;;;;;;;;;;;;;;;;;;;;;;;;;;;;;;;;;;;;;;;;;;;;;;;;;;;;;;;;;;;;;;;;;;;;;;;;;;;;;;;;;;;;;;;;;;;;;;;;;;;;;;;;;;;;;;;;;;;;;;;;;;;;;;;;;;;;;;;;;;;;;;;;;;;;;;;;;;;;;;;;;;;;;;;;;;;;;;;;;;;;;;;;;;;;;;;;;;;;;;;;;;;;;;;;;;;;;;;;;;;;;;;;;;;;;;;;;;;;;;;;;;;;;;;;;;;;;;;;;;;;;;;;;;;;;;;;;;;;0;4.10;6.50;2.30;9.00;10.00;8.60;142;262;57;154;149;932.90;;;;3.00;;;;26.00;28.00;21.00
1393392000000;2014-02-26T06:20:00.000+0100;;52.00;;;;;;;1.00;2.30;376.50;377.20;376.90;129.00;125.00;124.00;;;;;;;;;;;;;;;;;;;;;;;;;;;;;;;;;;;;;;;;;;;;;;;;;;;;;;;;;;;;50.00;;;;;;;;;;;;;;;;;;;;;;;;;;;;;;;;;;;;;;33.00;43.00;32.00;8.00;;;;21.00;23.00;21.00;;;;;;;;;;;;;;;;;;;;;;;;;;;;;;;;;;;;54.00;54.00;55.00;;;;;;;;;;;;;;;;;;;;;;;;;;;;;;;;;;;;;;;;;;;;;;;;;;;;;;;;;;;;;;;;;;;;;;;;;;;;;;;;;;;;;;;;;;;;;;;;;;;;;;;;;;;;;;;;;;;;;;;;;;;;;;;;;;;;;;;;;;;;;;;;;;;;;;;;;;;;;;;;;;;;;;;;;;;;;;;;;;;;;;;;;;;;;;;;;;;;;;;;;;;;;;;;;;;;;;;;;;;;;;;;;;;;;;;;;;;;;;;;;;;;;;;;;;;;;;;;;;;;;;;;;;;;;;;;;;;;;;;;;;;;;;;;;;;;;;;;;;;;;;;;;;;;;;;;;;;;;;;;;;;;;;;;;;;;;;;;;;;;;;;;;;;;;;;;;;;;;;;;;;;;;;;;;;;;;;;;;;;;;;;;;;;;;;;;;;;;;;;;;;;;;;;;;;;;;;;;;;;;;;;;;;;;;;;;;;;;;;;;;;;;;;;;;;;;;;;;;;;;;;;;;;;;;;;;;;;;;;;;;0;4.00;6.50;2.00;9.00;9.70;8.60;142;255;84;145;143;932.20;;;;3.00;;;;26.00;27.00;20.00
1393392600000;2014-02-26T06:30:00.000+0100;;52.00;;;;;;;1.00;-5.40;375.20;375.90;375.70;112.00;110.00;108.00;;;;;;;;;;;;;;;;;;;;;;;;;;;;;;;;;;;;;;;;;;;;;;;;;;;;;;;;;;;;50.00;;;;;;;;;;;;;;;;;;;;;;;;;;;;;;;;;;;;;;32.00;43.00;32.00;8.00;;;;21.00;23.00;20.00;;;;;;;;;;;;;;;;;;;;;;;;;;;;;;;;;;;;54.00;54.00;55.00;;;;;;;;;;;;;;;;;;;;;;;;;;;;;;;;;;;;;;;;;;;;;;;;;;;;;;;;;;;;;;;;;;;;;;;;;;;;;;;;;;;;;;;;;;;;;;;;;;;;;;;;;;;;;;;;;;;;;;;;;;;;;;;;;;;;;;;;;;;;;;;;;;;;;;;;;;;;;;;;;;;;;;;;;;;;;;;;;;;;;;;;;;;;;;;;;;;;;;;;;;;;;;;;;;;;;;;;;;;;;;;;;;;;;;;;;;;;;;;;;;;;;;;;;;;;;;;;;;;;;;;;;;;;;;;;;;;;;;;;;;;;;;;;;;;;;;;;;;;;;;;;;;;;;;;;;;;;;;;;;;;;;;;;;;;;;;;;;;;;;;;;;;;;;;;;;;;;;;;;;;;;;;;;;;;;;;;;;;;;;;;;;;;;;;;;;;;;;;;;;;;;;;;;;;;;;;;;;;;;;;;;;;;;;;;;;;;;;;;;;;;;;;;;;;;;;;;;;;;;;;;;;;;;;;;;;;;;;;;;;0;3.90;6.30;2.30;8.90;9.40;8.60;123;198;57;143;142;925.90;;;;3.00;;;;26.00;27.00;21.00
1393393200000;2014-02-26T06:40:00.000+0100;;52.00;;;;;;;1.00;-5.70;374.70;375.30;375.10;120.00;118.00;116.00;;;;;;;;;;;;;;;;;;;;;;;;;;;;;;;;;;;;;;;;;;;;;;;;;;;;;;;;;;;;50.00;;;;;;;;;;;;;;;;;;;;;;;;;;;;;;;;;;;;;;33.00;42.00;32.00;8.00;;;;21.00;23.00;21.00;;;;;;;;;;;;;;;;;;;;;;;;;;;;;;;;;;;;54.00;53.00;54.00;;;;;;;;;;;;;;;;;;;;;;;;;;;;;;;;;;;;;;;;;;;;;;;;;;;;;;;;;;;;;;;;;;;;;;;;;;;;;;;;;;;;;;;;;;;;;;;;;;;;;;;;;;;;;;;;;;;;;;;;;;;;;;;;;;;;;;;;;;;;;;;;;;;;;;;;;;;;;;;;;;;;;;;;;;;;;;;;;;;;;;;;;;;;;;;;;;;;;;;;;;;;;;;;;;;;;;;;;;;;;;;;;;;;;;;;;;;;;;;;;;;;;;;;;;;;;;;;;;;;;;;;;;;;;;;;;;;;;;;;;;;;;;;;;;;;;;;;;;;;;;;;;;;;;;;;;;;;;;;;;;;;;;;;;;;;;;;;;;;;;;;;;;;;;;;;;;;;;;;;;;;;;;;;;;;;;;;;;;;;;;;;;;;;;;;;;;;;;;;;;;;;;;;;;;;;;;;;;;;;;;;;;;;;;;;;;;;;;;;;;;;;;;;;;;;;;;;;;;;;;;;;;;;;;;;;;;;;;;;;;0;3.90;6.70;2.10;8.90;9.50;8.60;132;229;82;151;157;925.50;;;;3.00;;;;26.00;27.00;24.00
1393393800000;2014-02-26T06:50:00.000+0100;;52.00;;;;;;;1.00;-7.40;374.80;375.50;375.30;153.00;150.00;149.00;;;;;;;;;;;;;;;;;;;;;;;;;;;;;;;;;;;;;;;;;;;;;;;;;;;;;;;;;;;;50.00;;;;;;;;;;;;;;;;;;;;;;;;;;;;;;;;;;;;;;33.00;42.00;32.00;8.00;;;;21.00;23.00;20.00;;;;;;;;;;;;;;;;;;;;;;;;;;;;;;;;;;;;54.00;54.00;55.00;;;;;;;;;;;;;;;;;;;;;;;;;;;;;;;;;;;;;;;;;;;;;;;;;;;;;;;;;;;;;;;;;;;;;;;;;;;;;;;;;;;;;;;;;;;;;;;;;;;;;;;;;;;;;;;;;;;;;;;;;;;;;;;;;;;;;;;;;;;;;;;;;;;;;;;;;;;;;;;;;;;;;;;;;;;;;;;;;;;;;;;;;;;;;;;;;;;;;;;;;;;;;;;;;;;;;;;;;;;;;;;;;;;;;;;;;;;;;;;;;;;;;;;;;;;;;;;;;;;;;;;;;;;;;;;;;;;;;;;;;;;;;;;;;;;;;;;;;;;;;;;;;;;;;;;;;;;;;;;;;;;;;;;;;;;;;;;;;;;;;;;;;;;;;;;;;;;;;;;;;;;;;;;;;;;;;;;;;;;;;;;;;;;;;;;;;;;;;;;;;;;;;;;;;;;;;;;;;;;;;;;;;;;;;;;;;;;;;;;;;;;;;;;;;;;;;;;;;;;;;;;;;;;;;;;;;;;;;;;;;0;4.50;6.40;2.30;9.00;9.50;8.70;169;229;109;155;159;934.80;;;;3.00;;;;26.00;27.00;21.00
1393394400000;2014-02-26T07:00:00.000+0100;;52.00;;;;;;;1.00;-7.00;374.70;375.30;375.20;145.00;142.00;141.00;;;;;;;;;;;;;;;;;;;;;;;;;;;;;;;;;;;;;;;;;;;;;;;;;;;;;;;;;;;;50.00;;;;;;;;;;;;;;;;;;;;;;;;;;;;;;;;;;;;;;33.00;42.00;32.00;8.00;;;;20.00;23.00;20.00;;;;;;;;;;;;;;;;;;;;;;;;;;;;;;;;;;;;54.00;54.00;55.00;;;;;;;;;;;;;;;;;;;;;;;;;;;;;;;;;;;;;;;;;;;;;;;;;;;;;;;;;;;;;;;;;;;;;;;;;;;;;;;;;;;;;;;;;;;;;;;;;;;;;;;;;;;;;;;;;;;;;;;;;;;;;;;;;;;;;;;;;;;;;;;;;;;;;;;;;;;;;;;;;;;;;;;;;;;;;;;;;;;;;;;;;;;;;;;;;;;;;;;;;;;;;;;;;;;;;;;;;;;;;;;;;;;;;;;;;;;;;;;;;;;;;;;;;;;;;;;;;;;;;;;;;;;;;;;;;;;;;;;;;;;;;;;;;;;;;;;;;;;;;;;;;;;;;;;;;;;;;;;;;;;;;;;;;;;;;;;;;;;;;;;;;;;;;;;;;;;;;;;;;;;;;;;;;;;;;;;;;;;;;;;;;;;;;;;;;;;;;;;;;;;;;;;;;;;;;;;;;;;;;;;;;;;;;;;;;;;;;;;;;;;;;;;;;;;;;;;;;;;;;;;;;;;;;;;;;;;;;;;;;0;4.30;6.70;2.00;9.00;9.70;8.70;160;234;100;155;161;933.80;;;;3.00;;;;26.00;27.00;21.00
1393395000000;2014-02-26T07:10:00.000+0100;;52.00;;;;;;;1.00;-7.20;374.40;375.00;374.80;150.00;147.00;146.00;;;;;;;;;;;;;;;;;;;;;;;;;;;;;;;;;;;;;;;;;;;;;;;;;;;;;;;;;;;;50.00;;;;;;;;;;;;;;;;;;;;;;;;;;;;;;;;;;;;;;32.00;42.00;32.00;8.00;;;;20.00;23.00;20.00;;;;;;;;;;;;;;;;;;;;;;;;;;;;;;;;;;;;54.00;54.00;55.00;;;;;;;;;;;;;;;;;;;;;;;;;;;;;;;;;;;;;;;;;;;;;;;;;;;;;;;;;;;;;;;;;;;;;;;;;;;;;;;;;;;;;;;;;;;;;;;;;;;;;;;;;;;;;;;;;;;;;;;;;;;;;;;;;;;;;;;;;;;;;;;;;;;;;;;;;;;;;;;;;;;;;;;;;;;;;;;;;;;;;;;;;;;;;;;;;;;;;;;;;;;;;;;;;;;;;;;;;;;;;;;;;;;;;;;;;;;;;;;;;;;;;;;;;;;;;;;;;;;;;;;;;;;;;;;;;;;;;;;;;;;;;;;;;;;;;;;;;;;;;;;;;;;;;;;;;;;;;;;;;;;;;;;;;;;;;;;;;;;;;;;;;;;;;;;;;;;;;;;;;;;;;;;;;;;;;;;;;;;;;;;;;;;;;;;;;;;;;;;;;;;;;;;;;;;;;;;;;;;;;;;;;;;;;;;;;;;;;;;;;;;;;;;;;;;;;;;;;;;;;;;;;;;;;;;;;;;;;;;;;0;4.70;6.70;2.60;9.30;10.40;8.60;165;261;61;162;158;962.90;;;;3.00;;;;25.00;27.00;20.00
1393395600000;2014-02-26T07:20:00.000+0100;;52.00;;;;;;;1.00;-7.20;377.00;377.60;377.40;149.00;146.00;145.00;;;;;;;;;;;;;;;;;;;;;;;;;;;;;;;;;;;;;;;;;;;;;;;;;;;;;;;;;;;;50.00;;;;;;;;;;;;;;;;;;;;;;;;;;;;;;;;;;;;;;32.00;42.00;32.00;8.00;;;;20.00;23.00;20.00;;;;;;;;;;;;;;;;;;;;;;;;;;;;;;;;;;;;54.00;54.00;55.00;;;;;;;;;;;;;;;;;;;;;;;;;;;;;;;;;;;;;;;;;;;;;;;;;;;;;;;;;;;;;;;;;;;;;;;;;;;;;;;;;;;;;;;;;;;;;;;;;;;;;;;;;;;;;;;;;;;;;;;;;;;;;;;;;;;;;;;;;;;;;;;;;;;;;;;;;;;;;;;;;;;;;;;;;;;;;;;;;;;;;;;;;;;;;;;;;;;;;;;;;;;;;;;;;;;;;;;;;;;;;;;;;;;;;;;;;;;;;;;;;;;;;;;;;;;;;;;;;;;;;;;;;;;;;;;;;;;;;;;;;;;;;;;;;;;;;;;;;;;;;;;;;;;;;;;;;;;;;;;;;;;;;;;;;;;;;;;;;;;;;;;;;;;;;;;;;;;;;;;;;;;;;;;;;;;;;;;;;;;;;;;;;;;;;;;;;;;;;;;;;;;;;;;;;;;;;;;;;;;;;;;;;;;;;;;;;;;;;;;;;;;;;;;;;;;;;;;;;;;;;;;;;;;;;;;;;;;;;;;;;0;4.20;7.10;2.30;9.00;10.40;8.60;165;290;88;163;159;934.20;;;;3.00;;;;25.00;27.00;23.00
1393396200000;2014-02-26T07:30:00.000+0100;;52.00;;;;;;;1.00;-9.70;377.10;377.70;377.60;199.00;195.00;196.00;;;;;;;;;;;;;;;;;;;;;;;;;;;;;;;;;;;;;;;;;;;;;;;;;;;;;;;;;;;;50.00;;;;;;;;;;;;;;;;;;;;;;;;;;;;;;;;;;;;;;33.00;42.00;32.00;8.00;;;;20.00;23.00;20.00;;;;;;;;;;;;;;;;;;;;;;;;;;;;;;;;;;;;55.00;55.00;55.00;;;;;;;;;;;;;;;;;;;;;;;;;;;;;;;;;;;;;;;;;;;;;;;;;;;;;;;;;;;;;;;;;;;;;;;;;;;;;;;;;;;;;;;;;;;;;;;;;;;;;;;;;;;;;;;;;;;;;;;;;;;;;;;;;;;;;;;;;;;;;;;;;;;;;;;;;;;;;;;;;;;;;;;;;;;;;;;;;;;;;;;;;;;;;;;;;;;;;;;;;;;;;;;;;;;;;;;;;;;;;;;;;;;;;;;;;;;;;;;;;;;;;;;;;;;;;;;;;;;;;;;;;;;;;;;;;;;;;;;;;;;;;;;;;;;;;;;;;;;;;;;;;;;;;;;;;;;;;;;;;;;;;;;;;;;;;;;;;;;;;;;;;;;;;;;;;;;;;;;;;;;;;;;;;;;;;;;;;;;;;;;;;;;;;;;;;;;;;;;;;;;;;;;;;;;;;;;;;;;;;;;;;;;;;;;;;;;;;;;;;;;;;;;;;;;;;;;;;;;;;;;;;;;;;;;;;;;;;;;;;0;4.90;7.50;2.90;9.50;11.10;8.70;223;347;150;163;161;990.30;;;;4.00;;;;26.00;27.00;22.00
1393396800000;2014-02-26T07:40:00.000+0100;;52.00;;;;;;;1.00;-7.00;376.30;377.00;376.70;145.00;143.00;141.00;;;;;;;;;;;;;;;;;;;;;;;;;;;;;;;;;;;;;;;;;;;;;;;;;;;;;;;;;;;;50.00;;;;;;;;;;;;;;;;;;;;;;;;;;;;;;;;;;;;;;33.00;42.00;32.00;8.00;;;;20.00;23.00;20.00;;;;;;;;;;;;;;;;;;;;;;;;;;;;;;;;;;;;55.00;55.00;56.00;;;;;;;;;;;;;;;;;;;;;;;;;;;;;;;;;;;;;;;;;;;;;;;;;;;;;;;;;;;;;;;;;;;;;;;;;;;;;;;;;;;;;;;;;;;;;;;;;;;;;;;;;;;;;;;;;;;;;;;;;;;;;;;;;;;;;;;;;;;;;;;;;;;;;;;;;;;;;;;;;;;;;;;;;;;;;;;;;;;;;;;;;;;;;;;;;;;;;;;;;;;;;;;;;;;;;;;;;;;;;;;;;;;;;;;;;;;;;;;;;;;;;;;;;;;;;;;;;;;;;;;;;;;;;;;;;;;;;;;;;;;;;;;;;;;;;;;;;;;;;;;;;;;;;;;;;;;;;;;;;;;;;;;;;;;;;;;;;;;;;;;;;;;;;;;;;;;;;;;;;;;;;;;;;;;;;;;;;;;;;;;;;;;;;;;;;;;;;;;;;;;;;;;;;;;;;;;;;;;;;;;;;;;;;;;;;;;;;;;;;;;;;;;;;;;;;;;;;;;;;;;;;;;;;;;;;;;;;;;;;0;4.10;6.60;2.40;8.90;9.40;8.60;160;228;85;163;162;928.00;;;;4.00;;;;25.00;27.00;21.00
1393397400000;2014-02-26T07:50:00.000+0100;;52.00;;;;;;;1.00;-5.70;375.30;376.00;375.70;120.00;117.00;115.00;;;;;;;;;;;;;;;;;;;;;;;;;;;;;;;;;;;;;;;;;;;;;;;;;;;;;;;;;;;;50.00;;;;;;;;;;;;;;;;;;;;;;;;;;;;;;;;;;;;;;33.00;42.00;32.00;8.00;;;;20.00;23.00;20.00;;;;;;;;;;;;;;;;;;;;;;;;;;;;;;;;;;;;55.00;54.00;55.00;;;;;;;;;;;;;;;;;;;;;;;;;;;;;;;;;;;;;;;;;;;;;;;;;;;;;;;;;;;;;;;;;;;;;;;;;;;;;;;;;;;;;;;;;;;;;;;;;;;;;;;;;;;;;;;;;;;;;;;;;;;;;;;;;;;;;;;;;;;;;;;;;;;;;;;;;;;;;;;;;;;;;;;;;;;;;;;;;;;;;;;;;;;;;;;;;;;;;;;;;;;;;;;;;;;;;;;;;;;;;;;;;;;;;;;;;;;;;;;;;;;;;;;;;;;;;;;;;;;;;;;;;;;;;;;;;;;;;;;;;;;;;;;;;;;;;;;;;;;;;;;;;;;;;;;;;;;;;;;;;;;;;;;;;;;;;;;;;;;;;;;;;;;;;;;;;;;;;;;;;;;;;;;;;;;;;;;;;;;;;;;;;;;;;;;;;;;;;;;;;;;;;;;;;;;;;;;;;;;;;;;;;;;;;;;;;;;;;;;;;;;;;;;;;;;;;;;;;;;;;;;;;;;;;;;;;;;;;;;;;0;3.90;6.00;2.40;8.90;9.30;8.50;131;203;63;163;159;922.50;;;;4.00;;;;25.00;32.00;23.00
1393398000000;2014-02-26T08:00:00.000+0100;;52.00;;;;;;;1.00;-6.40;376.60;377.20;376.90;133.00;130.00;129.00;;;;;;;;;;;;;;;;;;;;;;;;;;;;;;;;;;;;;;;;;;;;;;;;;;;;;;;;;;;;50.00;;;;;;;;;;;;;;;;;;;;;;;;;;;;;;;;;;;;;;33.00;42.00;32.00;8.00;;;;20.00;23.00;20.00;;;;;;;;;;;;;;;;;;;;;;;;;;;;;;;;;;;;54.00;54.00;55.00;;;;;;;;;;;;;;;;;;;;;;;;;;;;;;;;;;;;;;;;;;;;;;;;;;;;;;;;;;;;;;;;;;;;;;;;;;;;;;;;;;;;;;;;;;;;;;;;;;;;;;;;;;;;;;;;;;;;;;;;;;;;;;;;;;;;;;;;;;;;;;;;;;;;;;;;;;;;;;;;;;;;;;;;;;;;;;;;;;;;;;;;;;;;;;;;;;;;;;;;;;;;;;;;;;;;;;;;;;;;;;;;;;;;;;;;;;;;;;;;;;;;;;;;;;;;;;;;;;;;;;;;;;;;;;;;;;;;;;;;;;;;;;;;;;;;;;;;;;;;;;;;;;;;;;;;;;;;;;;;;;;;;;;;;;;;;;;;;;;;;;;;;;;;;;;;;;;;;;;;;;;;;;;;;;;;;;;;;;;;;;;;;;;;;;;;;;;;;;;;;;;;;;;;;;;;;;;;;;;;;;;;;;;;;;;;;;;;;;;;;;;;;;;;;;;;;;;;;;;;;;;;;;;;;;;;;;;;;;;;;0;4.00;6.40;1.90;8.90;9.80;8.50;148;240;39;163;157;926.90;;;;4.00;;;;26.00;37.00;22.00
1393398600000;2014-02-26T08:10:00.000+0100;;52.00;;;;;;;1.00;-5.60;377.90;378.40;378.30;117.00;114.00;113.00;;;;;;;;;;;;;;;;;;;;;;;;;;;;;;;;;;;;;;;;;;;;;;;;;;;;;;;;;;;;50.00;;;;;;;;;;;;;;;;;;;;;;;;;;;;;;;;;;;;;;33.00;42.00;32.00;8.00;;;;20.00;22.00;20.00;;;;;;;;;;;;;;;;;;;;;;;;;;;;;;;;;;;;54.00;54.00;55.00;;;;;;;;;;;;;;;;;;;;;;;;;;;;;;;;;;;;;;;;;;;;;;;;;;;;;;;;;;;;;;;;;;;;;;;;;;;;;;;;;;;;;;;;;;;;;;;;;;;;;;;;;;;;;;;;;;;;;;;;;;;;;;;;;;;;;;;;;;;;;;;;;;;;;;;;;;;;;;;;;;;;;;;;;;;;;;;;;;;;;;;;;;;;;;;;;;;;;;;;;;;;;;;;;;;;;;;;;;;;;;;;;;;;;;;;;;;;;;;;;;;;;;;;;;;;;;;;;;;;;;;;;;;;;;;;;;;;;;;;;;;;;;;;;;;;;;;;;;;;;;;;;;;;;;;;;;;;;;;;;;;;;;;;;;;;;;;;;;;;;;;;;;;;;;;;;;;;;;;;;;;;;;;;;;;;;;;;;;;;;;;;;;;;;;;;;;;;;;;;;;;;;;;;;;;;;;;;;;;;;;;;;;;;;;;;;;;;;;;;;;;;;;;;;;;;;;;;;;;;;;;;;;;;;;;;;;;;;;;;;0;3.70;6.00;2.40;8.80;9.10;8.50;129;225;72;163;157;920.40;;;;4.00;;;;25.00;40.00;20.00
1393399200000;2014-02-26T08:20:00.000+0100;;52.00;;;;;;;1.00;-5.30;377.40;377.90;377.70;110.00;108.00;106.00;;;;;;;;;;;;;;;;;;;;;;;;;;;;;;;;;;;;;;;;;;;;;;;;;;;;;;;;;;;;50.00;;;;;;;;;;;;;;;;;;;;;;;;;;;;;;;;;;;;;;33.00;42.00;32.00;8.00;;;;20.00;22.00;20.00;;;;;;;;;;;;;;;;;;;;;;;;;;;;;;;;;;;;54.00;54.00;55.00;;;;;;;;;;;;;;;;;;;;;;;;;;;;;;;;;;;;;;;;;;;;;;;;;;;;;;;;;;;;;;;;;;;;;;;;;;;;;;;;;;;;;;;;;;;;;;;;;;;;;;;;;;;;;;;;;;;;;;;;;;;;;;;;;;;;;;;;;;;;;;;;;;;;;;;;;;;;;;;;;;;;;;;;;;;;;;;;;;;;;;;;;;;;;;;;;;;;;;;;;;;;;;;;;;;;;;;;;;;;;;;;;;;;;;;;;;;;;;;;;;;;;;;;;;;;;;;;;;;;;;;;;;;;;;;;;;;;;;;;;;;;;;;;;;;;;;;;;;;;;;;;;;;;;;;;;;;;;;;;;;;;;;;;;;;;;;;;;;;;;;;;;;;;;;;;;;;;;;;;;;;;;;;;;;;;;;;;;;;;;;;;;;;;;;;;;;;;;;;;;;;;;;;;;;;;;;;;;;;;;;;;;;;;;;;;;;;;;;;;;;;;;;;;;;;;;;;;;;;;;;;;;;;;;;;;;;;;;;;;;0;3.70;5.60;2.10;8.80;9.10;8.40;122;191;36;155;151;920.00;;;;4.00;;;;26.00;42.00;23.00
1393399800000;2014-02-26T08:30:00.000+0100;;52.00;;;;;;;1.00;-7.00;377.50;378.00;377.80;145.00;142.00;141.00;;;;;;;;;;;;;;;;;;;;;;;;;;;;;;;;;;;;;;;;;;;;;;;;;;;;;;;;;;;;50.00;;;;;;;;;;;;;;;;;;;;;;;;;;;;;;;;;;;;;;33.00;42.00;32.00;8.00;;;;20.00;22.00;20.00;;;;;;;;;;;;;;;;;;;;;;;;;;;;;;;;;;;;54.00;54.00;55.00;;;;;;;;;;;;;;;;;;;;;;;;;;;;;;;;;;;;;;;;;;;;;;;;;;;;;;;;;;;;;;;;;;;;;;;;;;;;;;;;;;;;;;;;;;;;;;;;;;;;;;;;;;;;;;;;;;;;;;;;;;;;;;;;;;;;;;;;;;;;;;;;;;;;;;;;;;;;;;;;;;;;;;;;;;;;;;;;;;;;;;;;;;;;;;;;;;;;;;;;;;;;;;;;;;;;;;;;;;;;;;;;;;;;;;;;;;;;;;;;;;;;;;;;;;;;;;;;;;;;;;;;;;;;;;;;;;;;;;;;;;;;;;;;;;;;;;;;;;;;;;;;;;;;;;;;;;;;;;;;;;;;;;;;;;;;;;;;;;;;;;;;;;;;;;;;;;;;;;;;;;;;;;;;;;;;;;;;;;;;;;;;;;;;;;;;;;;;;;;;;;;;;;;;;;;;;;;;;;;;;;;;;;;;;;;;;;;;;;;;;;;;;;;;;;;;;;;;;;;;;;;;;;;;;;;;;;;;;;;;;0;4.30;6.80;2.30;9.30;10.80;8.60;161;322;60;147;141;967.90;;;;4.00;;;;26.00;43.00;21.00
1393400400000;2014-02-26T08:40:00.000+0100;;52.00;;;;;;;1.00;-8.90;377.40;378.00;377.80;182.00;180.00;178.00;;;;;;;;;;;;;;;;;;;;;;;;;;;;;;;;;;;;;;;;;;;;;;;;;;;;;;;;;;;;50.00;;;;;;;;;;;;;;;;;;;;;;;;;;;;;;;;;;;;;;33.00;42.00;32.00;9.00;;;;20.00;22.00;20.00;;;;;;;;;;;;;;;;;;;;;;;;;;;;;;;;;;;;55.00;55.00;56.00;;;;;;;;;;;;;;;;;;;;;;;;;;;;;;;;;;;;;;;;;;;;;;;;;;;;;;;;;;;;;;;;;;;;;;;;;;;;;;;;;;;;;;;;;;;;;;;;;;;;;;;;;;;;;;;;;;;;;;;;;;;;;;;;;;;;;;;;;;;;;;;;;;;;;;;;;;;;;;;;;;;;;;;;;;;;;;;;;;;;;;;;;;;;;;;;;;;;;;;;;;;;;;;;;;;;;;;;;;;;;;;;;;;;;;;;;;;;;;;;;;;;;;;;;;;;;;;;;;;;;;;;;;;;;;;;;;;;;;;;;;;;;;;;;;;;;;;;;;;;;;;;;;;;;;;;;;;;;;;;;;;;;;;;;;;;;;;;;;;;;;;;;;;;;;;;;;;;;;;;;;;;;;;;;;;;;;;;;;;;;;;;;;;;;;;;;;;;;;;;;;;;;;;;;;;;;;;;;;;;;;;;;;;;;;;;;;;;;;;;;;;;;;;;;;;;;;;;;;;;;;;;;;;;;;;;;;;;;;;;;0;4.80;6.80;3.30;9.30;10.40;8.70;203;299;119;137;138;970.70;;;;4.00;;;;26.00;44.00;21.00
1393401000000;2014-02-26T08:50:00.000+0100;;53.00;;;;;;;1.00;-9.50;377.40;377.90;377.60;195.00;192.00;191.00;;;;;;;;;;;;;;;;;;;;;;;;;;;;;;;;;;;;;;;;;;;;;;;;;;;;;;;;;;;;50.00;;;;;;;;;;;;;;;;;;;;;;;;;;;;;;;;;;;;;;33.00;42.00;32.00;9.00;;;;20.00;22.00;20.00;;;;;;;;;;;;;;;;;;;;;;;;;;;;;;;;;;;;55.00;55.00;56.00;;;;;;;;;;;;;;;;;;;;;;;;;;;;;;;;;;;;;;;;;;;;;;;;;;;;;;;;;;;;;;;;;;;;;;;;;;;;;;;;;;;;;;;;;;;;;;;;;;;;;;;;;;;;;;;;;;;;;;;;;;;;;;;;;;;;;;;;;;;;;;;;;;;;;;;;;;;;;;;;;;;;;;;;;;;;;;;;;;;;;;;;;;;;;;;;;;;;;;;;;;;;;;;;;;;;;;;;;;;;;;;;;;;;;;;;;;;;;;;;;;;;;;;;;;;;;;;;;;;;;;;;;;;;;;;;;;;;;;;;;;;;;;;;;;;;;;;;;;;;;;;;;;;;;;;;;;;;;;;;;;;;;;;;;;;;;;;;;;;;;;;;;;;;;;;;;;;;;;;;;;;;;;;;;;;;;;;;;;;;;;;;;;;;;;;;;;;;;;;;;;;;;;;;;;;;;;;;;;;;;;;;;;;;;;;;;;;;;;;;;;;;;;;;;;;;;;;;;;;;;;;;;;;;;;;;;;;;;;;;;0;5.10;7.00;3.60;9.60;10.70;8.90;218;333;113;137;139;1003.10;;;;4.00;;;;25.00;44.00;21.00
1393401600000;2014-02-26T09:00:00.000+0100;;53.00;;;;;;;1.00;-10.70;377.40;378.00;377.70;218.00;215.00;215.00;;;;;;;;;;;;;;;;;;;;;;;;;;;;;;;;;;;;;;;;;;;;;;;;;;;;;;;;;;;;50.00;;;;;;;;;;;;;;;;;;;;;;;;;;;;;;;;;;;;;;33.00;42.00;33.00;9.00;;;;20.00;22.00;20.00;;;;;;;;;;;;;;;;;;;;;;;;;;;;;;;;;;;;56.00;56.00;57.00;;;;;;;;;;;;;;;;;;;;;;;;;;;;;;;;;;;;;;;;;;;;;;;;;;;;;;;;;;;;;;;;;;;;;;;;;;;;;;;;;;;;;;;;;;;;;;;;;;;;;;;;;;;;;;;;;;;;;;;;;;;;;;;;;;;;;;;;;;;;;;;;;;;;;;;;;;;;;;;;;;;;;;;;;;;;;;;;;;;;;;;;;;;;;;;;;;;;;;;;;;;;;;;;;;;;;;;;;;;;;;;;;;;;;;;;;;;;;;;;;;;;;;;;;;;;;;;;;;;;;;;;;;;;;;;;;;;;;;;;;;;;;;;;;;;;;;;;;;;;;;;;;;;;;;;;;;;;;;;;;;;;;;;;;;;;;;;;;;;;;;;;;;;;;;;;;;;;;;;;;;;;;;;;;;;;;;;;;;;;;;;;;;;;;;;;;;;;;;;;;;;;;;;;;;;;;;;;;;;;;;;;;;;;;;;;;;;;;;;;;;;;;;;;;;;;;;;;;;;;;;;;;;;;;;;;;;;;;;;;;0;5.20;7.40;3.50;9.90;11.30;8.90;244;367;148;137;139;1029.20;;;;4.00;;;;25.00;44.00;21.00
1393402200000;2014-02-26T09:10:00.000+0100;;53.00;;;;;;;1.00;-8.60;377.90;378.40;378.10;163.00;162.00;160.00;;;;;;;;;;;;;;;;;;;;;;;;;;;;;;;;;;;;;;;;;;;;;;;;;;;;;;;;;;;;50.00;;;;;;;;;;;;;;;;;;;;;;;;;;;;;;;;;;;;;;33.00;42.00;33.00;9.00;;;;20.00;22.00;20.00;;;;;;;;;;;;;;;;;;;;;;;;;;;;;;;;;;;;56.00;56.00;57.00;;;;;;;;;;;;;;;;;;;;;;;;;;;;;;;;;;;;;;;;;;;;;;;;;;;;;;;;;;;;;;;;;;;;;;;;;;;;;;;;;;;;;;;;;;;;;;;;;;;;;;;;;;;;;;;;;;;;;;;;;;;;;;;;;;;;;;;;;;;;;;;;;;;;;;;;;;;;;;;;;;;;;;;;;;;;;;;;;;;;;;;;;;;;;;;;;;;;;;;;;;;;;;;;;;;;;;;;;;;;;;;;;;;;;;;;;;;;;;;;;;;;;;;;;;;;;;;;;;;;;;;;;;;;;;;;;;;;;;;;;;;;;;;;;;;;;;;;;;;;;;;;;;;;;;;;;;;;;;;;;;;;;;;;;;;;;;;;;;;;;;;;;;;;;;;;;;;;;;;;;;;;;;;;;;;;;;;;;;;;;;;;;;;;;;;;;;;;;;;;;;;;;;;;;;;;;;;;;;;;;;;;;;;;;;;;;;;;;;;;;;;;;;;;;;;;;;;;;;;;;;;;;;;;;;;;;;;;;;;;;0;4.70;6.70;3.10;9.20;10.00;8.70;182;247;81;138;143;957.90;;;;4.00;;;;25.00;43.00;21.00
1393402800000;2014-02-26T09:20:00.000+0100;;52.00;;;;;;;1.00;-11.30;378.10;378.60;378.30;102.00;101.00;100.00;;;;;;;;;;;;;;;;;;;;;;;;;;;;;;;;;;;;;;;;;;;;;;;;;;;;;;;;;;;;50.00;;;;;;;;;;;;;;;;;;;;;;;;;;;;;;;;;;;;;;33.00;42.00;32.00;9.00;;;;20.00;22.00;19.00;;;;;;;;;;;;;;;;;;;;;;;;;;;;;;;;;;;;56.00;55.00;56.00;;;;;;;;;;;;;;;;;;;;;;;;;;;;;;;;;;;;;;;;;;;;;;;;;;;;;;;;;;;;;;;;;;;;;;;;;;;;;;;;;;;;;;;;;;;;;;;;;;;;;;;;;;;;;;;;;;;;;;;;;;;;;;;;;;;;;;;;;;;;;;;;;;;;;;;;;;;;;;;;;;;;;;;;;;;;;;;;;;;;;;;;;;;;;;;;;;;;;;;;;;;;;;;;;;;;;;;;;;;;;;;;;;;;;;;;;;;;;;;;;;;;;;;;;;;;;;;;;;;;;;;;;;;;;;;;;;;;;;;;;;;;;;;;;;;;;;;;;;;;;;;;;;;;;;;;;;;;;;;;;;;;;;;;;;;;;;;;;;;;;;;;;;;;;;;;;;;;;;;;;;;;;;;;;;;;;;;;;;;;;;;;;;;;;;;;;;;;;;;;;;;;;;;;;;;;;;;;;;;;;;;;;;;;;;;;;;;;;;;;;;;;;;;;;;;;;;;;;;;;;;;;;;;;;;;;;;;;;;;;;0;4.20;6.20;2.70;8.90;9.40;8.60;113;182;36;148;152;929.90;;;;4.00;;;;25.00;43.00;21.00
1393403400000;2014-02-26T09:30:00.000+0100;;51.00;;;;;;;1.00;-13.80;377.70;378.20;377.90;64.00;63.00;61.00;;;;;;;;;;;;;;;;;;;;;;;;;;;;;;;;;;;;;;;;;;;;;;;;;;;;;;;;;;;;50.00;;;;;;;;;;;;;;;;;;;;;;;;;;;;;;;;;;;;;;33.00;42.00;32.00;9.00;;;;20.00;22.00;19.00;;;;;;;;;;;;;;;;;;;;;;;;;;;;;;;;;;;;55.00;55.00;56.00;;;;;;;;;;;;;;;;;;;;;;;;;;;;;;;;;;;;;;;;;;;;;;;;;;;;;;;;;;;;;;;;;;;;;;;;;;;;;;;;;;;;;;;;;;;;;;;;;;;;;;;;;;;;;;;;;;;;;;;;;;;;;;;;;;;;;;;;;;;;;;;;;;;;;;;;;;;;;;;;;;;;;;;;;;;;;;;;;;;;;;;;;;;;;;;;;;;;;;;;;;;;;;;;;;;;;;;;;;;;;;;;;;;;;;;;;;;;;;;;;;;;;;;;;;;;;;;;;;;;;;;;;;;;;;;;;;;;;;;;;;;;;;;;;;;;;;;;;;;;;;;;;;;;;;;;;;;;;;;;;;;;;;;;;;;;;;;;;;;;;;;;;;;;;;;;;;;;;;;;;;;;;;;;;;;;;;;;;;;;;;;;;;;;;;;;;;;;;;;;;;;;;;;;;;;;;;;;;;;;;;;;;;;;;;;;;;;;;;;;;;;;;;;;;;;;;;;;;;;;;;;;;;;;;;;;;;;;;;;;;0;3.80;5.60;2.50;8.90;9.40;8.70;68;163;9;157;164;923.60;;;;4.00;;;;25.00;42.00;21.00
1393404000000;2014-02-26T09:40:00.000+0100;;51.00;;;;;;;1.00;-15.70;377.70;378.10;377.90;51.00;52.00;49.00;;;;;;;;;;;;;;;;;;;;;;;;;;;;;;;;;;;;;;;;;;;;;;;;;;;;;;;;;;;;50.00;;;;;;;;;;;;;;;;;;;;;;;;;;;;;;;;;;;;;;32.00;41.00;32.00;9.00;;;;19.00;22.00;19.00;;;;;;;;;;;;;;;;;;;;;;;;;;;;;;;;;;;;54.00;54.00;55.00;;;;;;;;;;;;;;;;;;;;;;;;;;;;;;;;;;;;;;;;;;;;;;;;;;;;;;;;;;;;;;;;;;;;;;;;;;;;;;;;;;;;;;;;;;;;;;;;;;;;;;;;;;;;;;;;;;;;;;;;;;;;;;;;;;;;;;;;;;;;;;;;;;;;;;;;;;;;;;;;;;;;;;;;;;;;;;;;;;;;;;;;;;;;;;;;;;;;;;;;;;;;;;;;;;;;;;;;;;;;;;;;;;;;;;;;;;;;;;;;;;;;;;;;;;;;;;;;;;;;;;;;;;;;;;;;;;;;;;;;;;;;;;;;;;;;;;;;;;;;;;;;;;;;;;;;;;;;;;;;;;;;;;;;;;;;;;;;;;;;;;;;;;;;;;;;;;;;;;;;;;;;;;;;;;;;;;;;;;;;;;;;;;;;;;;;;;;;;;;;;;;;;;;;;;;;;;;;;;;;;;;;;;;;;;;;;;;;;;;;;;;;;;;;;;;;;;;;;;;;;;;;;;;;;;;;;;;;;;;;;0;3.70;5.50;2.40;8.80;9.00;8.70;53;130;3;173;173;920.40;;;;5.00;;;;25.00;42.00;21.00
1393404600000;2014-02-26T09:50:00.000+0100;;51.00;;;;;;;0.90;-23.50;377.70;378.20;377.80;57.00;56.00;54.00;;;;;;;;;;;;;;;;;;;;;;;;;;;;;;;;;;;;;;;;;;;;;;;;;;;;;;;;;;;;50.00;;;;;;;;;;;;;;;;;;;;;;;;;;;;;;;;;;;;;;32.00;41.00;32.00;10.00;;;;19.00;22.00;19.00;;;;;;;;;;;;;;;;;;;;;;;;;;;;;;;;;;;;54.00;54.00;55.00;;;;;;;;;;;;;;;;;;;;;;;;;;;;;;;;;;;;;;;;;;;;;;;;;;;;;;;;;;;;;;;;;;;;;;;;;;;;;;;;;;;;;;;;;;;;;;;;;;;;;;;;;;;;;;;;;;;;;;;;;;;;;;;;;;;;;;;;;;;;;;;;;;;;;;;;;;;;;;;;;;;;;;;;;;;;;;;;;;;;;;;;;;;;;;;;;;;;;;;;;;;;;;;;;;;;;;;;;;;;;;;;;;;;;;;;;;;;;;;;;;;;;;;;;;;;;;;;;;;;;;;;;;;;;;;;;;;;;;;;;;;;;;;;;;;;;;;;;;;;;;;;;;;;;;;;;;;;;;;;;;;;;;;;;;;;;;;;;;;;;;;;;;;;;;;;;;;;;;;;;;;;;;;;;;;;;;;;;;;;;;;;;;;;;;;;;;;;;;;;;;;;;;;;;;;;;;;;;;;;;;;;;;;;;;;;;;;;;;;;;;;;;;;;;;;;;;;;;;;;;;;;;;;;;;;;;;;;;;;;;0;3.80;5.60;2.20;8.80;9.00;8.70;56;131;8;172;169;921.00;;;;5.00;;;;25.00;42.00;21.00
1393405200000;2014-02-26T10:00:00.000+0100;;49.00;;;;;;;0.00;1.60;377.90;378.40;378.10;29.00;31.00;30.00;;;;;;;;;;;;;;;;;;;;;;;;;;;;;;;;;;;;;;;;;;;;;;;;;;;;;;;;;;;;50.00;;;;;;;;;;;;;;;;;;;;;;;;;;;;;;;;;;;;;;33.00;41.00;31.00;10.00;;;;19.00;22.00;19.00;;;;;;;;;;;;;;;;;;;;;;;;;;;;;;;;;;;;52.00;52.00;53.00;;;;;;;;;;;;;;;;;;;;;;;;;;;;;;;;;;;;;;;;;;;;;;;;;;;;;;;;;;;;;;;;;;;;;;;;;;;;;;;;;;;;;;;;;;;;;;;;;;;;;;;;;;;;;;;;;;;;;;;;;;;;;;;;;;;;;;;;;;;;;;;;;;;;;;;;;;;;;;;;;;;;;;;;;;;;;;;;;;;;;;;;;;;;;;;;;;;;;;;;;;;;;;;;;;;;;;;;;;;;;;;;;;;;;;;;;;;;;;;;;;;;;;;;;;;;;;;;;;;;;;;;;;;;;;;;;;;;;;;;;;;;;;;;;;;;;;;;;;;;;;;;;;;;;;;;;;;;;;;;;;;;;;;;;;;;;;;;;;;;;;;;;;;;;;;;;;;;;;;;;;;;;;;;;;;;;;;;;;;;;;;;;;;;;;;;;;;;;;;;;;;;;;;;;;;;;;;;;;;;;;;;;;;;;;;;;;;;;;;;;;;;;;;;;;;;;;;;;;;;;;;;;;;;;;;;;;;;;;;;;0;3.30;5.40;1.30;6.50;9.30;2.10;10;135;-31;157;157;680.90;;;;5.00;;;;25.00;42.00;22.00
1393405800000;2014-02-26T10:10:00.000+0100;;50.00;;;;;;;-0.40;0.70;378.30;378.80;378.50;17.00;20.00;19.00;;;;;;;;;;;;;;;;;;;;;;;;;;;;;;;;;;;;;;;;;;;;;;;;;;;;;;;;;;;;50.00;;;;;;;;;;;;;;;;;;;;;;;;;;;;;;;;;;;;;;33.00;42.00;31.00;10.00;;;;19.00;22.00;19.00;;;;;;;;;;;;;;;;;;;;;;;;;;;;;;;;;;;;50.00;50.00;51.00;;;;;;;;;;;;;;;;;;;;;;;;;;;;;;;;;;;;;;;;;;;;;;;;;;;;;;;;;;;;;;;;;;;;;;;;;;;;;;;;;;;;;;;;;;;;;;;;;;;;;;;;;;;;;;;;;;;;;;;;;;;;;;;;;;;;;;;;;;;;;;;;;;;;;;;;;;;;;;;;;;;;;;;;;;;;;;;;;;;;;;;;;;;;;;;;;;;;;;;;;;;;;;;;;;;;;;;;;;;;;;;;;;;;;;;;;;;;;;;;;;;;;;;;;;;;;;;;;;;;;;;;;;;;;;;;;;;;;;;;;;;;;;;;;;;;;;;;;;;;;;;;;;;;;;;;;;;;;;;;;;;;;;;;;;;;;;;;;;;;;;;;;;;;;;;;;;;;;;;;;;;;;;;;;;;;;;;;;;;;;;;;;;;;;;;;;;;;;;;;;;;;;;;;;;;;;;;;;;;;;;;;;;;;;;;;;;;;;;;;;;;;;;;;;;;;;;;;;;;;;;;;;;;;;;;;;;;;;;;;;0;3.10;5.00;0.90;5.40;9.00;1.90;-1;58;-32;155;154;564.00;;;;5.00;;;;26.00;42.00;22.00
1393406400000;2014-02-26T10:20:00.000+0100;;49.00;;;;;;;0.60;-10.60;377.70;378.10;378.00;25.00;25.00;24.00;;;;;;;;;;;;;;;;;;;;;;;;;;;;;;;;;;;;;;;;;;;;;;;;;;;;;;;;;;;;50.00;;;;;;;;;;;;;;;;;;;;;;;;;;;;;;;;;;;;;;33.00;42.00;31.00;10.00;;;;19.00;22.00;19.00;;;;;;;;;;;;;;;;;;;;;;;;;;;;;;;;;;;;49.00;48.00;49.00;;;;;;;;;;;;;;;;;;;;;;;;;;;;;;;;;;;;;;;;;;;;;;;;;;;;;;;;;;;;;;;;;;;;;;;;;;;;;;;;;;;;;;;;;;;;;;;;;;;;;;;;;;;;;;;;;;;;;;;;;;;;;;;;;;;;;;;;;;;;;;;;;;;;;;;;;;;;;;;;;;;;;;;;;;;;;;;;;;;;;;;;;;;;;;;;;;;;;;;;;;;;;;;;;;;;;;;;;;;;;;;;;;;;;;;;;;;;;;;;;;;;;;;;;;;;;;;;;;;;;;;;;;;;;;;;;;;;;;;;;;;;;;;;;;;;;;;;;;;;;;;;;;;;;;;;;;;;;;;;;;;;;;;;;;;;;;;;;;;;;;;;;;;;;;;;;;;;;;;;;;;;;;;;;;;;;;;;;;;;;;;;;;;;;;;;;;;;;;;;;;;;;;;;;;;;;;;;;;;;;;;;;;;;;;;;;;;;;;;;;;;;;;;;;;;;;;;;;;;;;;;;;;;;;;;;;;;;;;;;;0;3.40;4.90;2.40;8.00;9.10;1.90;17;61;-31;155;151;830.40;;;;6.00;;;;26.00;41.00;24.00
1393407000000;2014-02-26T10:30:00.000+0100;;53.00;;;;;;;0.90;-20.10;378.20;378.70;378.40;40.00;38.00;37.00;;;;;;;;;;;;;;;;;;;;;;;;;;;;;;;;;;;;;;;;;;;;;;;;;;;;;;;;;;;;50.00;;;;;;;;;;;;;;;;;;;;;;;;;;;;;;;;;;;;;;34.00;43.00;32.00;11.00;;;;20.00;22.00;19.00;;;;;;;;;;;;;;;;;;;;;;;;;;;;;;;;;;;;50.00;50.00;51.00;;;;;;;;;;;;;;;;;;;;;;;;;;;;;;;;;;;;;;;;;;;;;;;;;;;;;;;;;;;;;;;;;;;;;;;;;;;;;;;;;;;;;;;;;;;;;;;;;;;;;;;;;;;;;;;;;;;;;;;;;;;;;;;;;;;;;;;;;;;;;;;;;;;;;;;;;;;;;;;;;;;;;;;;;;;;;;;;;;;;;;;;;;;;;;;;;;;;;;;;;;;;;;;;;;;;;;;;;;;;;;;;;;;;;;;;;;;;;;;;;;;;;;;;;;;;;;;;;;;;;;;;;;;;;;;;;;;;;;;;;;;;;;;;;;;;;;;;;;;;;;;;;;;;;;;;;;;;;;;;;;;;;;;;;;;;;;;;;;;;;;;;;;;;;;;;;;;;;;;;;;;;;;;;;;;;;;;;;;;;;;;;;;;;;;;;;;;;;;;;;;;;;;;;;;;;;;;;;;;;;;;;;;;;;;;;;;;;;;;;;;;;;;;;;;;;;;;;;;;;;;;;;;;;;;;;;;;;;;;;;0;3.60;5.10;2.30;8.80;9.00;8.70;36;64;6;155;153;920.00;;;;6.00;;;;26.00;42.00;22.00
1393407600000;2014-02-26T10:40:00.000+0100;;55.00;;;;;;;0.80;-46.10;378.00;378.50;378.10;78.00;76.00;75.00;;;;;;;;;;;;;;;;;;;;;;;;;;;;;;;;;;;;;;;;;;;;;;;;;;;;;;;;;;;;50.00;;;;;;;;;;;;;;;;;;;;;;;;;;;;;;;;;;;;;;34.00;44.00;32.00;11.00;;;;20.00;22.00;19.00;;;;;;;;;;;;;;;;;;;;;;;;;;;;;;;;;;;;51.00;51.00;52.00;;;;;;;;;;;;;;;;;;;;;;;;;;;;;;;;;;;;;;;;;;;;;;;;;;;;;;;;;;;;;;;;;;;;;;;;;;;;;;;;;;;;;;;;;;;;;;;;;;;;;;;;;;;;;;;;;;;;;;;;;;;;;;;;;;;;;;;;;;;;;;;;;;;;;;;;;;;;;;;;;;;;;;;;;;;;;;;;;;;;;;;;;;;;;;;;;;;;;;;;;;;;;;;;;;;;;;;;;;;;;;;;;;;;;;;;;;;;;;;;;;;;;;;;;;;;;;;;;;;;;;;;;;;;;;;;;;;;;;;;;;;;;;;;;;;;;;;;;;;;;;;;;;;;;;;;;;;;;;;;;;;;;;;;;;;;;;;;;;;;;;;;;;;;;;;;;;;;;;;;;;;;;;;;;;;;;;;;;;;;;;;;;;;;;;;;;;;;;;;;;;;;;;;;;;;;;;;;;;;;;;;;;;;;;;;;;;;;;;;;;;;;;;;;;;;;;;;;;;;;;;;;;;;;;;;;;;;;;;;;;0;3.90;5.40;2.60;8.80;9.00;8.70;65;123;11;151;150;920.50;;;;7.00;;;;26.00;42.00;22.00
1393408200000;2014-02-26T10:50:00.000+0100;;56.00;;;;;;;0.90;-22.30;378.90;379.50;379.00;49.00;49.00;45.00;;;;;;;;;;;;;;;;;;;;;;;;;;;;;;;;;;;;;;;;;;;;;;;;;;;;;;;;;;;;50.00;;;;;;;;;;;;;;;;;;;;;;;;;;;;;;;;;;;;;;35.00;44.00;32.00;11.00;;;;20.00;22.00;19.00;;;;;;;;;;;;;;;;;;;;;;;;;;;;;;;;;;;;52.00;52.00;53.00;;;;;;;;;;;;;;;;;;;;;;;;;;;;;;;;;;;;;;;;;;;;;;;;;;;;;;;;;;;;;;;;;;;;;;;;;;;;;;;;;;;;;;;;;;;;;;;;;;;;;;;;;;;;;;;;;;;;;;;;;;;;;;;;;;;;;;;;;;;;;;;;;;;;;;;;;;;;;;;;;;;;;;;;;;;;;;;;;;;;;;;;;;;;;;;;;;;;;;;;;;;;;;;;;;;;;;;;;;;;;;;;;;;;;;;;;;;;;;;;;;;;;;;;;;;;;;;;;;;;;;;;;;;;;;;;;;;;;;;;;;;;;;;;;;;;;;;;;;;;;;;;;;;;;;;;;;;;;;;;;;;;;;;;;;;;;;;;;;;;;;;;;;;;;;;;;;;;;;;;;;;;;;;;;;;;;;;;;;;;;;;;;;;;;;;;;;;;;;;;;;;;;;;;;;;;;;;;;;;;;;;;;;;;;;;;;;;;;;;;;;;;;;;;;;;;;;;;;;;;;;;;;;;;;;;;;;;;;;;;;0;3.60;5.10;2.20;8.80;9.00;8.70;47;123;6;150;154;920.10;;;;7.00;;;;26.00;43.00;22.00
1393408800000;2014-02-26T11:00:00.000+0100;;56.00;;;;;;;0.70;-16.40;378.80;379.30;379.00;36.00;35.00;35.00;;;;;;;;;;;;;;;;;;;;;;;;;;;;;;;;;;;;;;;;;;;;;;;;;;;;;;;;;;;;50.00;;;;;;;;;;;;;;;;;;;;;;;;;;;;;;;;;;;;;;35.00;45.00;32.00;11.00;;;;20.00;22.00;19.00;;;;;;;;;;;;;;;;;;;;;;;;;;;;;;;;;;;;53.00;52.00;53.00;;;;;;;;;;;;;;;;;;;;;;;;;;;;;;;;;;;;;;;;;;;;;;;;;;;;;;;;;;;;;;;;;;;;;;;;;;;;;;;;;;;;;;;;;;;;;;;;;;;;;;;;;;;;;;;;;;;;;;;;;;;;;;;;;;;;;;;;;;;;;;;;;;;;;;;;;;;;;;;;;;;;;;;;;;;;;;;;;;;;;;;;;;;;;;;;;;;;;;;;;;;;;;;;;;;;;;;;;;;;;;;;;;;;;;;;;;;;;;;;;;;;;;;;;;;;;;;;;;;;;;;;;;;;;;;;;;;;;;;;;;;;;;;;;;;;;;;;;;;;;;;;;;;;;;;;;;;;;;;;;;;;;;;;;;;;;;;;;;;;;;;;;;;;;;;;;;;;;;;;;;;;;;;;;;;;;;;;;;;;;;;;;;;;;;;;;;;;;;;;;;;;;;;;;;;;;;;;;;;;;;;;;;;;;;;;;;;;;;;;;;;;;;;;;;;;;;;;;;;;;;;;;;;;;;;;;;;;;;;;;0;3.60;5.30;2.00;8.80;9.00;8.40;33;73;-8;156;155;915.90;;;;7.00;;;;26.00;43.00;22.00
1393409400000;2014-02-26T11:10:00.000+0100;;56.00;;;;;;;0.20;6.30;374.90;375.40;375.00;14.00;16.00;14.00;;;;;;;;;;;;;;;;;;;;;;;;;;;;;;;;;;;;;;;;;;;;;;;;;;;;;;;;;;;;50.00;;;;;;;;;;;;;;;;;;;;;;;;;;;;;;;;;;;;;;36.00;45.00;32.00;12.00;;;;20.00;22.00;19.00;;;;;;;;;;;;;;;;;;;;;;;;;;;;;;;;;;;;53.00;52.00;53.00;;;;;;;;;;;;;;;;;;;;;;;;;;;;;;;;;;;;;;;;;;;;;;;;;;;;;;;;;;;;;;;;;;;;;;;;;;;;;;;;;;;;;;;;;;;;;;;;;;;;;;;;;;;;;;;;;;;;;;;;;;;;;;;;;;;;;;;;;;;;;;;;;;;;;;;;;;;;;;;;;;;;;;;;;;;;;;;;;;;;;;;;;;;;;;;;;;;;;;;;;;;;;;;;;;;;;;;;;;;;;;;;;;;;;;;;;;;;;;;;;;;;;;;;;;;;;;;;;;;;;;;;;;;;;;;;;;;;;;;;;;;;;;;;;;;;;;;;;;;;;;;;;;;;;;;;;;;;;;;;;;;;;;;;;;;;;;;;;;;;;;;;;;;;;;;;;;;;;;;;;;;;;;;;;;;;;;;;;;;;;;;;;;;;;;;;;;;;;;;;;;;;;;;;;;;;;;;;;;;;;;;;;;;;;;;;;;;;;;;;;;;;;;;;;;;;;;;;;;;;;;;;;;;;;;;;;;;;;;;;;0;3.10;4.40;1.90;8.70;8.90;7.80;4;22;-27;156;149;900.60;;;;7.00;;;;26.00;43.00;22.00
1393410000000;2014-02-26T11:20:00.000+0100;;52.00;;;;;;;-0.50;-18.40;373.60;373.90;373.80;18.00;19.00;20.00;;;;;;;;;;;;;;;;;;;;;;;;;;;;;;;;;;;;;;;;;;;;;;;;;;;;;;;;;;;;50.00;;;;;;;;;;;;;;;;;;;;;;;;;;;;;;;;;;;;;;36.00;45.00;32.00;12.00;;;;20.00;22.00;19.00;;;;;;;;;;;;;;;;;;;;;;;;;;;;;;;;;;;;49.00;48.00;49.00;;;;;;;;;;;;;;;;;;;;;;;;;;;;;;;;;;;;;;;;;;;;;;;;;;;;;;;;;;;;;;;;;;;;;;;;;;;;;;;;;;;;;;;;;;;;;;;;;;;;;;;;;;;;;;;;;;;;;;;;;;;;;;;;;;;;;;;;;;;;;;;;;;;;;;;;;;;;;;;;;;;;;;;;;;;;;;;;;;;;;;;;;;;;;;;;;;;;;;;;;;;;;;;;;;;;;;;;;;;;;;;;;;;;;;;;;;;;;;;;;;;;;;;;;;;;;;;;;;;;;;;;;;;;;;;;;;;;;;;;;;;;;;;;;;;;;;;;;;;;;;;;;;;;;;;;;;;;;;;;;;;;;;;;;;;;;;;;;;;;;;;;;;;;;;;;;;;;;;;;;;;;;;;;;;;;;;;;;;;;;;;;;;;;;;;;;;;;;;;;;;;;;;;;;;;;;;;;;;;;;;;;;;;;;;;;;;;;;;;;;;;;;;;;;;;;;;;;;;;;;;;;;;;;;;;;;;;;;;;;;0;2.80;4.50;1.40;2.10;7.90;1.70;-10;-9;-35;149;142;223.30;;;;8.00;;;;26.00;42.00;21.00
1393410600000;2014-02-26T11:30:00.000+0100;;48.00;;;;;;;-0.40;-19.80;373.30;373.60;373.60;20.00;20.00;21.00;;;;;;;;;;;;;;;;;;;;;;;;;;;;;;;;;;;;;;;;;;;;;;;;;;;;;;;;;;;;50.00;;;;;;;;;;;;;;;;;;;;;;;;;;;;;;;;;;;;;;36.00;44.00;31.00;12.00;;;;20.00;22.00;20.00;;;;;;;;;;;;;;;;;;;;;;;;;;;;;;;;;;;;44.00;44.00;44.00;;;;;;;;;;;;;;;;;;;;;;;;;;;;;;;;;;;;;;;;;;;;;;;;;;;;;;;;;;;;;;;;;;;;;;;;;;;;;;;;;;;;;;;;;;;;;;;;;;;;;;;;;;;;;;;;;;;;;;;;;;;;;;;;;;;;;;;;;;;;;;;;;;;;;;;;;;;;;;;;;;;;;;;;;;;;;;;;;;;;;;;;;;;;;;;;;;;;;;;;;;;;;;;;;;;;;;;;;;;;;;;;;;;;;;;;;;;;;;;;;;;;;;;;;;;;;;;;;;;;;;;;;;;;;;;;;;;;;;;;;;;;;;;;;;;;;;;;;;;;;;;;;;;;;;;;;;;;;;;;;;;;;;;;;;;;;;;;;;;;;;;;;;;;;;;;;;;;;;;;;;;;;;;;;;;;;;;;;;;;;;;;;;;;;;;;;;;;;;;;;;;;;;;;;;;;;;;;;;;;;;;;;;;;;;;;;;;;;;;;;;;;;;;;;;;;;;;;;;;;;;;;;;;;;;;;;;;;;;;;;0;3.00;4.40;1.80;2.00;2.20;1.70;-10;-8;-28;140;134;207.70;;;;8.00;;;;26.00;40.00;23.00
1393411200000;2014-02-26T11:40:00.000+0100;;47.00;;;;;;;0.00;9.90;373.60;374.00;373.70;24.00;26.00;24.00;;;;;;;;;;;;;;;;;;;;;;;;;;;;;;;;;;;;;;;;;;;;;;;;;;;;;;;;;;;;50.00;;;;;;;;;;;;;;;;;;;;;;;;;;;;;;;;;;;;;;37.00;44.00;31.00;13.00;;;;20.00;22.00;20.00;;;;;;;;;;;;;;;;;;;;;;;;;;;;;;;;;;;;43.00;43.00;43.00;;;;;;;;;;;;;;;;;;;;;;;;;;;;;;;;;;;;;;;;;;;;;;;;;;;;;;;;;;;;;;;;;;;;;;;;;;;;;;;;;;;;;;;;;;;;;;;;;;;;;;;;;;;;;;;;;;;;;;;;;;;;;;;;;;;;;;;;;;;;;;;;;;;;;;;;;;;;;;;;;;;;;;;;;;;;;;;;;;;;;;;;;;;;;;;;;;;;;;;;;;;;;;;;;;;;;;;;;;;;;;;;;;;;;;;;;;;;;;;;;;;;;;;;;;;;;;;;;;;;;;;;;;;;;;;;;;;;;;;;;;;;;;;;;;;;;;;;;;;;;;;;;;;;;;;;;;;;;;;;;;;;;;;;;;;;;;;;;;;;;;;;;;;;;;;;;;;;;;;;;;;;;;;;;;;;;;;;;;;;;;;;;;;;;;;;;;;;;;;;;;;;;;;;;;;;;;;;;;;;;;;;;;;;;;;;;;;;;;;;;;;;;;;;;;;;;;;;;;;;;;;;;;;;;;;;;;;;;;;;;0;3.20;4.60;1.70;6.70;9.00;1.70;4;58;-32;131;129;697.00;;;;8.00;;;;27.00;39.00;22.00
1393411800000;2014-02-26T11:50:00.000+0100;;51.00;;;;;;;0.70;-3.10;374.00;374.50;374.10;64.00;62.00;61.00;;;;;;;;;;;;;;;;;;;;;;;;;;;;;;;;;;;;;;;;;;;;;;;;;;;;;;;;;;;;50.00;;;;;;;;;;;;;;;;;;;;;;;;;;;;;;;;;;;;;;37.00;44.00;32.00;13.00;;;;20.00;22.00;20.00;;;;;;;;;;;;;;;;;;;;;;;;;;;;;;;;;;;;47.00;47.00;47.00;;;;;;;;;;;;;;;;;;;;;;;;;;;;;;;;;;;;;;;;;;;;;;;;;;;;;;;;;;;;;;;;;;;;;;;;;;;;;;;;;;;;;;;;;;;;;;;;;;;;;;;;;;;;;;;;;;;;;;;;;;;;;;;;;;;;;;;;;;;;;;;;;;;;;;;;;;;;;;;;;;;;;;;;;;;;;;;;;;;;;;;;;;;;;;;;;;;;;;;;;;;;;;;;;;;;;;;;;;;;;;;;;;;;;;;;;;;;;;;;;;;;;;;;;;;;;;;;;;;;;;;;;;;;;;;;;;;;;;;;;;;;;;;;;;;;;;;;;;;;;;;;;;;;;;;;;;;;;;;;;;;;;;;;;;;;;;;;;;;;;;;;;;;;;;;;;;;;;;;;;;;;;;;;;;;;;;;;;;;;;;;;;;;;;;;;;;;;;;;;;;;;;;;;;;;;;;;;;;;;;;;;;;;;;;;;;;;;;;;;;;;;;;;;;;;;;;;;;;;;;;;;;;;;;;;;;;;;;;;;;0;3.50;5.40;1.90;8.80;9.00;8.70;47;103;14;125;126;919.90;;;;8.00;;;;26.00;41.00;23.00
1393412400000;2014-02-26T12:00:00.000+0100;;55.00;;;;;;;0.70;-22.00;374.20;374.70;374.30;40.00;39.00;37.00;;;;;;;;;;;;;;;;;;;;;;;;;;;;;;;;;;;;;;;;;;;;;;;;;;;;;;;;;;;;50.00;;;;;;;;;;;;;;;;;;;;;;;;;;;;;;;;;;;;;;37.00;45.00;32.00;13.00;;;;20.00;22.00;20.00;;;;;;;;;;;;;;;;;;;;;;;;;;;;;;;;;;;;49.00;49.00;50.00;;;;;;;;;;;;;;;;;;;;;;;;;;;;;;;;;;;;;;;;;;;;;;;;;;;;;;;;;;;;;;;;;;;;;;;;;;;;;;;;;;;;;;;;;;;;;;;;;;;;;;;;;;;;;;;;;;;;;;;;;;;;;;;;;;;;;;;;;;;;;;;;;;;;;;;;;;;;;;;;;;;;;;;;;;;;;;;;;;;;;;;;;;;;;;;;;;;;;;;;;;;;;;;;;;;;;;;;;;;;;;;;;;;;;;;;;;;;;;;;;;;;;;;;;;;;;;;;;;;;;;;;;;;;;;;;;;;;;;;;;;;;;;;;;;;;;;;;;;;;;;;;;;;;;;;;;;;;;;;;;;;;;;;;;;;;;;;;;;;;;;;;;;;;;;;;;;;;;;;;;;;;;;;;;;;;;;;;;;;;;;;;;;;;;;;;;;;;;;;;;;;;;;;;;;;;;;;;;;;;;;;;;;;;;;;;;;;;;;;;;;;;;;;;;;;;;;;;;;;;;;;;;;;;;;;;;;;;;;;;;0;3.40;5.10;1.80;8.80;9.10;8.40;32;74;-6;130;133;917.20;;;;8.00;;;;26.00;42.00;23.00
1393413000000;2014-02-26T12:10:00.000+0100;;56.00;;;;;;;0.90;-15.80;375.00;375.40;375.10;49.00;48.00;45.00;;;;;;;;;;;;;;;;;;;;;;;;;;;;;;;;;;;;;;;;;;;;;;;;;;;;;;;;;;;;50.00;;;;;;;;;;;;;;;;;;;;;;;;;;;;;;;;;;;;;;37.00;45.00;33.00;13.00;;;;20.00;22.00;20.00;;;;;;;;;;;;;;;;;;;;;;;;;;;;;;;;;;;;51.00;51.00;51.00;;;;;;;;;;;;;;;;;;;;;;;;;;;;;;;;;;;;;;;;;;;;;;;;;;;;;;;;;;;;;;;;;;;;;;;;;;;;;;;;;;;;;;;;;;;;;;;;;;;;;;;;;;;;;;;;;;;;;;;;;;;;;;;;;;;;;;;;;;;;;;;;;;;;;;;;;;;;;;;;;;;;;;;;;;;;;;;;;;;;;;;;;;;;;;;;;;;;;;;;;;;;;;;;;;;;;;;;;;;;;;;;;;;;;;;;;;;;;;;;;;;;;;;;;;;;;;;;;;;;;;;;;;;;;;;;;;;;;;;;;;;;;;;;;;;;;;;;;;;;;;;;;;;;;;;;;;;;;;;;;;;;;;;;;;;;;;;;;;;;;;;;;;;;;;;;;;;;;;;;;;;;;;;;;;;;;;;;;;;;;;;;;;;;;;;;;;;;;;;;;;;;;;;;;;;;;;;;;;;;;;;;;;;;;;;;;;;;;;;;;;;;;;;;;;;;;;;;;;;;;;;;;;;;;;;;;;;;;;;;;0;3.50;5.60;1.70;8.90;9.20;8.70;48;142;0;132;134;921.70;;;;8.00;;;;26.00;43.00;23.00
1393413600000;2014-02-26T12:20:00.000+0100;;57.00;;;;;;;0.90;-17.90;374.70;375.10;374.70;49.00;48.00;46.00;;;;;;;;;;;;;;;;;;;;;;;;;;;;;;;;;;;;;;;;;;;;;;;;;;;;;;;;;;;;50.00;;;;;;;;;;;;;;;;;;;;;;;;;;;;;;;;;;;;;;37.00;46.00;33.00;13.00;;;;20.00;23.00;20.00;;;;;;;;;;;;;;;;;;;;;;;;;;;;;;;;;;;;52.00;52.00;53.00;;;;;;;;;;;;;;;;;;;;;;;;;;;;;;;;;;;;;;;;;;;;;;;;;;;;;;;;;;;;;;;;;;;;;;;;;;;;;;;;;;;;;;;;;;;;;;;;;;;;;;;;;;;;;;;;;;;;;;;;;;;;;;;;;;;;;;;;;;;;;;;;;;;;;;;;;;;;;;;;;;;;;;;;;;;;;;;;;;;;;;;;;;;;;;;;;;;;;;;;;;;;;;;;;;;;;;;;;;;;;;;;;;;;;;;;;;;;;;;;;;;;;;;;;;;;;;;;;;;;;;;;;;;;;;;;;;;;;;;;;;;;;;;;;;;;;;;;;;;;;;;;;;;;;;;;;;;;;;;;;;;;;;;;;;;;;;;;;;;;;;;;;;;;;;;;;;;;;;;;;;;;;;;;;;;;;;;;;;;;;;;;;;;;;;;;;;;;;;;;;;;;;;;;;;;;;;;;;;;;;;;;;;;;;;;;;;;;;;;;;;;;;;;;;;;;;;;;;;;;;;;;;;;;;;;;;;;;;;;;;0;3.60;5.30;2.10;8.80;9.00;8.70;48;96;-7;134;138;919.90;;;;8.00;;;;26.00;43.00;23.00
1393414200000;2014-02-26T12:30:00.000+0100;;57.00;;;;;;;0.60;-15.80;374.40;374.90;374.50;29.00;27.00;26.00;;;;;;;;;;;;;;;;;;;;;;;;;;;;;;;;;;;;;;;;;;;;;;;;;;;;;;;;;;;;50.00;;;;;;;;;;;;;;;;;;;;;;;;;;;;;;;;;;;;;;38.00;46.00;33.00;13.00;;;;20.00;23.00;20.00;;;;;;;;;;;;;;;;;;;;;;;;;;;;;;;;;;;;53.00;53.00;53.00;;;;;;;;;;;;;;;;;;;;;;;;;;;;;;;;;;;;;;;;;;;;;;;;;;;;;;;;;;;;;;;;;;;;;;;;;;;;;;;;;;;;;;;;;;;;;;;;;;;;;;;;;;;;;;;;;;;;;;;;;;;;;;;;;;;;;;;;;;;;;;;;;;;;;;;;;;;;;;;;;;;;;;;;;;;;;;;;;;;;;;;;;;;;;;;;;;;;;;;;;;;;;;;;;;;;;;;;;;;;;;;;;;;;;;;;;;;;;;;;;;;;;;;;;;;;;;;;;;;;;;;;;;;;;;;;;;;;;;;;;;;;;;;;;;;;;;;;;;;;;;;;;;;;;;;;;;;;;;;;;;;;;;;;;;;;;;;;;;;;;;;;;;;;;;;;;;;;;;;;;;;;;;;;;;;;;;;;;;;;;;;;;;;;;;;;;;;;;;;;;;;;;;;;;;;;;;;;;;;;;;;;;;;;;;;;;;;;;;;;;;;;;;;;;;;;;;;;;;;;;;;;;;;;;;;;;;;;;;;;;0;3.20;4.50;1.40;8.80;9.00;8.30;20;68;-8;142;140;914.00;;;;9.00;;;;26.00;44.00;23.00
1393414800000;2014-02-26T12:40:00.000+0100;;57.00;;;;;;;0.30;10.50;375.10;375.60;375.20;18.00;21.00;18.00;;;;;;;;;;;;;;;;;;;;;;;;;;;;;;;;;;;;;;;;;;;;;;;;;;;;;;;;;;;;50.00;;;;;;;;;;;;;;;;;;;;;;;;;;;;;;;;;;;;;;38.00;46.00;33.00;13.00;;;;20.00;23.00;20.00;;;;;;;;;;;;;;;;;;;;;;;;;;;;;;;;;;;;53.00;53.00;54.00;;;;;;;;;;;;;;;;;;;;;;;;;;;;;;;;;;;;;;;;;;;;;;;;;;;;;;;;;;;;;;;;;;;;;;;;;;;;;;;;;;;;;;;;;;;;;;;;;;;;;;;;;;;;;;;;;;;;;;;;;;;;;;;;;;;;;;;;;;;;;;;;;;;;;;;;;;;;;;;;;;;;;;;;;;;;;;;;;;;;;;;;;;;;;;;;;;;;;;;;;;;;;;;;;;;;;;;;;;;;;;;;;;;;;;;;;;;;;;;;;;;;;;;;;;;;;;;;;;;;;;;;;;;;;;;;;;;;;;;;;;;;;;;;;;;;;;;;;;;;;;;;;;;;;;;;;;;;;;;;;;;;;;;;;;;;;;;;;;;;;;;;;;;;;;;;;;;;;;;;;;;;;;;;;;;;;;;;;;;;;;;;;;;;;;;;;;;;;;;;;;;;;;;;;;;;;;;;;;;;;;;;;;;;;;;;;;;;;;;;;;;;;;;;;;;;;;;;;;;;;;;;;;;;;;;;;;;;;;;;;0;3.10;4.60;1.90;8.70;9.00;8.10;7;58;-9;142;139;904.10;;;;9.00;;;;26.00;43.00;23.00
1393415400000;2014-02-26T12:50:00.000+0100;;56.00;;;;;;;-0.30;6.20;375.00;375.50;375.10;16.00;19.00;18.00;;;;;;;;;;;;;;;;;;;;;;;;;;;;;;;;;;;;;;;;;;;;;;;;;;;;;;;;;;;;50.00;;;;;;;;;;;;;;;;;;;;;;;;;;;;;;;;;;;;;;38.00;47.00;33.00;13.00;;;;20.00;23.00;20.00;;;;;;;;;;;;;;;;;;;;;;;;;;;;;;;;;;;;52.00;52.00;53.00;;;;;;;;;;;;;;;;;;;;;;;;;;;;;;;;;;;;;;;;;;;;;;;;;;;;;;;;;;;;;;;;;;;;;;;;;;;;;;;;;;;;;;;;;;;;;;;;;;;;;;;;;;;;;;;;;;;;;;;;;;;;;;;;;;;;;;;;;;;;;;;;;;;;;;;;;;;;;;;;;;;;;;;;;;;;;;;;;;;;;;;;;;;;;;;;;;;;;;;;;;;;;;;;;;;;;;;;;;;;;;;;;;;;;;;;;;;;;;;;;;;;;;;;;;;;;;;;;;;;;;;;;;;;;;;;;;;;;;;;;;;;;;;;;;;;;;;;;;;;;;;;;;;;;;;;;;;;;;;;;;;;;;;;;;;;;;;;;;;;;;;;;;;;;;;;;;;;;;;;;;;;;;;;;;;;;;;;;;;;;;;;;;;;;;;;;;;;;;;;;;;;;;;;;;;;;;;;;;;;;;;;;;;;;;;;;;;;;;;;;;;;;;;;;;;;;;;;;;;;;;;;;;;;;;;;;;;;;;;;;0;3.00;4.40;1.00;6.10;9.00;2.10;-2;37;-38;138;138;633.70;;;;9.00;;;;26.00;43.00;23.00
1393416000000;2014-02-26T13:00:00.000+0100;;53.00;;;;;;;0.40;-10.50;374.00;374.40;374.10;30.00;31.00;29.00;;;;;;;;;;;;;;;;;;;;;;;;;;;;;;;;;;;;;;;;;;;;;;;;;;;;;;;;;;;;50.00;;;;;;;;;;;;;;;;;;;;;;;;;;;;;;;;;;;;;;38.00;46.00;33.00;14.00;;;;21.00;23.00;20.00;;;;;;;;;;;;;;;;;;;;;;;;;;;;;;;;;;;;50.00;50.00;51.00;;;;;;;;;;;;;;;;;;;;;;;;;;;;;;;;;;;;;;;;;;;;;;;;;;;;;;;;;;;;;;;;;;;;;;;;;;;;;;;;;;;;;;;;;;;;;;;;;;;;;;;;;;;;;;;;;;;;;;;;;;;;;;;;;;;;;;;;;;;;;;;;;;;;;;;;;;;;;;;;;;;;;;;;;;;;;;;;;;;;;;;;;;;;;;;;;;;;;;;;;;;;;;;;;;;;;;;;;;;;;;;;;;;;;;;;;;;;;;;;;;;;;;;;;;;;;;;;;;;;;;;;;;;;;;;;;;;;;;;;;;;;;;;;;;;;;;;;;;;;;;;;;;;;;;;;;;;;;;;;;;;;;;;;;;;;;;;;;;;;;;;;;;;;;;;;;;;;;;;;;;;;;;;;;;;;;;;;;;;;;;;;;;;;;;;;;;;;;;;;;;;;;;;;;;;;;;;;;;;;;;;;;;;;;;;;;;;;;;;;;;;;;;;;;;;;;;;;;;;;;;;;;;;;;;;;;;;;;;;;;0;3.20;5.10;2.00;7.30;9.10;2.00;20;67;-38;143;148;756.80;;;;10.00;;;;26.00;43.00;23.00
1393416600000;2014-02-26T13:10:00.000+0100;;54.00;;;;;;;0.20;-8.60;373.10;373.60;373.20;24.00;24.00;22.00;;;;;;;;;;;;;;;;;;;;;;;;;;;;;;;;;;;;;;;;;;;;;;;;;;;;;;;;;;;;50.00;;;;;;;;;;;;;;;;;;;;;;;;;;;;;;;;;;;;;;38.00;47.00;33.00;14.00;;;;21.00;23.00;21.00;;;;;;;;;;;;;;;;;;;;;;;;;;;;;;;;;;;;51.00;50.00;51.00;;;;;;;;;;;;;;;;;;;;;;;;;;;;;;;;;;;;;;;;;;;;;;;;;;;;;;;;;;;;;;;;;;;;;;;;;;;;;;;;;;;;;;;;;;;;;;;;;;;;;;;;;;;;;;;;;;;;;;;;;;;;;;;;;;;;;;;;;;;;;;;;;;;;;;;;;;;;;;;;;;;;;;;;;;;;;;;;;;;;;;;;;;;;;;;;;;;;;;;;;;;;;;;;;;;;;;;;;;;;;;;;;;;;;;;;;;;;;;;;;;;;;;;;;;;;;;;;;;;;;;;;;;;;;;;;;;;;;;;;;;;;;;;;;;;;;;;;;;;;;;;;;;;;;;;;;;;;;;;;;;;;;;;;;;;;;;;;;;;;;;;;;;;;;;;;;;;;;;;;;;;;;;;;;;;;;;;;;;;;;;;;;;;;;;;;;;;;;;;;;;;;;;;;;;;;;;;;;;;;;;;;;;;;;;;;;;;;;;;;;;;;;;;;;;;;;;;;;;;;;;;;;;;;;;;;;;;;;;;;;0;3.20;4.70;0.90;7.10;9.20;2.00;10;93;-39;146;148;739.60;;;;10.00;;;;27.00;44.00;23.00
1393417200000;2014-02-26T13:20:00.000+0100;;54.00;;;;;;;0.90;-14.70;373.00;373.50;373.10;36.00;34.00;31.00;;;;;;;;;;;;;;;;;;;;;;;;;;;;;;;;;;;;;;;;;;;;;;;;;;;;;;;;;;;;50.00;;;;;;;;;;;;;;;;;;;;;;;;;;;;;;;;;;;;;;38.00;47.00;33.00;14.00;;;;21.00;23.00;21.00;;;;;;;;;;;;;;;;;;;;;;;;;;;;;;;;;;;;51.00;51.00;51.00;;;;;;;;;;;;;;;;;;;;;;;;;;;;;;;;;;;;;;;;;;;;;;;;;;;;;;;;;;;;;;;;;;;;;;;;;;;;;;;;;;;;;;;;;;;;;;;;;;;;;;;;;;;;;;;;;;;;;;;;;;;;;;;;;;;;;;;;;;;;;;;;;;;;;;;;;;;;;;;;;;;;;;;;;;;;;;;;;;;;;;;;;;;;;;;;;;;;;;;;;;;;;;;;;;;;;;;;;;;;;;;;;;;;;;;;;;;;;;;;;;;;;;;;;;;;;;;;;;;;;;;;;;;;;;;;;;;;;;;;;;;;;;;;;;;;;;;;;;;;;;;;;;;;;;;;;;;;;;;;;;;;;;;;;;;;;;;;;;;;;;;;;;;;;;;;;;;;;;;;;;;;;;;;;;;;;;;;;;;;;;;;;;;;;;;;;;;;;;;;;;;;;;;;;;;;;;;;;;;;;;;;;;;;;;;;;;;;;;;;;;;;;;;;;;;;;;;;;;;;;;;;;;;;;;;;;;;;;;;;;0;3.40;4.70;2.30;8.80;9.00;8.70;32;59;-1;153;152;920.20;;;;10.00;;;;27.00;44.00;24.00
1393417800000;2014-02-26T13:30:00.000+0100;;56.00;;;;;;;0.70;-11.60;372.60;373.10;372.60;33.00;33.00;29.00;;;;;;;;;;;;;;;;;;;;;;;;;;;;;;;;;;;;;;;;;;;;;;;;;;;;;;;;;;;;50.00;;;;;;;;;;;;;;;;;;;;;;;;;;;;;;;;;;;;;;38.00;47.00;33.00;14.00;;;;21.00;23.00;21.00;;;;;;;;;;;;;;;;;;;;;;;;;;;;;;;;;;;;52.00;52.00;53.00;;;;;;;;;;;;;;;;;;;;;;;;;;;;;;;;;;;;;;;;;;;;;;;;;;;;;;;;;;;;;;;;;;;;;;;;;;;;;;;;;;;;;;;;;;;;;;;;;;;;;;;;;;;;;;;;;;;;;;;;;;;;;;;;;;;;;;;;;;;;;;;;;;;;;;;;;;;;;;;;;;;;;;;;;;;;;;;;;;;;;;;;;;;;;;;;;;;;;;;;;;;;;;;;;;;;;;;;;;;;;;;;;;;;;;;;;;;;;;;;;;;;;;;;;;;;;;;;;;;;;;;;;;;;;;;;;;;;;;;;;;;;;;;;;;;;;;;;;;;;;;;;;;;;;;;;;;;;;;;;;;;;;;;;;;;;;;;;;;;;;;;;;;;;;;;;;;;;;;;;;;;;;;;;;;;;;;;;;;;;;;;;;;;;;;;;;;;;;;;;;;;;;;;;;;;;;;;;;;;;;;;;;;;;;;;;;;;;;;;;;;;;;;;;;;;;;;;;;;;;;;;;;;;;;;;;;;;;;;;;;0;3.30;5.00;1.70;8.70;9.00;7.80;28;94;-8;153;154;910.20;;;;10.00;;;;27.00;45.00;24.00
1393418400000;2014-02-26T13:40:00.000+0100;;57.00;;;;;;;0.70;-20.70;373.00;373.50;373.10;35.00;34.00;33.00;;;;;;;;;;;;;;;;;;;;;;;;;;;;;;;;;;;;;;;;;;;;;;;;;;;;;;;;;;;;50.00;;;;;;;;;;;;;;;;;;;;;;;;;;;;;;;;;;;;;;39.00;47.00;33.00;14.00;;;;21.00;23.00;21.00;;;;;;;;;;;;;;;;;;;;;;;;;;;;;;;;;;;;53.00;53.00;54.00;;;;;;;;;;;;;;;;;;;;;;;;;;;;;;;;;;;;;;;;;;;;;;;;;;;;;;;;;;;;;;;;;;;;;;;;;;;;;;;;;;;;;;;;;;;;;;;;;;;;;;;;;;;;;;;;;;;;;;;;;;;;;;;;;;;;;;;;;;;;;;;;;;;;;;;;;;;;;;;;;;;;;;;;;;;;;;;;;;;;;;;;;;;;;;;;;;;;;;;;;;;;;;;;;;;;;;;;;;;;;;;;;;;;;;;;;;;;;;;;;;;;;;;;;;;;;;;;;;;;;;;;;;;;;;;;;;;;;;;;;;;;;;;;;;;;;;;;;;;;;;;;;;;;;;;;;;;;;;;;;;;;;;;;;;;;;;;;;;;;;;;;;;;;;;;;;;;;;;;;;;;;;;;;;;;;;;;;;;;;;;;;;;;;;;;;;;;;;;;;;;;;;;;;;;;;;;;;;;;;;;;;;;;;;;;;;;;;;;;;;;;;;;;;;;;;;;;;;;;;;;;;;;;;;;;;;;;;;;;;;0;3.30;4.60;1.50;8.80;9.00;7.80;26;68;-8;158;159;913.90;;;;10.00;;;;27.00;45.00;24.00
1393419000000;2014-02-26T13:50:00.000+0100;;58.00;;;;;;;0.70;-18.80;373.80;374.30;373.80;36.00;35.00;34.00;;;;;;;;;;;;;;;;;;;;;;;;;;;;;;;;;;;;;;;;;;;;;;;;;;;;;;;;;;;;50.00;;;;;;;;;;;;;;;;;;;;;;;;;;;;;;;;;;;;;;39.00;48.00;33.00;14.00;;;;21.00;24.00;21.00;;;;;;;;;;;;;;;;;;;;;;;;;;;;;;;;;;;;53.00;53.00;54.00;;;;;;;;;;;;;;;;;;;;;;;;;;;;;;;;;;;;;;;;;;;;;;;;;;;;;;;;;;;;;;;;;;;;;;;;;;;;;;;;;;;;;;;;;;;;;;;;;;;;;;;;;;;;;;;;;;;;;;;;;;;;;;;;;;;;;;;;;;;;;;;;;;;;;;;;;;;;;;;;;;;;;;;;;;;;;;;;;;;;;;;;;;;;;;;;;;;;;;;;;;;;;;;;;;;;;;;;;;;;;;;;;;;;;;;;;;;;;;;;;;;;;;;;;;;;;;;;;;;;;;;;;;;;;;;;;;;;;;;;;;;;;;;;;;;;;;;;;;;;;;;;;;;;;;;;;;;;;;;;;;;;;;;;;;;;;;;;;;;;;;;;;;;;;;;;;;;;;;;;;;;;;;;;;;;;;;;;;;;;;;;;;;;;;;;;;;;;;;;;;;;;;;;;;;;;;;;;;;;;;;;;;;;;;;;;;;;;;;;;;;;;;;;;;;;;;;;;;;;;;;;;;;;;;;;;;;;;;;;;;0;3.30;4.90;1.50;8.70;9.00;7.30;29;96;-8;155;154;904.10;;;;10.00;;;;27.00;45.00;24.00
1393419600000;2014-02-26T14:00:00.000+0100;;58.00;;;;;;;0.30;7.30;375.90;376.40;375.90;25.00;27.00;24.00;;;;;;;;;;;;;;;;;;;;;;;;;;;;;;;;;;;;;;;;;;;;;;;;;;;;;;;;;;;;50.00;;;;;;;;;;;;;;;;;;;;;;;;;;;;;;;;;;;;;;39.00;48.00;34.00;15.00;;;;21.00;24.00;21.00;;;;;;;;;;;;;;;;;;;;;;;;;;;;;;;;;;;;54.00;53.00;54.00;;;;;;;;;;;;;;;;;;;;;;;;;;;;;;;;;;;;;;;;;;;;;;;;;;;;;;;;;;;;;;;;;;;;;;;;;;;;;;;;;;;;;;;;;;;;;;;;;;;;;;;;;;;;;;;;;;;;;;;;;;;;;;;;;;;;;;;;;;;;;;;;;;;;;;;;;;;;;;;;;;;;;;;;;;;;;;;;;;;;;;;;;;;;;;;;;;;;;;;;;;;;;;;;;;;;;;;;;;;;;;;;;;;;;;;;;;;;;;;;;;;;;;;;;;;;;;;;;;;;;;;;;;;;;;;;;;;;;;;;;;;;;;;;;;;;;;;;;;;;;;;;;;;;;;;;;;;;;;;;;;;;;;;;;;;;;;;;;;;;;;;;;;;;;;;;;;;;;;;;;;;;;;;;;;;;;;;;;;;;;;;;;;;;;;;;;;;;;;;;;;;;;;;;;;;;;;;;;;;;;;;;;;;;;;;;;;;;;;;;;;;;;;;;;;;;;;;;;;;;;;;;;;;;;;;;;;;;;;;;;0;3.00;4.60;1.20;8.20;9.00;2.20;11;52;-31;155;158;851.70;;;;11.00;;;;27.00;45.00;24.00
1393420200000;2014-02-26T14:10:00.000+0100;;54.00;;;;;;;-0.50;0.10;373.80;374.30;374.00;12.00;15.00;15.00;;;;;;;;;;;;;;;;;;;;;;;;;;;;;;;;;;;;;;;;;;;;;;;;;;;;;;;;;;;;50.00;;;;;;;;;;;;;;;;;;;;;;;;;;;;;;;;;;;;;;39.00;48.00;33.00;15.00;;;;22.00;24.00;21.00;;;;;;;;;;;;;;;;;;;;;;;;;;;;;;;;;;;;50.00;50.00;51.00;;;;;;;;;;;;;;;;;;;;;;;;;;;;;;;;;;;;;;;;;;;;;;;;;;;;;;;;;;;;;;;;;;;;;;;;;;;;;;;;;;;;;;;;;;;;;;;;;;;;;;;;;;;;;;;;;;;;;;;;;;;;;;;;;;;;;;;;;;;;;;;;;;;;;;;;;;;;;;;;;;;;;;;;;;;;;;;;;;;;;;;;;;;;;;;;;;;;;;;;;;;;;;;;;;;;;;;;;;;;;;;;;;;;;;;;;;;;;;;;;;;;;;;;;;;;;;;;;;;;;;;;;;;;;;;;;;;;;;;;;;;;;;;;;;;;;;;;;;;;;;;;;;;;;;;;;;;;;;;;;;;;;;;;;;;;;;;;;;;;;;;;;;;;;;;;;;;;;;;;;;;;;;;;;;;;;;;;;;;;;;;;;;;;;;;;;;;;;;;;;;;;;;;;;;;;;;;;;;;;;;;;;;;;;;;;;;;;;;;;;;;;;;;;;;;;;;;;;;;;;;;;;;;;;;;;;;;;;;;;;0;2.90;4.60;0.70;5.20;8.90;1.40;-9;7;-38;169;163;545.10;;;;11.00;;;;27.00;44.00;24.00
1393420800000;2014-02-26T14:20:00.000+0100;;51.00;;;;;;;-0.50;5.50;374.00;374.40;374.20;31.00;33.00;33.00;;;;;;;;;;;;;;;;;;;;;;;;;;;;;;;;;;;;;;;;;;;;;;;;;;;;;;;;;;;;50.00;;;;;;;;;;;;;;;;;;;;;;;;;;;;;;;;;;;;;;39.00;47.00;32.00;15.00;;;;22.00;24.00;22.00;;;;;;;;;;;;;;;;;;;;;;;;;;;;;;;;;;;;48.00;48.00;48.00;;;;;;;;;;;;;;;;;;;;;;;;;;;;;;;;;;;;;;;;;;;;;;;;;;;;;;;;;;;;;;;;;;;;;;;;;;;;;;;;;;;;;;;;;;;;;;;;;;;;;;;;;;;;;;;;;;;;;;;;;;;;;;;;;;;;;;;;;;;;;;;;;;;;;;;;;;;;;;;;;;;;;;;;;;;;;;;;;;;;;;;;;;;;;;;;;;;;;;;;;;;;;;;;;;;;;;;;;;;;;;;;;;;;;;;;;;;;;;;;;;;;;;;;;;;;;;;;;;;;;;;;;;;;;;;;;;;;;;;;;;;;;;;;;;;;;;;;;;;;;;;;;;;;;;;;;;;;;;;;;;;;;;;;;;;;;;;;;;;;;;;;;;;;;;;;;;;;;;;;;;;;;;;;;;;;;;;;;;;;;;;;;;;;;;;;;;;;;;;;;;;;;;;;;;;;;;;;;;;;;;;;;;;;;;;;;;;;;;;;;;;;;;;;;;;;;;;;;;;;;;;;;;;;;;;;;;;;;;;;;0;3.20;4.80;1.50;4.50;9.10;1.50;6;95;-31;157;158;468.60;;;;11.00;;;;28.00;43.00;24.00
1393421400000;2014-02-26T14:30:00.000+0100;;52.00;;;;;;;-0.10;7.80;374.80;375.30;375.00;22.00;24.00;23.00;;;;;;;;;;;;;;;;;;;;;;;;;;;;;;;;;;;;;;;;;;;;;;;;;;;;;;;;;;;;50.00;;;;;;;;;;;;;;;;;;;;;;;;;;;;;;;;;;;;;;39.00;47.00;32.00;15.00;;;;22.00;24.00;22.00;;;;;;;;;;;;;;;;;;;;;;;;;;;;;;;;;;;;49.00;49.00;49.00;;;;;;;;;;;;;;;;;;;;;;;;;;;;;;;;;;;;;;;;;;;;;;;;;;;;;;;;;;;;;;;;;;;;;;;;;;;;;;;;;;;;;;;;;;;;;;;;;;;;;;;;;;;;;;;;;;;;;;;;;;;;;;;;;;;;;;;;;;;;;;;;;;;;;;;;;;;;;;;;;;;;;;;;;;;;;;;;;;;;;;;;;;;;;;;;;;;;;;;;;;;;;;;;;;;;;;;;;;;;;;;;;;;;;;;;;;;;;;;;;;;;;;;;;;;;;;;;;;;;;;;;;;;;;;;;;;;;;;;;;;;;;;;;;;;;;;;;;;;;;;;;;;;;;;;;;;;;;;;;;;;;;;;;;;;;;;;;;;;;;;;;;;;;;;;;;;;;;;;;;;;;;;;;;;;;;;;;;;;;;;;;;;;;;;;;;;;;;;;;;;;;;;;;;;;;;;;;;;;;;;;;;;;;;;;;;;;;;;;;;;;;;;;;;;;;;;;;;;;;;;;;;;;;;;;;;;;;;;;;;0;3.10;4.50;0.70;6.50;9.00;2.00;4;55;-31;160;160;675.60;;;;11.00;;;;28.00;43.00;25.00
1393422000000;2014-02-26T14:40:00.000+0100;;51.00;;;;;;;0.10;11.00;376.40;376.80;376.60;18.00;21.00;19.00;;;;;;;;;;;;;;;;;;;;;;;;;;;;;;;;;;;;;;;;;;;;;;;;;;;;;;;;;;;;50.00;;;;;;;;;;;;;;;;;;;;;;;;;;;;;;;;;;;;;;39.00;47.00;32.00;15.00;;;;22.00;24.00;22.00;;;;;;;;;;;;;;;;;;;;;;;;;;;;;;;;;;;;48.00;48.00;49.00;;;;;;;;;;;;;;;;;;;;;;;;;;;;;;;;;;;;;;;;;;;;;;;;;;;;;;;;;;;;;;;;;;;;;;;;;;;;;;;;;;;;;;;;;;;;;;;;;;;;;;;;;;;;;;;;;;;;;;;;;;;;;;;;;;;;;;;;;;;;;;;;;;;;;;;;;;;;;;;;;;;;;;;;;;;;;;;;;;;;;;;;;;;;;;;;;;;;;;;;;;;;;;;;;;;;;;;;;;;;;;;;;;;;;;;;;;;;;;;;;;;;;;;;;;;;;;;;;;;;;;;;;;;;;;;;;;;;;;;;;;;;;;;;;;;;;;;;;;;;;;;;;;;;;;;;;;;;;;;;;;;;;;;;;;;;;;;;;;;;;;;;;;;;;;;;;;;;;;;;;;;;;;;;;;;;;;;;;;;;;;;;;;;;;;;;;;;;;;;;;;;;;;;;;;;;;;;;;;;;;;;;;;;;;;;;;;;;;;;;;;;;;;;;;;;;;;;;;;;;;;;;;;;;;;;;;;;;;;;;;0;3.20;4.10;2.10;7.90;9.20;2.20;4;79;-31;158;151;822.90;;;;11.00;;;;28.00;43.00;25.00
1393422600000;2014-02-26T14:50:00.000+0100;;51.00;;;;;;;-0.80;-0.10;377.80;378.20;378.00;12.00;15.00;15.00;;;;;;;;;;;;;;;;;;;;;;;;;;;;;;;;;;;;;;;;;;;;;;;;;;;;;;;;;;;;50.00;;;;;;;;;;;;;;;;;;;;;;;;;;;;;;;;;;;;;;39.00;47.00;32.00;15.00;;;;22.00;24.00;22.00;;;;;;;;;;;;;;;;;;;;;;;;;;;;;;;;;;;;47.00;47.00;48.00;;;;;;;;;;;;;;;;;;;;;;;;;;;;;;;;;;;;;;;;;;;;;;;;;;;;;;;;;;;;;;;;;;;;;;;;;;;;;;;;;;;;;;;;;;;;;;;;;;;;;;;;;;;;;;;;;;;;;;;;;;;;;;;;;;;;;;;;;;;;;;;;;;;;;;;;;;;;;;;;;;;;;;;;;;;;;;;;;;;;;;;;;;;;;;;;;;;;;;;;;;;;;;;;;;;;;;;;;;;;;;;;;;;;;;;;;;;;;;;;;;;;;;;;;;;;;;;;;;;;;;;;;;;;;;;;;;;;;;;;;;;;;;;;;;;;;;;;;;;;;;;;;;;;;;;;;;;;;;;;;;;;;;;;;;;;;;;;;;;;;;;;;;;;;;;;;;;;;;;;;;;;;;;;;;;;;;;;;;;;;;;;;;;;;;;;;;;;;;;;;;;;;;;;;;;;;;;;;;;;;;;;;;;;;;;;;;;;;;;;;;;;;;;;;;;;;;;;;;;;;;;;;;;;;;;;;;;;;;;;;0;3.00;5.40;1.60;3.80;8.70;2.00;-11;6;-31;147;151;399.70;;;;11.00;;;;28.00;43.00;24.00
1393423200000;2014-02-26T15:00:00.000+0100;;51.00;;;;;;;0.60;17.90;379.00;379.40;379.20;40.00;41.00;38.00;;;;;;;;;;;;;;;;;;;;;;;;;;;;;;;;;;;;;;;;;;;;;;;;;;;;;;;;;;;;50.00;;;;;;;;;;;;;;;;;;;;;;;;;;;;;;;;;;;;;;39.00;47.00;32.00;15.00;;;;22.00;24.00;22.00;;;;;;;;;;;;;;;;;;;;;;;;;;;;;;;;;;;;48.00;47.00;48.00;;;;;;;;;;;;;;;;;;;;;;;;;;;;;;;;;;;;;;;;;;;;;;;;;;;;;;;;;;;;;;;;;;;;;;;;;;;;;;;;;;;;;;;;;;;;;;;;;;;;;;;;;;;;;;;;;;;;;;;;;;;;;;;;;;;;;;;;;;;;;;;;;;;;;;;;;;;;;;;;;;;;;;;;;;;;;;;;;;;;;;;;;;;;;;;;;;;;;;;;;;;;;;;;;;;;;;;;;;;;;;;;;;;;;;;;;;;;;;;;;;;;;;;;;;;;;;;;;;;;;;;;;;;;;;;;;;;;;;;;;;;;;;;;;;;;;;;;;;;;;;;;;;;;;;;;;;;;;;;;;;;;;;;;;;;;;;;;;;;;;;;;;;;;;;;;;;;;;;;;;;;;;;;;;;;;;;;;;;;;;;;;;;;;;;;;;;;;;;;;;;;;;;;;;;;;;;;;;;;;;;;;;;;;;;;;;;;;;;;;;;;;;;;;;;;;;;;;;;;;;;;;;;;;;;;;;;;;;;;;;0;3.30;4.60;2.00;8.80;9.00;8.00;26;70;-13;147;152;919.60;;;;11.00;;;;28.00;43.00;25.00
1393423800000;2014-02-26T15:10:00.000+0100;;54.00;;;;;;;0.50;-7.10;377.40;377.80;377.50;20.00;19.00;18.00;;;;;;;;;;;;;;;;;;;;;;;;;;;;;;;;;;;;;;;;;;;;;;;;;;;;;;;;;;;;50.00;;;;;;;;;;;;;;;;;;;;;;;;;;;;;;;;;;;;;;39.00;47.00;32.00;15.00;;;;22.00;25.00;22.00;;;;;;;;;;;;;;;;;;;;;;;;;;;;;;;;;;;;50.00;50.00;50.00;;;;;;;;;;;;;;;;;;;;;;;;;;;;;;;;;;;;;;;;;;;;;;;;;;;;;;;;;;;;;;;;;;;;;;;;;;;;;;;;;;;;;;;;;;;;;;;;;;;;;;;;;;;;;;;;;;;;;;;;;;;;;;;;;;;;;;;;;;;;;;;;;;;;;;;;;;;;;;;;;;;;;;;;;;;;;;;;;;;;;;;;;;;;;;;;;;;;;;;;;;;;;;;;;;;;;;;;;;;;;;;;;;;;;;;;;;;;;;;;;;;;;;;;;;;;;;;;;;;;;;;;;;;;;;;;;;;;;;;;;;;;;;;;;;;;;;;;;;;;;;;;;;;;;;;;;;;;;;;;;;;;;;;;;;;;;;;;;;;;;;;;;;;;;;;;;;;;;;;;;;;;;;;;;;;;;;;;;;;;;;;;;;;;;;;;;;;;;;;;;;;;;;;;;;;;;;;;;;;;;;;;;;;;;;;;;;;;;;;;;;;;;;;;;;;;;;;;;;;;;;;;;;;;;;;;;;;;;;;;;0;3.10;4.40;1.80;8.70;9.00;7.70;12;50;-8;153;153;904.40;;;;11.00;;;;28.00;43.00;25.00
1393424400000;2014-02-26T15:20:00.000+0100;;57.00;;;;;;;0.70;-14.00;377.70;378.10;377.80;26.00;25.00;23.00;;;;;;;;;;;;;;;;;;;;;;;;;;;;;;;;;;;;;;;;;;;;;;;;;;;;;;;;;;;;50.00;;;;;;;;;;;;;;;;;;;;;;;;;;;;;;;;;;;;;;40.00;48.00;33.00;15.00;;;;22.00;25.00;22.00;;;;;;;;;;;;;;;;;;;;;;;;;;;;;;;;;;;;51.00;51.00;52.00;;;;;;;;;;;;;;;;;;;;;;;;;;;;;;;;;;;;;;;;;;;;;;;;;;;;;;;;;;;;;;;;;;;;;;;;;;;;;;;;;;;;;;;;;;;;;;;;;;;;;;;;;;;;;;;;;;;;;;;;;;;;;;;;;;;;;;;;;;;;;;;;;;;;;;;;;;;;;;;;;;;;;;;;;;;;;;;;;;;;;;;;;;;;;;;;;;;;;;;;;;;;;;;;;;;;;;;;;;;;;;;;;;;;;;;;;;;;;;;;;;;;;;;;;;;;;;;;;;;;;;;;;;;;;;;;;;;;;;;;;;;;;;;;;;;;;;;;;;;;;;;;;;;;;;;;;;;;;;;;;;;;;;;;;;;;;;;;;;;;;;;;;;;;;;;;;;;;;;;;;;;;;;;;;;;;;;;;;;;;;;;;;;;;;;;;;;;;;;;;;;;;;;;;;;;;;;;;;;;;;;;;;;;;;;;;;;;;;;;;;;;;;;;;;;;;;;;;;;;;;;;;;;;;;;;;;;;;;;;;;0;3.30;4.80;2.10;8.80;9.00;8.40;18;56;-9;158;160;917.60;;;;11.00;;;;28.00;44.00;25.00
1393425000000;2014-02-26T15:30:00.000+0100;;58.00;;;;;;;0.80;-11.70;377.20;377.50;377.20;25.00;22.00;20.00;;;;;;;;;;;;;;;;;;;;;;;;;;;;;;;;;;;;;;;;;;;;;;;;;;;;;;;;;;;;50.00;;;;;;;;;;;;;;;;;;;;;;;;;;;;;;;;;;;;;;40.00;48.00;33.00;15.00;;;;22.00;25.00;22.00;;;;;;;;;;;;;;;;;;;;;;;;;;;;;;;;;;;;52.00;52.00;53.00;;;;;;;;;;;;;;;;;;;;;;;;;;;;;;;;;;;;;;;;;;;;;;;;;;;;;;;;;;;;;;;;;;;;;;;;;;;;;;;;;;;;;;;;;;;;;;;;;;;;;;;;;;;;;;;;;;;;;;;;;;;;;;;;;;;;;;;;;;;;;;;;;;;;;;;;;;;;;;;;;;;;;;;;;;;;;;;;;;;;;;;;;;;;;;;;;;;;;;;;;;;;;;;;;;;;;;;;;;;;;;;;;;;;;;;;;;;;;;;;;;;;;;;;;;;;;;;;;;;;;;;;;;;;;;;;;;;;;;;;;;;;;;;;;;;;;;;;;;;;;;;;;;;;;;;;;;;;;;;;;;;;;;;;;;;;;;;;;;;;;;;;;;;;;;;;;;;;;;;;;;;;;;;;;;;;;;;;;;;;;;;;;;;;;;;;;;;;;;;;;;;;;;;;;;;;;;;;;;;;;;;;;;;;;;;;;;;;;;;;;;;;;;;;;;;;;;;;;;;;;;;;;;;;;;;;;;;;;;;;;0;3.40;4.20;2.40;8.80;9.00;8.60;19;61;-1;163;158;920.10;;;;11.00;;;;28.00;44.00;25.00
1393425600000;2014-02-26T15:40:00.000+0100;;58.00;;;;;;;0.80;-23.10;376.90;377.40;377.10;39.00;37.00;35.00;;;;;;;;;;;;;;;;;;;;;;;;;;;;;;;;;;;;;;;;;;;;;;;;;;;;;;;;;;;;50.00;;;;;;;;;;;;;;;;;;;;;;;;;;;;;;;;;;;;;;40.00;48.00;33.00;15.00;;;;23.00;25.00;22.00;;;;;;;;;;;;;;;;;;;;;;;;;;;;;;;;;;;;53.00;53.00;53.00;;;;;;;;;;;;;;;;;;;;;;;;;;;;;;;;;;;;;;;;;;;;;;;;;;;;;;;;;;;;;;;;;;;;;;;;;;;;;;;;;;;;;;;;;;;;;;;;;;;;;;;;;;;;;;;;;;;;;;;;;;;;;;;;;;;;;;;;;;;;;;;;;;;;;;;;;;;;;;;;;;;;;;;;;;;;;;;;;;;;;;;;;;;;;;;;;;;;;;;;;;;;;;;;;;;;;;;;;;;;;;;;;;;;;;;;;;;;;;;;;;;;;;;;;;;;;;;;;;;;;;;;;;;;;;;;;;;;;;;;;;;;;;;;;;;;;;;;;;;;;;;;;;;;;;;;;;;;;;;;;;;;;;;;;;;;;;;;;;;;;;;;;;;;;;;;;;;;;;;;;;;;;;;;;;;;;;;;;;;;;;;;;;;;;;;;;;;;;;;;;;;;;;;;;;;;;;;;;;;;;;;;;;;;;;;;;;;;;;;;;;;;;;;;;;;;;;;;;;;;;;;;;;;;;;;;;;;;;;;;;0;3.60;4.90;2.70;8.80;9.00;8.70;32;65;9;158;158;919.90;;;;11.00;;;;28.00;44.00;25.00
1393426200000;2014-02-26T15:50:00.000+0100;;59.00;;;;;;;0.90;-17.40;378.10;378.50;378.30;41.00;41.00;38.00;;;;;;;;;;;;;;;;;;;;;;;;;;;;;;;;;;;;;;;;;;;;;;;;;;;;;;;;;;;;50.00;;;;;;;;;;;;;;;;;;;;;;;;;;;;;;;;;;;;;;40.00;49.00;33.00;14.00;;;;23.00;25.00;22.00;;;;;;;;;;;;;;;;;;;;;;;;;;;;;;;;;;;;53.00;53.00;54.00;;;;;;;;;;;;;;;;;;;;;;;;;;;;;;;;;;;;;;;;;;;;;;;;;;;;;;;;;;;;;;;;;;;;;;;;;;;;;;;;;;;;;;;;;;;;;;;;;;;;;;;;;;;;;;;;;;;;;;;;;;;;;;;;;;;;;;;;;;;;;;;;;;;;;;;;;;;;;;;;;;;;;;;;;;;;;;;;;;;;;;;;;;;;;;;;;;;;;;;;;;;;;;;;;;;;;;;;;;;;;;;;;;;;;;;;;;;;;;;;;;;;;;;;;;;;;;;;;;;;;;;;;;;;;;;;;;;;;;;;;;;;;;;;;;;;;;;;;;;;;;;;;;;;;;;;;;;;;;;;;;;;;;;;;;;;;;;;;;;;;;;;;;;;;;;;;;;;;;;;;;;;;;;;;;;;;;;;;;;;;;;;;;;;;;;;;;;;;;;;;;;;;;;;;;;;;;;;;;;;;;;;;;;;;;;;;;;;;;;;;;;;;;;;;;;;;;;;;;;;;;;;;;;;;;;;;;;;;;;;;0;3.50;4.50;2.60;8.80;9.00;8.70;39;80;5;156;160;920.00;;;;11.00;;;;28.00;45.00;25.00
1393426800000;2014-02-26T16:00:00.000+0100;;58.00;;;;;;;0.30;-18.30;378.40;378.80;378.70;37.00;36.00;35.00;;;;;;;;;;;;;;;;;;;;;;;;;;;;;;;;;;;;;;;;;;;;;;;;;;;;;;;;;;;;50.00;;;;;;;;;;;;;;;;;;;;;;;;;;;;;;;;;;;;;;40.00;49.00;33.00;14.00;;;;23.00;25.00;23.00;;;;;;;;;;;;;;;;;;;;;;;;;;;;;;;;;;;;53.00;52.00;53.00;;;;;;;;;;;;;;;;;;;;;;;;;;;;;;;;;;;;;;;;;;;;;;;;;;;;;;;;;;;;;;;;;;;;;;;;;;;;;;;;;;;;;;;;;;;;;;;;;;;;;;;;;;;;;;;;;;;;;;;;;;;;;;;;;;;;;;;;;;;;;;;;;;;;;;;;;;;;;;;;;;;;;;;;;;;;;;;;;;;;;;;;;;;;;;;;;;;;;;;;;;;;;;;;;;;;;;;;;;;;;;;;;;;;;;;;;;;;;;;;;;;;;;;;;;;;;;;;;;;;;;;;;;;;;;;;;;;;;;;;;;;;;;;;;;;;;;;;;;;;;;;;;;;;;;;;;;;;;;;;;;;;;;;;;;;;;;;;;;;;;;;;;;;;;;;;;;;;;;;;;;;;;;;;;;;;;;;;;;;;;;;;;;;;;;;;;;;;;;;;;;;;;;;;;;;;;;;;;;;;;;;;;;;;;;;;;;;;;;;;;;;;;;;;;;;;;;;;;;;;;;;;;;;;;;;;;;;;;;;;;3473;3.60;4.70;1.50;5.40;9.00;0.10;23;82;-28;162;165;560.70;;;;11.00;;;;28.00;45.00;24.00
1393427400000;2014-02-26T16:10:00.000+0100;;55.00;;;;;;;0.50;-20.50;378.50;378.80;378.70;45.00;43.00;42.00;;;;;;;;;;;;;;;;;;;;;;;;;;;;;;;;;;;;;;;;;;;;;;;;;;;;;;;;;;;;50.00;;;;;;;;;;;;;;;;;;;;;;;;;;;;;;;;;;;;;;40.00;49.00;33.00;14.00;;;;23.00;25.00;23.00;;;;;;;;;;;;;;;;;;;;;;;;;;;;;;;;;;;;50.00;50.00;51.00;;;;;;;;;;;;;;;;;;;;;;;;;;;;;;;;;;;;;;;;;;;;;;;;;;;;;;;;;;;;;;;;;;;;;;;;;;;;;;;;;;;;;;;;;;;;;;;;;;;;;;;;;;;;;;;;;;;;;;;;;;;;;;;;;;;;;;;;;;;;;;;;;;;;;;;;;;;;;;;;;;;;;;;;;;;;;;;;;;;;;;;;;;;;;;;;;;;;;;;;;;;;;;;;;;;;;;;;;;;;;;;;;;;;;;;;;;;;;;;;;;;;;;;;;;;;;;;;;;;;;;;;;;;;;;;;;;;;;;;;;;;;;;;;;;;;;;;;;;;;;;;;;;;;;;;;;;;;;;;;;;;;;;;;;;;;;;;;;;;;;;;;;;;;;;;;;;;;;;;;;;;;;;;;;;;;;;;;;;;;;;;;;;;;;;;;;;;;;;;;;;;;;;;;;;;;;;;;;;;;;;;;;;;;;;;;;;;;;;;;;;;;;;;;;;;;;;;;;;;;;;;;;;;;;;;;;;;;;;;;;0;3.60;5.00;2.70;7.60;9.20;3.80;35;116;-30;164;162;795.10;;;;11.00;;;;28.00;44.00;24.00
1393428000000;2014-02-26T16:20:00.000+0100;;57.00;;;;;;;0.90;-28.70;378.20;378.60;378.50;82.00;81.00;79.00;;;;;;;;;;;;;;;;;;;;;;;;;;;;;;;;;;;;;;;;;;;;;;;;;;;;;;;;;;;;50.00;;;;;;;;;;;;;;;;;;;;;;;;;;;;;;;;;;;;;;40.00;49.00;33.00;14.00;;;;23.00;25.00;23.00;;;;;;;;;;;;;;;;;;;;;;;;;;;;;;;;;;;;52.00;52.00;52.00;;;;;;;;;;;;;;;;;;;;;;;;;;;;;;;;;;;;;;;;;;;;;;;;;;;;;;;;;;;;;;;;;;;;;;;;;;;;;;;;;;;;;;;;;;;;;;;;;;;;;;;;;;;;;;;;;;;;;;;;;;;;;;;;;;;;;;;;;;;;;;;;;;;;;;;;;;;;;;;;;;;;;;;;;;;;;;;;;;;;;;;;;;;;;;;;;;;;;;;;;;;;;;;;;;;;;;;;;;;;;;;;;;;;;;;;;;;;;;;;;;;;;;;;;;;;;;;;;;;;;;;;;;;;;;;;;;;;;;;;;;;;;;;;;;;;;;;;;;;;;;;;;;;;;;;;;;;;;;;;;;;;;;;;;;;;;;;;;;;;;;;;;;;;;;;;;;;;;;;;;;;;;;;;;;;;;;;;;;;;;;;;;;;;;;;;;;;;;;;;;;;;;;;;;;;;;;;;;;;;;;;;;;;;;;;;;;;;;;;;;;;;;;;;;;;;;;;;;;;;;;;;;;;;;;;;;;;;;;;;;0;4.00;5.30;2.90;8.80;9.00;8.70;86;122;28;164;159;920.30;;;;11.00;;;;28.00;44.00;25.00
1393428600000;2014-02-26T16:30:00.000+0100;;58.00;;;;;;;1.00;-33.10;377.80;378.10;378.00;119.00;117.00;115.00;;;;;;;;;;;;;;;;;;;;;;;;;;;;;;;;;;;;;;;;;;;;;;;;;;;;;;;;;;;;50.00;;;;;;;;;;;;;;;;;;;;;;;;;;;;;;;;;;;;;;40.00;49.00;34.00;14.00;;;;23.00;25.00;23.00;;;;;;;;;;;;;;;;;;;;;;;;;;;;;;;;;;;;53.00;53.00;54.00;;;;;;;;;;;;;;;;;;;;;;;;;;;;;;;;;;;;;;;;;;;;;;;;;;;;;;;;;;;;;;;;;;;;;;;;;;;;;;;;;;;;;;;;;;;;;;;;;;;;;;;;;;;;;;;;;;;;;;;;;;;;;;;;;;;;;;;;;;;;;;;;;;;;;;;;;;;;;;;;;;;;;;;;;;;;;;;;;;;;;;;;;;;;;;;;;;;;;;;;;;;;;;;;;;;;;;;;;;;;;;;;;;;;;;;;;;;;;;;;;;;;;;;;;;;;;;;;;;;;;;;;;;;;;;;;;;;;;;;;;;;;;;;;;;;;;;;;;;;;;;;;;;;;;;;;;;;;;;;;;;;;;;;;;;;;;;;;;;;;;;;;;;;;;;;;;;;;;;;;;;;;;;;;;;;;;;;;;;;;;;;;;;;;;;;;;;;;;;;;;;;;;;;;;;;;;;;;;;;;;;;;;;;;;;;;;;;;;;;;;;;;;;;;;;;;;;;;;;;;;;;;;;;;;;;;;;;;;;;;;0;4.40;5.60;3.30;8.90;9.50;8.70;128;190;83;158;161;927.20;;;;11.00;;;;28.00;45.00;25.00
1393429200000;2014-02-26T16:40:00.000+0100;;54.00;;;;;;;1.00;-21.20;378.80;379.10;379.10;81.00;81.00;79.00;;;;;;;;;;;;;;;;;;;;;;;;;;;;;;;;;;;;;;;;;;;;;;;;;;;;;;;;;;;;50.00;;;;;;;;;;;;;;;;;;;;;;;;;;;;;;;;;;;;;;38.00;47.00;34.00;14.00;;;;23.00;25.00;23.00;;;;;;;;;;;;;;;;;;;;;;;;;;;;;;;;;;;;54.00;54.00;55.00;;;;;;;;;;;;;;;;;;;;;;;;;;;;;;;;;;;;;;;;;;;;;;;;;;;;;;;;;;;;;;;;;;;;;;;;;;;;;;;;;;;;;;;;;;;;;;;;;;;;;;;;;;;;;;;;;;;;;;;;;;;;;;;;;;;;;;;;;;;;;;;;;;;;;;;;;;;;;;;;;;;;;;;;;;;;;;;;;;;;;;;;;;;;;;;;;;;;;;;;;;;;;;;;;;;;;;;;;;;;;;;;;;;;;;;;;;;;;;;;;;;;;;;;;;;;;;;;;;;;;;;;;;;;;;;;;;;;;;;;;;;;;;;;;;;;;;;;;;;;;;;;;;;;;;;;;;;;;;;;;;;;;;;;;;;;;;;;;;;;;;;;;;;;;;;;;;;;;;;;;;;;;;;;;;;;;;;;;;;;;;;;;;;;;;;;;;;;;;;;;;;;;;;;;;;;;;;;;;;;;;;;;;;;;;;;;;;;;;;;;;;;;;;;;;;;;;;;;;;;;;;;;;;;;;;;;;;;;;;;;0;4.10;5.10;3.00;8.80;9.00;8.70;88;134;44;164;161;920.10;;;;10.00;;;;28.00;45.00;25.00
1393429800000;2014-02-26T16:50:00.000+0100;;53.00;;;;;;;1.00;-25.00;377.20;377.50;377.40;91.00;89.00;87.00;;;;;;;;;;;;;;;;;;;;;;;;;;;;;;;;;;;;;;;;;;;;;;;;;;;;;;;;;;;;50.00;;;;;;;;;;;;;;;;;;;;;;;;;;;;;;;;;;;;;;36.00;46.00;34.00;14.00;;;;23.00;25.00;23.00;;;;;;;;;;;;;;;;;;;;;;;;;;;;;;;;;;;;55.00;54.00;55.00;;;;;;;;;;;;;;;;;;;;;;;;;;;;;;;;;;;;;;;;;;;;;;;;;;;;;;;;;;;;;;;;;;;;;;;;;;;;;;;;;;;;;;;;;;;;;;;;;;;;;;;;;;;;;;;;;;;;;;;;;;;;;;;;;;;;;;;;;;;;;;;;;;;;;;;;;;;;;;;;;;;;;;;;;;;;;;;;;;;;;;;;;;;;;;;;;;;;;;;;;;;;;;;;;;;;;;;;;;;;;;;;;;;;;;;;;;;;;;;;;;;;;;;;;;;;;;;;;;;;;;;;;;;;;;;;;;;;;;;;;;;;;;;;;;;;;;;;;;;;;;;;;;;;;;;;;;;;;;;;;;;;;;;;;;;;;;;;;;;;;;;;;;;;;;;;;;;;;;;;;;;;;;;;;;;;;;;;;;;;;;;;;;;;;;;;;;;;;;;;;;;;;;;;;;;;;;;;;;;;;;;;;;;;;;;;;;;;;;;;;;;;;;;;;;;;;;;;;;;;;;;;;;;;;;;;;;;;;;;;;0;4.20;5.40;2.90;8.80;9.00;8.70;97;131;35;160;157;920.00;;;;10.00;;;;28.00;45.00;25.00
1393430400000;2014-02-26T17:00:00.000+0100;;52.00;;;;;;;-0.20;-1.30;373.80;374.20;374.00;14.00;16.00;16.00;;;;;;;;;;;;;;;;;;;;;;;;;;;;;;;;;;;;;;;;;;;;;;;;;;;;;;;;;;;;50.00;;;;;;;;;;;;;;;;;;;;;;;;;;;;;;;;;;;;;;36.00;46.00;33.00;14.00;;;;23.00;25.00;23.00;;;;;;;;;;;;;;;;;;;;;;;;;;;;;;;;;;;;54.00;53.00;54.00;;;;;;;;;;;;;;;;;;;;;;;;;;;;;;;;;;;;;;;;;;;;;;;;;;;;;;;;;;;;;;;;;;;;;;;;;;;;;;;;;;;;;;;;;;;;;;;;;;;;;;;;;;;;;;;;;;;;;;;;;;;;;;;;;;;;;;;;;;;;;;;;;;;;;;;;;;;;;;;;;;;;;;;;;;;;;;;;;;;;;;;;;;;;;;;;;;;;;;;;;;;;;;;;;;;;;;;;;;;;;;;;;;;;;;;;;;;;;;;;;;;;;;;;;;;;;;;;;;;;;;;;;;;;;;;;;;;;;;;;;;;;;;;;;;;;;;;;;;;;;;;;;;;;;;;;;;;;;;;;;;;;;;;;;;;;;;;;;;;;;;;;;;;;;;;;;;;;;;;;;;;;;;;;;;;;;;;;;;;;;;;;;;;;;;;;;;;;;;;;;;;;;;;;;;;;;;;;;;;;;;;;;;;;;;;;;;;;;;;;;;;;;;;;;;;;;;;;;;;;;;;;;;;;;;;;;;;;;;;;;0;2.50;4.00;1.00;6.10;9.00;1.60;-1;35;-31;156;156;639.30;;;;10.00;;;;28.00;45.00;24.00
1393431000000;2014-02-26T17:10:00.000+0100;;49.00;;;;;;;-1.00;0.00;373.00;373.20;373.50;13.00;16.00;18.00;;;;;;;;;;;;;;;;;;;;;;;;;;;;;;;;;;;;;;;;;;;;;;;;;;;;;;;;;;;;50.00;;;;;;;;;;;;;;;;;;;;;;;;;;;;;;;;;;;;;;36.00;47.00;33.00;14.00;;;;23.00;25.00;23.00;;;;;;;;;;;;;;;;;;;;;;;;;;;;;;;;;;;;48.00;48.00;49.00;;;;;;;;;;;;;;;;;;;;;;;;;;;;;;;;;;;;;;;;;;;;;;;;;;;;;;;;;;;;;;;;;;;;;;;;;;;;;;;;;;;;;;;;;;;;;;;;;;;;;;;;;;;;;;;;;;;;;;;;;;;;;;;;;;;;;;;;;;;;;;;;;;;;;;;;;;;;;;;;;;;;;;;;;;;;;;;;;;;;;;;;;;;;;;;;;;;;;;;;;;;;;;;;;;;;;;;;;;;;;;;;;;;;;;;;;;;;;;;;;;;;;;;;;;;;;;;;;;;;;;;;;;;;;;;;;;;;;;;;;;;;;;;;;;;;;;;;;;;;;;;;;;;;;;;;;;;;;;;;;;;;;;;;;;;;;;;;;;;;;;;;;;;;;;;;;;;;;;;;;;;;;;;;;;;;;;;;;;;;;;;;;;;;;;;;;;;;;;;;;;;;;;;;;;;;;;;;;;;;;;;;;;;;;;;;;;;;;;;;;;;;;;;;;;;;;;;;;;;;;;;;;;;;;;;;;;;;;;;;;0;2.20;4.20;0.70;1.70;6.70;1.30;-13;-12;-31;156;143;171.80;;;;10.00;;;;29.00;43.00;23.00
1393431600000;2014-02-26T17:20:00.000+0100;;48.00;;;;;;;-0.40;-0.50;376.10;376.40;376.60;13.00;16.00;15.00;;;;;;;;;;;;;;;;;;;;;;;;;;;;;;;;;;;;;;;;;;;;;;;;;;;;;;;;;;;;50.00;;;;;;;;;;;;;;;;;;;;;;;;;;;;;;;;;;;;;;36.00;46.00;32.00;14.00;;;;23.00;25.00;23.00;;;;;;;;;;;;;;;;;;;;;;;;;;;;;;;;;;;;47.00;47.00;47.00;;;;;;;;;;;;;;;;;;;;;;;;;;;;;;;;;;;;;;;;;;;;;;;;;;;;;;;;;;;;;;;;;;;;;;;;;;;;;;;;;;;;;;;;;;;;;;;;;;;;;;;;;;;;;;;;;;;;;;;;;;;;;;;;;;;;;;;;;;;;;;;;;;;;;;;;;;;;;;;;;;;;;;;;;;;;;;;;;;;;;;;;;;;;;;;;;;;;;;;;;;;;;;;;;;;;;;;;;;;;;;;;;;;;;;;;;;;;;;;;;;;;;;;;;;;;;;;;;;;;;;;;;;;;;;;;;;;;;;;;;;;;;;;;;;;;;;;;;;;;;;;;;;;;;;;;;;;;;;;;;;;;;;;;;;;;;;;;;;;;;;;;;;;;;;;;;;;;;;;;;;;;;;;;;;;;;;;;;;;;;;;;;;;;;;;;;;;;;;;;;;;;;;;;;;;;;;;;;;;;;;;;;;;;;;;;;;;;;;;;;;;;;;;;;;;;;;;;;;;;;;;;;;;;;;;;;;;;;;;;;0;2.30;4.10;0.70;5.20;9.00;1.60;-6;34;-38;148;152;540.80;;;;10.00;;;;29.00;42.00;24.00
1393432200000;2014-02-26T17:30:00.000+0100;;47.00;;;;;;;-1.00;-0.10;376.20;376.30;376.80;14.00;17.00;18.00;;;;;;;;;;;;;;;;;;;;;;;;;;;;;;;;;;;;;;;;;;;;;;;;;;;;;;;;;;;;50.00;;;;;;;;;;;;;;;;;;;;;;;;;;;;;;;;;;;;;;37.00;46.00;32.00;14.00;;;;23.00;25.00;23.00;;;;;;;;;;;;;;;;;;;;;;;;;;;;;;;;;;;;43.00;43.00;44.00;;;;;;;;;;;;;;;;;;;;;;;;;;;;;;;;;;;;;;;;;;;;;;;;;;;;;;;;;;;;;;;;;;;;;;;;;;;;;;;;;;;;;;;;;;;;;;;;;;;;;;;;;;;;;;;;;;;;;;;;;;;;;;;;;;;;;;;;;;;;;;;;;;;;;;;;;;;;;;;;;;;;;;;;;;;;;;;;;;;;;;;;;;;;;;;;;;;;;;;;;;;;;;;;;;;;;;;;;;;;;;;;;;;;;;;;;;;;;;;;;;;;;;;;;;;;;;;;;;;;;;;;;;;;;;;;;;;;;;;;;;;;;;;;;;;;;;;;;;;;;;;;;;;;;;;;;;;;;;;;;;;;;;;;;;;;;;;;;;;;;;;;;;;;;;;;;;;;;;;;;;;;;;;;;;;;;;;;;;;;;;;;;;;;;;;;;;;;;;;;;;;;;;;;;;;;;;;;;;;;;;;;;;;;;;;;;;;;;;;;;;;;;;;;;;;;;;;;;;;;;;;;;;;;;;;;;;;;;;;;;0;2.20;3.50;0.90;1.80;2.20;1.60;-13;-12;-31;155;150;189.70;;;;10.00;;;;29.00;41.00;23.00
1393432800000;2014-02-26T17:40:00.000+0100;;45.00;;;;;;;-1.00;0.00;376.80;377.00;377.30;13.00;15.00;18.00;;;;;;;;;;;;;;;;;;;;;;;;;;;;;;;;;;;;;;;;;;;;;;;;;;;;;;;;;;;;50.00;;;;;;;;;;;;;;;;;;;;;;;;;;;;;;;;;;;;;;37.00;46.00;31.00;14.00;;;;23.00;25.00;23.00;;;;;;;;;;;;;;;;;;;;;;;;;;;;;;;;;;;;40.00;40.00;40.00;;;;;;;;;;;;;;;;;;;;;;;;;;;;;;;;;;;;;;;;;;;;;;;;;;;;;;;;;;;;;;;;;;;;;;;;;;;;;;;;;;;;;;;;;;;;;;;;;;;;;;;;;;;;;;;;;;;;;;;;;;;;;;;;;;;;;;;;;;;;;;;;;;;;;;;;;;;;;;;;;;;;;;;;;;;;;;;;;;;;;;;;;;;;;;;;;;;;;;;;;;;;;;;;;;;;;;;;;;;;;;;;;;;;;;;;;;;;;;;;;;;;;;;;;;;;;;;;;;;;;;;;;;;;;;;;;;;;;;;;;;;;;;;;;;;;;;;;;;;;;;;;;;;;;;;;;;;;;;;;;;;;;;;;;;;;;;;;;;;;;;;;;;;;;;;;;;;;;;;;;;;;;;;;;;;;;;;;;;;;;;;;;;;;;;;;;;;;;;;;;;;;;;;;;;;;;;;;;;;;;;;;;;;;;;;;;;;;;;;;;;;;;;;;;;;;;;;;;;;;;;;;;;;;;;;;;;;;;;;;;0;2.30;3.70;1.20;1.60;1.80;1.50;-13;-12;-31;155;143;169.10;;;;10.00;;;;29.00;39.00;23.00
1393433400000;2014-02-26T17:50:00.000+0100;;45.00;;;;;;;-0.60;-2.40;376.00;376.10;376.60;17.00;19.00;20.00;;;;;;;;;;;;;;;;;;;;;;;;;;;;;;;;;;;;;;;;;;;;;;;;;;;;;;;;;;;;50.00;;;;;;;;;;;;;;;;;;;;;;;;;;;;;;;;;;;;;;38.00;45.00;31.00;14.00;;;;23.00;25.00;23.00;;;;;;;;;;;;;;;;;;;;;;;;;;;;;;;;;;;;39.00;38.00;39.00;;;;;;;;;;;;;;;;;;;;;;;;;;;;;;;;;;;;;;;;;;;;;;;;;;;;;;;;;;;;;;;;;;;;;;;;;;;;;;;;;;;;;;;;;;;;;;;;;;;;;;;;;;;;;;;;;;;;;;;;;;;;;;;;;;;;;;;;;;;;;;;;;;;;;;;;;;;;;;;;;;;;;;;;;;;;;;;;;;;;;;;;;;;;;;;;;;;;;;;;;;;;;;;;;;;;;;;;;;;;;;;;;;;;;;;;;;;;;;;;;;;;;;;;;;;;;;;;;;;;;;;;;;;;;;;;;;;;;;;;;;;;;;;;;;;;;;;;;;;;;;;;;;;;;;;;;;;;;;;;;;;;;;;;;;;;;;;;;;;;;;;;;;;;;;;;;;;;;;;;;;;;;;;;;;;;;;;;;;;;;;;;;;;;;;;;;;;;;;;;;;;;;;;;;;;;;;;;;;;;;;;;;;;;;;;;;;;;;;;;;;;;;;;;;;;;;;;;;;;;;;;;;;;;;;;;;;;;;;;;;0;2.80;4.10;1.00;3.60;9.00;1.50;-7;45;-38;143;139;371.80;;;;10.00;;;;29.00;38.00;23.00
1393434000000;2014-02-26T18:00:00.000+0100;;49.00;;;;;;;0.90;-11.50;375.50;375.60;376.00;27.00;26.00;23.00;;;;;;;;;;;;;;;;;;;;;;;;;;;;;;;;;;;;;;;;;;;;;;;;;;;;;;;;;;;;50.00;;;;;;;;;;;;;;;;;;;;;;;;;;;;;;;;;;;;;;38.00;46.00;31.00;14.00;;;;23.00;25.00;23.00;;;;;;;;;;;;;;;;;;;;;;;;;;;;;;;;;;;;43.00;43.00;44.00;;;;;;;;;;;;;;;;;;;;;;;;;;;;;;;;;;;;;;;;;;;;;;;;;;;;;;;;;;;;;;;;;;;;;;;;;;;;;;;;;;;;;;;;;;;;;;;;;;;;;;;;;;;;;;;;;;;;;;;;;;;;;;;;;;;;;;;;;;;;;;;;;;;;;;;;;;;;;;;;;;;;;;;;;;;;;;;;;;;;;;;;;;;;;;;;;;;;;;;;;;;;;;;;;;;;;;;;;;;;;;;;;;;;;;;;;;;;;;;;;;;;;;;;;;;;;;;;;;;;;;;;;;;;;;;;;;;;;;;;;;;;;;;;;;;;;;;;;;;;;;;;;;;;;;;;;;;;;;;;;;;;;;;;;;;;;;;;;;;;;;;;;;;;;;;;;;;;;;;;;;;;;;;;;;;;;;;;;;;;;;;;;;;;;;;;;;;;;;;;;;;;;;;;;;;;;;;;;;;;;;;;;;;;;;;;;;;;;;;;;;;;;;;;;;;;;;;;;;;;;;;;;;;;;;;;;;;;;;;;;0;3.10;4.60;1.70;8.80;9.00;8.70;23;43;6;139;140;920.00;;;;10.00;;;;29.00;39.00;23.00
1393434600000;2014-02-26T18:10:00.000+0100;;54.00;;;;;;;0.90;-11.80;374.60;374.80;375.10;33.00;31.00;29.00;;;;;;;;;;;;;;;;;;;;;;;;;;;;;;;;;;;;;;;;;;;;;;;;;;;;;;;;;;;;50.00;;;;;;;;;;;;;;;;;;;;;;;;;;;;;;;;;;;;;;38.00;47.00;32.00;13.00;;;;23.00;25.00;23.00;;;;;;;;;;;;;;;;;;;;;;;;;;;;;;;;;;;;47.00;47.00;47.00;;;;;;;;;;;;;;;;;;;;;;;;;;;;;;;;;;;;;;;;;;;;;;;;;;;;;;;;;;;;;;;;;;;;;;;;;;;;;;;;;;;;;;;;;;;;;;;;;;;;;;;;;;;;;;;;;;;;;;;;;;;;;;;;;;;;;;;;;;;;;;;;;;;;;;;;;;;;;;;;;;;;;;;;;;;;;;;;;;;;;;;;;;;;;;;;;;;;;;;;;;;;;;;;;;;;;;;;;;;;;;;;;;;;;;;;;;;;;;;;;;;;;;;;;;;;;;;;;;;;;;;;;;;;;;;;;;;;;;;;;;;;;;;;;;;;;;;;;;;;;;;;;;;;;;;;;;;;;;;;;;;;;;;;;;;;;;;;;;;;;;;;;;;;;;;;;;;;;;;;;;;;;;;;;;;;;;;;;;;;;;;;;;;;;;;;;;;;;;;;;;;;;;;;;;;;;;;;;;;;;;;;;;;;;;;;;;;;;;;;;;;;;;;;;;;;;;;;;;;;;;;;;;;;;;;;;;;;;;;;;0;3.00;4.40;1.90;8.80;9.00;8.70;30;50;5;140;140;920.10;;;;10.00;;;;28.00;41.00;23.00
1393435200000;2014-02-26T18:20:00.000+0100;;56.00;;;;;;;0.80;-6.30;373.30;373.60;373.90;25.00;25.00;22.00;;;;;;;;;;;;;;;;;;;;;;;;;;;;;;;;;;;;;;;;;;;;;;;;;;;;;;;;;;;;50.00;;;;;;;;;;;;;;;;;;;;;;;;;;;;;;;;;;;;;;38.00;47.00;33.00;13.00;;;;23.00;25.00;23.00;;;;;;;;;;;;;;;;;;;;;;;;;;;;;;;;;;;;49.00;49.00;50.00;;;;;;;;;;;;;;;;;;;;;;;;;;;;;;;;;;;;;;;;;;;;;;;;;;;;;;;;;;;;;;;;;;;;;;;;;;;;;;;;;;;;;;;;;;;;;;;;;;;;;;;;;;;;;;;;;;;;;;;;;;;;;;;;;;;;;;;;;;;;;;;;;;;;;;;;;;;;;;;;;;;;;;;;;;;;;;;;;;;;;;;;;;;;;;;;;;;;;;;;;;;;;;;;;;;;;;;;;;;;;;;;;;;;;;;;;;;;;;;;;;;;;;;;;;;;;;;;;;;;;;;;;;;;;;;;;;;;;;;;;;;;;;;;;;;;;;;;;;;;;;;;;;;;;;;;;;;;;;;;;;;;;;;;;;;;;;;;;;;;;;;;;;;;;;;;;;;;;;;;;;;;;;;;;;;;;;;;;;;;;;;;;;;;;;;;;;;;;;;;;;;;;;;;;;;;;;;;;;;;;;;;;;;;;;;;;;;;;;;;;;;;;;;;;;;;;;;;;;;;;;;;;;;;;;;;;;;;;;;;;0;2.90;4.10;1.50;8.80;9.00;8.50;21;49;-8;144;144;918.30;;;;10.00;;;;28.00;42.00;24.00
1393435800000;2014-02-26T18:30:00.000+0100;;57.00;;;;;;;0.40;-1.50;372.50;372.90;373.10;14.00;15.00;13.00;;;;;;;;;;;;;;;;;;;;;;;;;;;;;;;;;;;;;;;;;;;;;;;;;;;;;;;;;;;;50.00;;;;;;;;;;;;;;;;;;;;;;;;;;;;;;;;;;;;;;39.00;47.00;33.00;13.00;;;;23.00;25.00;23.00;;;;;;;;;;;;;;;;;;;;;;;;;;;;;;;;;;;;51.00;51.00;51.00;;;;;;;;;;;;;;;;;;;;;;;;;;;;;;;;;;;;;;;;;;;;;;;;;;;;;;;;;;;;;;;;;;;;;;;;;;;;;;;;;;;;;;;;;;;;;;;;;;;;;;;;;;;;;;;;;;;;;;;;;;;;;;;;;;;;;;;;;;;;;;;;;;;;;;;;;;;;;;;;;;;;;;;;;;;;;;;;;;;;;;;;;;;;;;;;;;;;;;;;;;;;;;;;;;;;;;;;;;;;;;;;;;;;;;;;;;;;;;;;;;;;;;;;;;;;;;;;;;;;;;;;;;;;;;;;;;;;;;;;;;;;;;;;;;;;;;;;;;;;;;;;;;;;;;;;;;;;;;;;;;;;;;;;;;;;;;;;;;;;;;;;;;;;;;;;;;;;;;;;;;;;;;;;;;;;;;;;;;;;;;;;;;;;;;;;;;;;;;;;;;;;;;;;;;;;;;;;;;;;;;;;;;;;;;;;;;;;;;;;;;;;;;;;;;;;;;;;;;;;;;;;;;;;;;;;;;;;;;;;;0;2.60;4.20;0.90;8.80;9.00;8.40;5;37;-9;148;153;914.10;;;;10.00;;;;28.00;43.00;24.00
1393436400000;2014-02-26T18:40:00.000+0100;;57.00;;;;;;;-0.40;-0.10;372.30;372.60;372.90;13.00;15.00;15.00;;;;;;;;;;;;;;;;;;;;;;;;;;;;;;;;;;;;;;;;;;;;;;;;;;;;;;;;;;;;50.00;;;;;;;;;;;;;;;;;;;;;;;;;;;;;;;;;;;;;;39.00;48.00;33.00;13.00;;;;23.00;25.00;23.00;;;;;;;;;;;;;;;;;;;;;;;;;;;;;;;;;;;;51.00;50.00;51.00;;;;;;;;;;;;;;;;;;;;;;;;;;;;;;;;;;;;;;;;;;;;;;;;;;;;;;;;;;;;;;;;;;;;;;;;;;;;;;;;;;;;;;;;;;;;;;;;;;;;;;;;;;;;;;;;;;;;;;;;;;;;;;;;;;;;;;;;;;;;;;;;;;;;;;;;;;;;;;;;;;;;;;;;;;;;;;;;;;;;;;;;;;;;;;;;;;;;;;;;;;;;;;;;;;;;;;;;;;;;;;;;;;;;;;;;;;;;;;;;;;;;;;;;;;;;;;;;;;;;;;;;;;;;;;;;;;;;;;;;;;;;;;;;;;;;;;;;;;;;;;;;;;;;;;;;;;;;;;;;;;;;;;;;;;;;;;;;;;;;;;;;;;;;;;;;;;;;;;;;;;;;;;;;;;;;;;;;;;;;;;;;;;;;;;;;;;;;;;;;;;;;;;;;;;;;;;;;;;;;;;;;;;;;;;;;;;;;;;;;;;;;;;;;;;;;;;;;;;;;;;;;;;;;;;;;;;;;;;;;;0;2.50;4.00;0.80;5.80;8.90;1.90;-6;9;-31;148;150;606.40;;;;10.00;;;;27.00;43.00;23.00
1393437000000;2014-02-26T18:50:00.000+0100;;52.00;;;;;;;-1.00;-0.10;372.30;372.60;373.00;15.00;17.00;19.00;;;;;;;;;;;;;;;;;;;;;;;;;;;;;;;;;;;;;;;;;;;;;;;;;;;;;;;;;;;;50.00;;;;;;;;;;;;;;;;;;;;;;;;;;;;;;;;;;;;;;39.00;47.00;32.00;13.00;;;;23.00;25.00;23.00;;;;;;;;;;;;;;;;;;;;;;;;;;;;;;;;;;;;46.00;46.00;46.00;;;;;;;;;;;;;;;;;;;;;;;;;;;;;;;;;;;;;;;;;;;;;;;;;;;;;;;;;;;;;;;;;;;;;;;;;;;;;;;;;;;;;;;;;;;;;;;;;;;;;;;;;;;;;;;;;;;;;;;;;;;;;;;;;;;;;;;;;;;;;;;;;;;;;;;;;;;;;;;;;;;;;;;;;;;;;;;;;;;;;;;;;;;;;;;;;;;;;;;;;;;;;;;;;;;;;;;;;;;;;;;;;;;;;;;;;;;;;;;;;;;;;;;;;;;;;;;;;;;;;;;;;;;;;;;;;;;;;;;;;;;;;;;;;;;;;;;;;;;;;;;;;;;;;;;;;;;;;;;;;;;;;;;;;;;;;;;;;;;;;;;;;;;;;;;;;;;;;;;;;;;;;;;;;;;;;;;;;;;;;;;;;;;;;;;;;;;;;;;;;;;;;;;;;;;;;;;;;;;;;;;;;;;;;;;;;;;;;;;;;;;;;;;;;;;;;;;;;;;;;;;;;;;;;;;;;;;;;;;;;0;2.60;3.70;1.60;2.20;2.30;2.00;-13;-12;-31;148;149;225.00;;;;10.00;;;;28.00;41.00;22.00
1393437600000;2014-02-26T19:00:00.000+0100;;49.00;;;;;;;-0.90;-0.70;377.00;377.30;377.70;17.00;19.00;21.00;;;;;;;;;;;;;;;;;;;;;;;;;;;;;;;;;;;;;;;;;;;;;;;;;;;;;;;;;;;;50.00;;;;;;;;;;;;;;;;;;;;;;;;;;;;;;;;;;;;;;39.00;47.00;31.00;14.00;;;;23.00;25.00;23.00;;;;;;;;;;;;;;;;;;;;;;;;;;;;;;;;;;;;42.00;42.00;43.00;;;;;;;;;;;;;;;;;;;;;;;;;;;;;;;;;;;;;;;;;;;;;;;;;;;;;;;;;;;;;;;;;;;;;;;;;;;;;;;;;;;;;;;;;;;;;;;;;;;;;;;;;;;;;;;;;;;;;;;;;;;;;;;;;;;;;;;;;;;;;;;;;;;;;;;;;;;;;;;;;;;;;;;;;;;;;;;;;;;;;;;;;;;;;;;;;;;;;;;;;;;;;;;;;;;;;;;;;;;;;;;;;;;;;;;;;;;;;;;;;;;;;;;;;;;;;;;;;;;;;;;;;;;;;;;;;;;;;;;;;;;;;;;;;;;;;;;;;;;;;;;;;;;;;;;;;;;;;;;;;;;;;;;;;;;;;;;;;;;;;;;;;;;;;;;;;;;;;;;;;;;;;;;;;;;;;;;;;;;;;;;;;;;;;;;;;;;;;;;;;;;;;;;;;;;;;;;;;;;;;;;;;;;;;;;;;;;;;;;;;;;;;;;;;;;;;;;;;;;;;;;;;;;;;;;;;;;;;;;;;0;2.80;4.70;1.70;2.90;9.00;2.10;-11;48;-31;143;146;302.50;;;;10.00;;;;28.00;39.00;22.00
1393438200000;2014-02-26T19:10:00.000+0100;;51.00;;;;;;;1.00;-7.80;377.70;378.00;378.40;37.00;36.00;33.00;;;;;;;;;;;;;;;;;;;;;;;;;;;;;;;;;;;;;;;;;;;;;;;;;;;;;;;;;;;;50.00;;;;;;;;;;;;;;;;;;;;;;;;;;;;;;;;;;;;;;39.00;47.00;32.00;13.00;;;;23.00;25.00;23.00;;;;;;;;;;;;;;;;;;;;;;;;;;;;;;;;;;;;45.00;45.00;45.00;;;;;;;;;;;;;;;;;;;;;;;;;;;;;;;;;;;;;;;;;;;;;;;;;;;;;;;;;;;;;;;;;;;;;;;;;;;;;;;;;;;;;;;;;;;;;;;;;;;;;;;;;;;;;;;;;;;;;;;;;;;;;;;;;;;;;;;;;;;;;;;;;;;;;;;;;;;;;;;;;;;;;;;;;;;;;;;;;;;;;;;;;;;;;;;;;;;;;;;;;;;;;;;;;;;;;;;;;;;;;;;;;;;;;;;;;;;;;;;;;;;;;;;;;;;;;;;;;;;;;;;;;;;;;;;;;;;;;;;;;;;;;;;;;;;;;;;;;;;;;;;;;;;;;;;;;;;;;;;;;;;;;;;;;;;;;;;;;;;;;;;;;;;;;;;;;;;;;;;;;;;;;;;;;;;;;;;;;;;;;;;;;;;;;;;;;;;;;;;;;;;;;;;;;;;;;;;;;;;;;;;;;;;;;;;;;;;;;;;;;;;;;;;;;;;;;;;;;;;;;;;;;;;;;;;;;;;;;;;;;0;2.90;4.20;1.50;8.80;9.00;8.70;36;95;11;148;153;920.20;;;;10.00;;;;28.00;40.00;23.00
1393438800000;2014-02-26T19:20:00.000+0100;;54.00;;;;;;;1.00;-19.20;378.20;378.30;378.80;89.00;87.00;85.00;;;;;;;;;;;;;;;;;;;;;;;;;;;;;;;;;;;;;;;;;;;;;;;;;;;;;;;;;;;;50.00;;;;;;;;;;;;;;;;;;;;;;;;;;;;;;;;;;;;;;39.00;47.00;33.00;13.00;;;;23.00;25.00;23.00;;;;;;;;;;;;;;;;;;;;;;;;;;;;;;;;;;;;48.00;48.00;49.00;;;;;;;;;;;;;;;;;;;;;;;;;;;;;;;;;;;;;;;;;;;;;;;;;;;;;;;;;;;;;;;;;;;;;;;;;;;;;;;;;;;;;;;;;;;;;;;;;;;;;;;;;;;;;;;;;;;;;;;;;;;;;;;;;;;;;;;;;;;;;;;;;;;;;;;;;;;;;;;;;;;;;;;;;;;;;;;;;;;;;;;;;;;;;;;;;;;;;;;;;;;;;;;;;;;;;;;;;;;;;;;;;;;;;;;;;;;;;;;;;;;;;;;;;;;;;;;;;;;;;;;;;;;;;;;;;;;;;;;;;;;;;;;;;;;;;;;;;;;;;;;;;;;;;;;;;;;;;;;;;;;;;;;;;;;;;;;;;;;;;;;;;;;;;;;;;;;;;;;;;;;;;;;;;;;;;;;;;;;;;;;;;;;;;;;;;;;;;;;;;;;;;;;;;;;;;;;;;;;;;;;;;;;;;;;;;;;;;;;;;;;;;;;;;;;;;;;;;;;;;;;;;;;;;;;;;;;;;;;;;0;3.70;5.60;1.30;8.80;9.00;8.70;96;146;41;159;163;920.60;;;;10.00;;;;28.00;42.00;23.00
1393439400000;2014-02-26T19:30:00.000+0100;;53.00;;;;;;;1.00;-20.80;378.30;378.50;379.00;95.00;95.00;93.00;;;;;;;;;;;;;;;;;;;;;;;;;;;;;;;;;;;;;;;;;;;;;;;;;;;;;;;;;;;;50.00;;;;;;;;;;;;;;;;;;;;;;;;;;;;;;;;;;;;;;38.00;46.00;33.00;13.00;;;;23.00;25.00;23.00;;;;;;;;;;;;;;;;;;;;;;;;;;;;;;;;;;;;50.00;50.00;51.00;;;;;;;;;;;;;;;;;;;;;;;;;;;;;;;;;;;;;;;;;;;;;;;;;;;;;;;;;;;;;;;;;;;;;;;;;;;;;;;;;;;;;;;;;;;;;;;;;;;;;;;;;;;;;;;;;;;;;;;;;;;;;;;;;;;;;;;;;;;;;;;;;;;;;;;;;;;;;;;;;;;;;;;;;;;;;;;;;;;;;;;;;;;;;;;;;;;;;;;;;;;;;;;;;;;;;;;;;;;;;;;;;;;;;;;;;;;;;;;;;;;;;;;;;;;;;;;;;;;;;;;;;;;;;;;;;;;;;;;;;;;;;;;;;;;;;;;;;;;;;;;;;;;;;;;;;;;;;;;;;;;;;;;;;;;;;;;;;;;;;;;;;;;;;;;;;;;;;;;;;;;;;;;;;;;;;;;;;;;;;;;;;;;;;;;;;;;;;;;;;;;;;;;;;;;;;;;;;;;;;;;;;;;;;;;;;;;;;;;;;;;;;;;;;;;;;;;;;;;;;;;;;;;;;;;;;;;;;;;;;0;3.80;5.20;2.40;8.80;9.00;8.60;103;139;71;161;165;920.20;;;;10.00;;;;27.00;43.00;24.00
1393440000000;2014-02-26T19:40:00.000+0100;;53.00;;;;;;;1.00;-19.00;378.60;378.80;379.30;87.00;86.00;84.00;;;;;;;;;;;;;;;;;;;;;;;;;;;;;;;;;;;;;;;;;;;;;;;;;;;;;;;;;;;;50.00;;;;;;;;;;;;;;;;;;;;;;;;;;;;;;;;;;;;;;36.00;45.00;33.00;13.00;;;;23.00;25.00;23.00;;;;;;;;;;;;;;;;;;;;;;;;;;;;;;;;;;;;52.00;52.00;52.00;;;;;;;;;;;;;;;;;;;;;;;;;;;;;;;;;;;;;;;;;;;;;;;;;;;;;;;;;;;;;;;;;;;;;;;;;;;;;;;;;;;;;;;;;;;;;;;;;;;;;;;;;;;;;;;;;;;;;;;;;;;;;;;;;;;;;;;;;;;;;;;;;;;;;;;;;;;;;;;;;;;;;;;;;;;;;;;;;;;;;;;;;;;;;;;;;;;;;;;;;;;;;;;;;;;;;;;;;;;;;;;;;;;;;;;;;;;;;;;;;;;;;;;;;;;;;;;;;;;;;;;;;;;;;;;;;;;;;;;;;;;;;;;;;;;;;;;;;;;;;;;;;;;;;;;;;;;;;;;;;;;;;;;;;;;;;;;;;;;;;;;;;;;;;;;;;;;;;;;;;;;;;;;;;;;;;;;;;;;;;;;;;;;;;;;;;;;;;;;;;;;;;;;;;;;;;;;;;;;;;;;;;;;;;;;;;;;;;;;;;;;;;;;;;;;;;;;;;;;;;;;;;;;;;;;;;;;;;;;;;0;3.60;5.00;1.90;8.80;9.00;8.70;94;132;56;161;162;919.90;;;;10.00;;;;27.00;44.00;24.00
1393440600000;2014-02-26T19:50:00.000+0100;;52.00;;;;;;;1.00;-22.70;376.70;377.00;377.50;105.00;102.00;100.00;;;;;;;;;;;;;;;;;;;;;;;;;;;;;;;;;;;;;;;;;;;;;;;;;;;;;;;;;;;;50.00;;;;;;;;;;;;;;;;;;;;;;;;;;;;;;;;;;;;;;35.00;45.00;34.00;13.00;;;;23.00;25.00;23.00;;;;;;;;;;;;;;;;;;;;;;;;;;;;;;;;;;;;53.00;53.00;54.00;;;;;;;;;;;;;;;;;;;;;;;;;;;;;;;;;;;;;;;;;;;;;;;;;;;;;;;;;;;;;;;;;;;;;;;;;;;;;;;;;;;;;;;;;;;;;;;;;;;;;;;;;;;;;;;;;;;;;;;;;;;;;;;;;;;;;;;;;;;;;;;;;;;;;;;;;;;;;;;;;;;;;;;;;;;;;;;;;;;;;;;;;;;;;;;;;;;;;;;;;;;;;;;;;;;;;;;;;;;;;;;;;;;;;;;;;;;;;;;;;;;;;;;;;;;;;;;;;;;;;;;;;;;;;;;;;;;;;;;;;;;;;;;;;;;;;;;;;;;;;;;;;;;;;;;;;;;;;;;;;;;;;;;;;;;;;;;;;;;;;;;;;;;;;;;;;;;;;;;;;;;;;;;;;;;;;;;;;;;;;;;;;;;;;;;;;;;;;;;;;;;;;;;;;;;;;;;;;;;;;;;;;;;;;;;;;;;;;;;;;;;;;;;;;;;;;;;;;;;;;;;;;;;;;;;;;;;;;;;;;0;4.10;5.50;2.50;8.80;9.00;8.70;113;156;63;161;162;921.10;;;;10.00;;;;27.00;44.00;24.00
1393441200000;2014-02-26T20:00:00.000+0100;;52.00;;;;;;;1.00;-23.70;374.00;374.30;374.70;110.00;107.00;105.00;;;;;;;;;;;;;;;;;;;;;;;;;;;;;;;;;;;;;;;;;;;;;;;;;;;;;;;;;;;;50.00;;;;;;;;;;;;;;;;;;;;;;;;;;;;;;;;;;;;;;35.00;44.00;34.00;13.00;;;;23.00;25.00;23.00;;;;;;;;;;;;;;;;;;;;;;;;;;;;;;;;;;;;54.00;53.00;54.00;;;;;;;;;;;;;;;;;;;;;;;;;;;;;;;;;;;;;;;;;;;;;;;;;;;;;;;;;;;;;;;;;;;;;;;;;;;;;;;;;;;;;;;;;;;;;;;;;;;;;;;;;;;;;;;;;;;;;;;;;;;;;;;;;;;;;;;;;;;;;;;;;;;;;;;;;;;;;;;;;;;;;;;;;;;;;;;;;;;;;;;;;;;;;;;;;;;;;;;;;;;;;;;;;;;;;;;;;;;;;;;;;;;;;;;;;;;;;;;;;;;;;;;;;;;;;;;;;;;;;;;;;;;;;;;;;;;;;;;;;;;;;;;;;;;;;;;;;;;;;;;;;;;;;;;;;;;;;;;;;;;;;;;;;;;;;;;;;;;;;;;;;;;;;;;;;;;;;;;;;;;;;;;;;;;;;;;;;;;;;;;;;;;;;;;;;;;;;;;;;;;;;;;;;;;;;;;;;;;;;;;;;;;;;;;;;;;;;;;;;;;;;;;;;;;;;;;;;;;;;;;;;;;;;;;;;;;;;;;;;0;4.40;5.80;2.70;8.90;9.20;8.70;118;177;72;161;162;926.20;;;;10.00;;;;27.00;44.00;24.00
1393441800000;2014-02-26T20:10:00.000+0100;;52.00;;;;;;;1.00;-20.30;374.30;374.60;375.00;95.00;93.00;90.00;;;;;;;;;;;;;;;;;;;;;;;;;;;;;;;;;;;;;;;;;;;;;;;;;;;;;;;;;;;;50.00;;;;;;;;;;;;;;;;;;;;;;;;;;;;;;;;;;;;;;34.00;44.00;34.00;13.00;;;;23.00;25.00;23.00;;;;;;;;;;;;;;;;;;;;;;;;;;;;;;;;;;;;54.00;54.00;55.00;;;;;;;;;;;;;;;;;;;;;;;;;;;;;;;;;;;;;;;;;;;;;;;;;;;;;;;;;;;;;;;;;;;;;;;;;;;;;;;;;;;;;;;;;;;;;;;;;;;;;;;;;;;;;;;;;;;;;;;;;;;;;;;;;;;;;;;;;;;;;;;;;;;;;;;;;;;;;;;;;;;;;;;;;;;;;;;;;;;;;;;;;;;;;;;;;;;;;;;;;;;;;;;;;;;;;;;;;;;;;;;;;;;;;;;;;;;;;;;;;;;;;;;;;;;;;;;;;;;;;;;;;;;;;;;;;;;;;;;;;;;;;;;;;;;;;;;;;;;;;;;;;;;;;;;;;;;;;;;;;;;;;;;;;;;;;;;;;;;;;;;;;;;;;;;;;;;;;;;;;;;;;;;;;;;;;;;;;;;;;;;;;;;;;;;;;;;;;;;;;;;;;;;;;;;;;;;;;;;;;;;;;;;;;;;;;;;;;;;;;;;;;;;;;;;;;;;;;;;;;;;;;;;;;;;;;;;;;;;;;0;4.20;6.60;2.60;8.90;9.60;8.60;101;159;52;161;164;924.00;;;;10.00;;;;27.00;44.00;24.00
1393442400000;2014-02-26T20:20:00.000+0100;;52.00;;;;;;;1.00;-13.60;375.80;376.10;376.40;63.00;62.00;61.00;;;;;;;;;;;;;;;;;;;;;;;;;;;;;;;;;;;;;;;;;;;;;;;;;;;;;;;;;;;;50.00;;;;;;;;;;;;;;;;;;;;;;;;;;;;;;;;;;;;;;34.00;44.00;34.00;13.00;;;;23.00;25.00;23.00;;;;;;;;;;;;;;;;;;;;;;;;;;;;;;;;;;;;55.00;54.00;55.00;;;;;;;;;;;;;;;;;;;;;;;;;;;;;;;;;;;;;;;;;;;;;;;;;;;;;;;;;;;;;;;;;;;;;;;;;;;;;;;;;;;;;;;;;;;;;;;;;;;;;;;;;;;;;;;;;;;;;;;;;;;;;;;;;;;;;;;;;;;;;;;;;;;;;;;;;;;;;;;;;;;;;;;;;;;;;;;;;;;;;;;;;;;;;;;;;;;;;;;;;;;;;;;;;;;;;;;;;;;;;;;;;;;;;;;;;;;;;;;;;;;;;;;;;;;;;;;;;;;;;;;;;;;;;;;;;;;;;;;;;;;;;;;;;;;;;;;;;;;;;;;;;;;;;;;;;;;;;;;;;;;;;;;;;;;;;;;;;;;;;;;;;;;;;;;;;;;;;;;;;;;;;;;;;;;;;;;;;;;;;;;;;;;;;;;;;;;;;;;;;;;;;;;;;;;;;;;;;;;;;;;;;;;;;;;;;;;;;;;;;;;;;;;;;;;;;;;;;;;;;;;;;;;;;;;;;;;;;;;;;0;3.60;5.10;2.50;8.90;9.90;8.70;68;139;32;161;165;922.80;;;;10.00;;;;27.00;44.00;24.00
1393443000000;2014-02-26T20:30:00.000+0100;;52.00;;;;;;;1.00;-12.10;376.10;376.40;376.70;57.00;57.00;54.00;;;;;;;;;;;;;;;;;;;;;;;;;;;;;;;;;;;;;;;;;;;;;;;;;;;;;;;;;;;;50.00;;;;;;;;;;;;;;;;;;;;;;;;;;;;;;;;;;;;;;34.00;43.00;34.00;13.00;;;;23.00;25.00;23.00;;;;;;;;;;;;;;;;;;;;;;;;;;;;;;;;;;;;55.00;54.00;55.00;;;;;;;;;;;;;;;;;;;;;;;;;;;;;;;;;;;;;;;;;;;;;;;;;;;;;;;;;;;;;;;;;;;;;;;;;;;;;;;;;;;;;;;;;;;;;;;;;;;;;;;;;;;;;;;;;;;;;;;;;;;;;;;;;;;;;;;;;;;;;;;;;;;;;;;;;;;;;;;;;;;;;;;;;;;;;;;;;;;;;;;;;;;;;;;;;;;;;;;;;;;;;;;;;;;;;;;;;;;;;;;;;;;;;;;;;;;;;;;;;;;;;;;;;;;;;;;;;;;;;;;;;;;;;;;;;;;;;;;;;;;;;;;;;;;;;;;;;;;;;;;;;;;;;;;;;;;;;;;;;;;;;;;;;;;;;;;;;;;;;;;;;;;;;;;;;;;;;;;;;;;;;;;;;;;;;;;;;;;;;;;;;;;;;;;;;;;;;;;;;;;;;;;;;;;;;;;;;;;;;;;;;;;;;;;;;;;;;;;;;;;;;;;;;;;;;;;;;;;;;;;;;;;;;;;;;;;;;;;;;0;3.50;5.30;2.10;8.80;9.00;8.60;60;105;15;161;164;920.10;;;;10.00;;;;27.00;44.00;24.00
1393443600000;2014-02-26T20:40:00.000+0100;;52.00;;;;;;;1.00;-13.10;376.80;377.10;377.40;62.00;61.00;59.00;;;;;;;;;;;;;;;;;;;;;;;;;;;;;;;;;;;;;;;;;;;;;;;;;;;;;;;;;;;;50.00;;;;;;;;;;;;;;;;;;;;;;;;;;;;;;;;;;;;;;34.00;43.00;34.00;13.00;;;;23.00;25.00;23.00;;;;;;;;;;;;;;;;;;;;;;;;;;;;;;;;;;;;55.00;55.00;55.00;;;;;;;;;;;;;;;;;;;;;;;;;;;;;;;;;;;;;;;;;;;;;;;;;;;;;;;;;;;;;;;;;;;;;;;;;;;;;;;;;;;;;;;;;;;;;;;;;;;;;;;;;;;;;;;;;;;;;;;;;;;;;;;;;;;;;;;;;;;;;;;;;;;;;;;;;;;;;;;;;;;;;;;;;;;;;;;;;;;;;;;;;;;;;;;;;;;;;;;;;;;;;;;;;;;;;;;;;;;;;;;;;;;;;;;;;;;;;;;;;;;;;;;;;;;;;;;;;;;;;;;;;;;;;;;;;;;;;;;;;;;;;;;;;;;;;;;;;;;;;;;;;;;;;;;;;;;;;;;;;;;;;;;;;;;;;;;;;;;;;;;;;;;;;;;;;;;;;;;;;;;;;;;;;;;;;;;;;;;;;;;;;;;;;;;;;;;;;;;;;;;;;;;;;;;;;;;;;;;;;;;;;;;;;;;;;;;;;;;;;;;;;;;;;;;;;;;;;;;;;;;;;;;;;;;;;;;;;;;;;0;3.40;4.90;2.10;8.80;9.00;8.60;67;120;28;161;167;919.80;;;;10.00;;;;27.00;44.00;24.00
1393444200000;2014-02-26T20:50:00.000+0100;;53.00;;;;;;;1.00;-24.50;376.90;377.30;377.40;149.00;146.00;145.00;;;;;;;;;;;;;;;;;;;;;;;;;;;;;;;;;;;;;;;;;;;;;;;;;;;;;;;;;;;;50.00;;;;;;;;;;;;;;;;;;;;;;;;;;;;;;;;;;;;;;34.00;43.00;34.00;13.00;;;;23.00;25.00;23.00;;;;;;;;;;;;;;;;;;;;;;;;;;;;;;;;;;;;55.00;55.00;56.00;;;;;;;;;;;;;;;;;;;;;;;;;;;;;;;;;;;;;;;;;;;;;;;;;;;;;;;;;;;;;;;;;;;;;;;;;;;;;;;;;;;;;;;;;;;;;;;;;;;;;;;;;;;;;;;;;;;;;;;;;;;;;;;;;;;;;;;;;;;;;;;;;;;;;;;;;;;;;;;;;;;;;;;;;;;;;;;;;;;;;;;;;;;;;;;;;;;;;;;;;;;;;;;;;;;;;;;;;;;;;;;;;;;;;;;;;;;;;;;;;;;;;;;;;;;;;;;;;;;;;;;;;;;;;;;;;;;;;;;;;;;;;;;;;;;;;;;;;;;;;;;;;;;;;;;;;;;;;;;;;;;;;;;;;;;;;;;;;;;;;;;;;;;;;;;;;;;;;;;;;;;;;;;;;;;;;;;;;;;;;;;;;;;;;;;;;;;;;;;;;;;;;;;;;;;;;;;;;;;;;;;;;;;;;;;;;;;;;;;;;;;;;;;;;;;;;;;;;;;;;;;;;;;;;;;;;;;;;;;;;0;4.60;7.80;2.40;9.40;11.30;8.60;163;289;39;174;177;976.30;;;;10.00;;;;28.00;44.00;24.00
1393444800000;2014-02-26T21:00:00.000+0100;;54.00;;;;;;;1.00;-28.20;376.70;377.10;377.20;178.00;175.00;174.00;;;;;;;;;;;;;;;;;;;;;;;;;;;;;;;;;;;;;;;;;;;;;;;;;;;;;;;;;;;;50.00;;;;;;;;;;;;;;;;;;;;;;;;;;;;;;;;;;;;;;34.00;43.00;34.00;13.00;;;;23.00;25.00;23.00;;;;;;;;;;;;;;;;;;;;;;;;;;;;;;;;;;;;56.00;56.00;56.00;;;;;;;;;;;;;;;;;;;;;;;;;;;;;;;;;;;;;;;;;;;;;;;;;;;;;;;;;;;;;;;;;;;;;;;;;;;;;;;;;;;;;;;;;;;;;;;;;;;;;;;;;;;;;;;;;;;;;;;;;;;;;;;;;;;;;;;;;;;;;;;;;;;;;;;;;;;;;;;;;;;;;;;;;;;;;;;;;;;;;;;;;;;;;;;;;;;;;;;;;;;;;;;;;;;;;;;;;;;;;;;;;;;;;;;;;;;;;;;;;;;;;;;;;;;;;;;;;;;;;;;;;;;;;;;;;;;;;;;;;;;;;;;;;;;;;;;;;;;;;;;;;;;;;;;;;;;;;;;;;;;;;;;;;;;;;;;;;;;;;;;;;;;;;;;;;;;;;;;;;;;;;;;;;;;;;;;;;;;;;;;;;;;;;;;;;;;;;;;;;;;;;;;;;;;;;;;;;;;;;;;;;;;;;;;;;;;;;;;;;;;;;;;;;;;;;;;;;;;;;;;;;;;;;;;;;;;;;;;;;0;4.90;6.50;3.40;9.50;10.80;8.80;197;296;89;179;180;986.10;;;;10.00;;;;28.00;44.00;24.00
1393445400000;2014-02-26T21:10:00.000+0100;;53.00;;;;;;;1.00;-17.90;376.90;377.30;377.40;114.00;112.00;110.00;;;;;;;;;;;;;;;;;;;;;;;;;;;;;;;;;;;;;;;;;;;;;;;;;;;;;;;;;;;;50.00;;;;;;;;;;;;;;;;;;;;;;;;;;;;;;;;;;;;;;34.00;43.00;34.00;13.00;;;;23.00;26.00;23.00;;;;;;;;;;;;;;;;;;;;;;;;;;;;;;;;;;;;56.00;56.00;57.00;;;;;;;;;;;;;;;;;;;;;;;;;;;;;;;;;;;;;;;;;;;;;;;;;;;;;;;;;;;;;;;;;;;;;;;;;;;;;;;;;;;;;;;;;;;;;;;;;;;;;;;;;;;;;;;;;;;;;;;;;;;;;;;;;;;;;;;;;;;;;;;;;;;;;;;;;;;;;;;;;;;;;;;;;;;;;;;;;;;;;;;;;;;;;;;;;;;;;;;;;;;;;;;;;;;;;;;;;;;;;;;;;;;;;;;;;;;;;;;;;;;;;;;;;;;;;;;;;;;;;;;;;;;;;;;;;;;;;;;;;;;;;;;;;;;;;;;;;;;;;;;;;;;;;;;;;;;;;;;;;;;;;;;;;;;;;;;;;;;;;;;;;;;;;;;;;;;;;;;;;;;;;;;;;;;;;;;;;;;;;;;;;;;;;;;;;;;;;;;;;;;;;;;;;;;;;;;;;;;;;;;;;;;;;;;;;;;;;;;;;;;;;;;;;;;;;;;;;;;;;;;;;;;;;;;;;;;;;;;;;0;4.20;6.90;2.60;9.10;10.60;8.60;125;279;45;179;184;943.40;;;;10.00;;;;28.00;43.00;24.00
1393446000000;2014-02-26T21:20:00.000+0100;;53.00;;;;;;;1.00;-14.50;377.90;378.40;378.40;90.00;89.00;86.00;;;;;;;;;;;;;;;;;;;;;;;;;;;;;;;;;;;;;;;;;;;;;;;;;;;;;;;;;;;;50.00;;;;;;;;;;;;;;;;;;;;;;;;;;;;;;;;;;;;;;34.00;43.00;34.00;13.00;;;;23.00;26.00;23.00;;;;;;;;;;;;;;;;;;;;;;;;;;;;;;;;;;;;56.00;56.00;57.00;;;;;;;;;;;;;;;;;;;;;;;;;;;;;;;;;;;;;;;;;;;;;;;;;;;;;;;;;;;;;;;;;;;;;;;;;;;;;;;;;;;;;;;;;;;;;;;;;;;;;;;;;;;;;;;;;;;;;;;;;;;;;;;;;;;;;;;;;;;;;;;;;;;;;;;;;;;;;;;;;;;;;;;;;;;;;;;;;;;;;;;;;;;;;;;;;;;;;;;;;;;;;;;;;;;;;;;;;;;;;;;;;;;;;;;;;;;;;;;;;;;;;;;;;;;;;;;;;;;;;;;;;;;;;;;;;;;;;;;;;;;;;;;;;;;;;;;;;;;;;;;;;;;;;;;;;;;;;;;;;;;;;;;;;;;;;;;;;;;;;;;;;;;;;;;;;;;;;;;;;;;;;;;;;;;;;;;;;;;;;;;;;;;;;;;;;;;;;;;;;;;;;;;;;;;;;;;;;;;;;;;;;;;;;;;;;;;;;;;;;;;;;;;;;;;;;;;;;;;;;;;;;;;;;;;;;;;;;;;;;0;3.80;5.40;2.60;8.80;9.00;8.70;98;150;43;184;186;920.40;;;;10.00;;;;28.00;43.00;24.00
1393446600000;2014-02-26T21:30:00.000+0100;;52.00;;;;;;;1.00;-17.10;377.70;378.20;378.30;83.00;83.00;80.00;;;;;;;;;;;;;;;;;;;;;;;;;;;;;;;;;;;;;;;;;;;;;;;;;;;;;;;;;;;;50.00;;;;;;;;;;;;;;;;;;;;;;;;;;;;;;;;;;;;;;34.00;43.00;34.00;13.00;;;;23.00;25.00;23.00;;;;;;;;;;;;;;;;;;;;;;;;;;;;;;;;;;;;56.00;55.00;56.00;;;;;;;;;;;;;;;;;;;;;;;;;;;;;;;;;;;;;;;;;;;;;;;;;;;;;;;;;;;;;;;;;;;;;;;;;;;;;;;;;;;;;;;;;;;;;;;;;;;;;;;;;;;;;;;;;;;;;;;;;;;;;;;;;;;;;;;;;;;;;;;;;;;;;;;;;;;;;;;;;;;;;;;;;;;;;;;;;;;;;;;;;;;;;;;;;;;;;;;;;;;;;;;;;;;;;;;;;;;;;;;;;;;;;;;;;;;;;;;;;;;;;;;;;;;;;;;;;;;;;;;;;;;;;;;;;;;;;;;;;;;;;;;;;;;;;;;;;;;;;;;;;;;;;;;;;;;;;;;;;;;;;;;;;;;;;;;;;;;;;;;;;;;;;;;;;;;;;;;;;;;;;;;;;;;;;;;;;;;;;;;;;;;;;;;;;;;;;;;;;;;;;;;;;;;;;;;;;;;;;;;;;;;;;;;;;;;;;;;;;;;;;;;;;;;;;;;;;;;;;;;;;;;;;;;;;;;;;;;;;0;3.80;5.30;2.30;8.80;9.20;8.70;90;142;31;186;185;921.00;;;;10.00;;;;28.00;43.00;23.00
1393447200000;2014-02-26T21:40:00.000+0100;;52.00;;;;;;;1.00;-17.60;373.00;373.50;373.50;66.00;64.00;62.00;;;;;;;;;;;;;;;;;;;;;;;;;;;;;;;;;;;;;;;;;;;;;;;;;;;;;;;;;;;;50.00;;;;;;;;;;;;;;;;;;;;;;;;;;;;;;;;;;;;;;34.00;42.00;33.00;13.00;;;;23.00;25.00;23.00;;;;;;;;;;;;;;;;;;;;;;;;;;;;;;;;;;;;55.00;55.00;56.00;;;;;;;;;;;;;;;;;;;;;;;;;;;;;;;;;;;;;;;;;;;;;;;;;;;;;;;;;;;;;;;;;;;;;;;;;;;;;;;;;;;;;;;;;;;;;;;;;;;;;;;;;;;;;;;;;;;;;;;;;;;;;;;;;;;;;;;;;;;;;;;;;;;;;;;;;;;;;;;;;;;;;;;;;;;;;;;;;;;;;;;;;;;;;;;;;;;;;;;;;;;;;;;;;;;;;;;;;;;;;;;;;;;;;;;;;;;;;;;;;;;;;;;;;;;;;;;;;;;;;;;;;;;;;;;;;;;;;;;;;;;;;;;;;;;;;;;;;;;;;;;;;;;;;;;;;;;;;;;;;;;;;;;;;;;;;;;;;;;;;;;;;;;;;;;;;;;;;;;;;;;;;;;;;;;;;;;;;;;;;;;;;;;;;;;;;;;;;;;;;;;;;;;;;;;;;;;;;;;;;;;;;;;;;;;;;;;;;;;;;;;;;;;;;;;;;;;;;;;;;;;;;;;;;;;;;;;;;;;;;0;3.60;5.60;2.10;8.80;9.20;8.70;69;130;28;186;187;921.10;;;;10.00;;;;28.00;43.00;23.00
1393447800000;2014-02-26T21:50:00.000+0100;;52.00;;;;;;;0.90;-18.50;373.50;374.00;374.00;54.00;52.00;51.00;;;;;;;;;;;;;;;;;;;;;;;;;;;;;;;;;;;;;;;;;;;;;;;;;;;;;;;;;;;;50.00;;;;;;;;;;;;;;;;;;;;;;;;;;;;;;;;;;;;;;34.00;42.00;33.00;13.00;;;;23.00;25.00;23.00;;;;;;;;;;;;;;;;;;;;;;;;;;;;;;;;;;;;55.00;55.00;56.00;;;;;;;;;;;;;;;;;;;;;;;;;;;;;;;;;;;;;;;;;;;;;;;;;;;;;;;;;;;;;;;;;;;;;;;;;;;;;;;;;;;;;;;;;;;;;;;;;;;;;;;;;;;;;;;;;;;;;;;;;;;;;;;;;;;;;;;;;;;;;;;;;;;;;;;;;;;;;;;;;;;;;;;;;;;;;;;;;;;;;;;;;;;;;;;;;;;;;;;;;;;;;;;;;;;;;;;;;;;;;;;;;;;;;;;;;;;;;;;;;;;;;;;;;;;;;;;;;;;;;;;;;;;;;;;;;;;;;;;;;;;;;;;;;;;;;;;;;;;;;;;;;;;;;;;;;;;;;;;;;;;;;;;;;;;;;;;;;;;;;;;;;;;;;;;;;;;;;;;;;;;;;;;;;;;;;;;;;;;;;;;;;;;;;;;;;;;;;;;;;;;;;;;;;;;;;;;;;;;;;;;;;;;;;;;;;;;;;;;;;;;;;;;;;;;;;;;;;;;;;;;;;;;;;;;;;;;;;;;;;0;3.50;6.10;2.20;8.80;9.20;8.30;53;161;-7;186;185;919.10;;;;10.00;;;;28.00;43.00;23.00
1393448400000;2014-02-26T22:00:00.000+0100;;54.00;;;;;;;0.70;-18.80;373.20;373.80;373.70;32.00;29.00;28.00;;;;;;;;;;;;;;;;;;;;;;;;;;;;;;;;;;;;;;;;;;;;;;;;;;;;;;;;;;;;50.00;;;;;;;;;;;;;;;;;;;;;;;;;;;;;;;;;;;;;;34.00;43.00;33.00;12.00;;;;23.00;25.00;23.00;;;;;;;;;;;;;;;;;;;;;;;;;;;;;;;;;;;;55.00;55.00;55.00;;;;;;;;;;;;;;;;;;;;;;;;;;;;;;;;;;;;;;;;;;;;;;;;;;;;;;;;;;;;;;;;;;;;;;;;;;;;;;;;;;;;;;;;;;;;;;;;;;;;;;;;;;;;;;;;;;;;;;;;;;;;;;;;;;;;;;;;;;;;;;;;;;;;;;;;;;;;;;;;;;;;;;;;;;;;;;;;;;;;;;;;;;;;;;;;;;;;;;;;;;;;;;;;;;;;;;;;;;;;;;;;;;;;;;;;;;;;;;;;;;;;;;;;;;;;;;;;;;;;;;;;;;;;;;;;;;;;;;;;;;;;;;;;;;;;;;;;;;;;;;;;;;;;;;;;;;;;;;;;;;;;;;;;;;;;;;;;;;;;;;;;;;;;;;;;;;;;;;;;;;;;;;;;;;;;;;;;;;;;;;;;;;;;;;;;;;;;;;;;;;;;;;;;;;;;;;;;;;;;;;;;;;;;;;;;;;;;;;;;;;;;;;;;;;;;;;;;;;;;;;;;;;;;;;;;;;;;;;;;;0;3.30;4.50;2.30;8.80;9.10;8.20;24;50;-5;186;185;919.00;;;;10.00;;;;28.00;43.00;23.00
1393449000000;2014-02-26T22:10:00.000+0100;;55.00;;;;;;;0.60;-10.10;373.80;374.40;374.20;22.00;21.00;20.00;;;;;;;;;;;;;;;;;;;;;;;;;;;;;;;;;;;;;;;;;;;;;;;;;;;;;;;;;;;;50.00;;;;;;;;;;;;;;;;;;;;;;;;;;;;;;;;;;;;;;35.00;44.00;33.00;12.00;;;;23.00;25.00;23.00;;;;;;;;;;;;;;;;;;;;;;;;;;;;;;;;;;;;55.00;54.00;55.00;;;;;;;;;;;;;;;;;;;;;;;;;;;;;;;;;;;;;;;;;;;;;;;;;;;;;;;;;;;;;;;;;;;;;;;;;;;;;;;;;;;;;;;;;;;;;;;;;;;;;;;;;;;;;;;;;;;;;;;;;;;;;;;;;;;;;;;;;;;;;;;;;;;;;;;;;;;;;;;;;;;;;;;;;;;;;;;;;;;;;;;;;;;;;;;;;;;;;;;;;;;;;;;;;;;;;;;;;;;;;;;;;;;;;;;;;;;;;;;;;;;;;;;;;;;;;;;;;;;;;;;;;;;;;;;;;;;;;;;;;;;;;;;;;;;;;;;;;;;;;;;;;;;;;;;;;;;;;;;;;;;;;;;;;;;;;;;;;;;;;;;;;;;;;;;;;;;;;;;;;;;;;;;;;;;;;;;;;;;;;;;;;;;;;;;;;;;;;;;;;;;;;;;;;;;;;;;;;;;;;;;;;;;;;;;;;;;;;;;;;;;;;;;;;;;;;;;;;;;;;;;;;;;;;;;;;;;;;;;;;0;3.00;4.30;1.90;8.80;9.00;8.40;13;50;-9;186;190;917.20;;;;10.00;;;;28.00;43.00;23.00
1393449600000;2014-02-26T22:20:00.000+0100;;56.00;;;;;;;0.70;-16.30;376.20;376.80;376.70;27.00;25.00;24.00;;;;;;;;;;;;;;;;;;;;;;;;;;;;;;;;;;;;;;;;;;;;;;;;;;;;;;;;;;;;50.00;;;;;;;;;;;;;;;;;;;;;;;;;;;;;;;;;;;;;;35.00;45.00;33.00;12.00;;;;23.00;25.00;23.00;;;;;;;;;;;;;;;;;;;;;;;;;;;;;;;;;;;;54.00;54.00;55.00;;;;;;;;;;;;;;;;;;;;;;;;;;;;;;;;;;;;;;;;;;;;;;;;;;;;;;;;;;;;;;;;;;;;;;;;;;;;;;;;;;;;;;;;;;;;;;;;;;;;;;;;;;;;;;;;;;;;;;;;;;;;;;;;;;;;;;;;;;;;;;;;;;;;;;;;;;;;;;;;;;;;;;;;;;;;;;;;;;;;;;;;;;;;;;;;;;;;;;;;;;;;;;;;;;;;;;;;;;;;;;;;;;;;;;;;;;;;;;;;;;;;;;;;;;;;;;;;;;;;;;;;;;;;;;;;;;;;;;;;;;;;;;;;;;;;;;;;;;;;;;;;;;;;;;;;;;;;;;;;;;;;;;;;;;;;;;;;;;;;;;;;;;;;;;;;;;;;;;;;;;;;;;;;;;;;;;;;;;;;;;;;;;;;;;;;;;;;;;;;;;;;;;;;;;;;;;;;;;;;;;;;;;;;;;;;;;;;;;;;;;;;;;;;;;;;;;;;;;;;;;;;;;;;;;;;;;;;;;;;;0;3.20;4.30;2.20;8.80;9.00;8.70;19;50;-1;191;192;919.90;;;;10.00;;;;28.00;43.00;23.00
1393450200000;2014-02-26T22:30:00.000+0100;;57.00;;;;;;;0.50;9.70;377.00;377.60;377.50;24.00;27.00;24.00;;;;;;;;;;;;;;;;;;;;;;;;;;;;;;;;;;;;;;;;;;;;;;;;;;;;;;;;;;;;50.00;;;;;;;;;;;;;;;;;;;;;;;;;;;;;;;;;;;;;;36.00;45.00;33.00;12.00;;;;23.00;25.00;23.00;;;;;;;;;;;;;;;;;;;;;;;;;;;;;;;;;;;;54.00;54.00;55.00;;;;;;;;;;;;;;;;;;;;;;;;;;;;;;;;;;;;;;;;;;;;;;;;;;;;;;;;;;;;;;;;;;;;;;;;;;;;;;;;;;;;;;;;;;;;;;;;;;;;;;;;;;;;;;;;;;;;;;;;;;;;;;;;;;;;;;;;;;;;;;;;;;;;;;;;;;;;;;;;;;;;;;;;;;;;;;;;;;;;;;;;;;;;;;;;;;;;;;;;;;;;;;;;;;;;;;;;;;;;;;;;;;;;;;;;;;;;;;;;;;;;;;;;;;;;;;;;;;;;;;;;;;;;;;;;;;;;;;;;;;;;;;;;;;;;;;;;;;;;;;;;;;;;;;;;;;;;;;;;;;;;;;;;;;;;;;;;;;;;;;;;;;;;;;;;;;;;;;;;;;;;;;;;;;;;;;;;;;;;;;;;;;;;;;;;;;;;;;;;;;;;;;;;;;;;;;;;;;;;;;;;;;;;;;;;;;;;;;;;;;;;;;;;;;;;;;;;;;;;;;;;;;;;;;;;;;;;;;;;;0;3.20;4.60;2.10;8.80;9.00;8.50;13;26;-8;187;183;918.00;;;;10.00;;;;28.00;43.00;23.00
1393450800000;2014-02-26T22:40:00.000+0100;;56.00;;;;;;;-0.30;3.90;377.10;377.60;377.50;13.00;16.00;15.00;;;;;;;;;;;;;;;;;;;;;;;;;;;;;;;;;;;;;;;;;;;;;;;;;;;;;;;;;;;;50.00;;;;;;;;;;;;;;;;;;;;;;;;;;;;;;;;;;;;;;36.00;45.00;33.00;12.00;;;;23.00;25.00;23.00;;;;;;;;;;;;;;;;;;;;;;;;;;;;;;;;;;;;53.00;52.00;53.00;;;;;;;;;;;;;;;;;;;;;;;;;;;;;;;;;;;;;;;;;;;;;;;;;;;;;;;;;;;;;;;;;;;;;;;;;;;;;;;;;;;;;;;;;;;;;;;;;;;;;;;;;;;;;;;;;;;;;;;;;;;;;;;;;;;;;;;;;;;;;;;;;;;;;;;;;;;;;;;;;;;;;;;;;;;;;;;;;;;;;;;;;;;;;;;;;;;;;;;;;;;;;;;;;;;;;;;;;;;;;;;;;;;;;;;;;;;;;;;;;;;;;;;;;;;;;;;;;;;;;;;;;;;;;;;;;;;;;;;;;;;;;;;;;;;;;;;;;;;;;;;;;;;;;;;;;;;;;;;;;;;;;;;;;;;;;;;;;;;;;;;;;;;;;;;;;;;;;;;;;;;;;;;;;;;;;;;;;;;;;;;;;;;;;;;;;;;;;;;;;;;;;;;;;;;;;;;;;;;;;;;;;;;;;;;;;;;;;;;;;;;;;;;;;;;;;;;;;;;;;;;;;;;;;;;;;;;;;;;;;0;2.70;4.10;1.00;5.70;9.00;1.80;-4;19;-38;189;195;588.30;;;;10.00;;;;28.00;42.00;23.00
1393451400000;2014-02-26T22:50:00.000+0100;;50.00;;;;;;;-1.00;0.00;376.70;377.30;377.20;13.00;15.00;17.00;;;;;;;;;;;;;;;;;;;;;;;;;;;;;;;;;;;;;;;;;;;;;;;;;;;;;;;;;;;;50.00;;;;;;;;;;;;;;;;;;;;;;;;;;;;;;;;;;;;;;37.00;45.00;32.00;13.00;;;;23.00;25.00;23.00;;;;;;;;;;;;;;;;;;;;;;;;;;;;;;;;;;;;48.00;47.00;48.00;;;;;;;;;;;;;;;;;;;;;;;;;;;;;;;;;;;;;;;;;;;;;;;;;;;;;;;;;;;;;;;;;;;;;;;;;;;;;;;;;;;;;;;;;;;;;;;;;;;;;;;;;;;;;;;;;;;;;;;;;;;;;;;;;;;;;;;;;;;;;;;;;;;;;;;;;;;;;;;;;;;;;;;;;;;;;;;;;;;;;;;;;;;;;;;;;;;;;;;;;;;;;;;;;;;;;;;;;;;;;;;;;;;;;;;;;;;;;;;;;;;;;;;;;;;;;;;;;;;;;;;;;;;;;;;;;;;;;;;;;;;;;;;;;;;;;;;;;;;;;;;;;;;;;;;;;;;;;;;;;;;;;;;;;;;;;;;;;;;;;;;;;;;;;;;;;;;;;;;;;;;;;;;;;;;;;;;;;;;;;;;;;;;;;;;;;;;;;;;;;;;;;;;;;;;;;;;;;;;;;;;;;;;;;;;;;;;;;;;;;;;;;;;;;;;;;;;;;;;;;;;;;;;;;;;;;;;;;;;;;0;2.50;3.30;1.50;1.80;1.90;1.70;-13;-13;-32;196;201;191.40;;;;10.00;;;;29.00;41.00;22.00
1393452000000;2014-02-26T23:00:00.000+0100;;47.00;;;;;;;-1.00;0.00;377.70;378.20;378.20;13.00;15.00;17.00;;;;;;;;;;;;;;;;;;;;;;;;;;;;;;;;;;;;;;;;;;;;;;;;;;;;;;;;;;;;50.00;;;;;;;;;;;;;;;;;;;;;;;;;;;;;;;;;;;;;;37.00;44.00;31.00;13.00;;;;23.00;25.00;22.00;;;;;;;;;;;;;;;;;;;;;;;;;;;;;;;;;;;;43.00;43.00;44.00;;;;;;;;;;;;;;;;;;;;;;;;;;;;;;;;;;;;;;;;;;;;;;;;;;;;;;;;;;;;;;;;;;;;;;;;;;;;;;;;;;;;;;;;;;;;;;;;;;;;;;;;;;;;;;;;;;;;;;;;;;;;;;;;;;;;;;;;;;;;;;;;;;;;;;;;;;;;;;;;;;;;;;;;;;;;;;;;;;;;;;;;;;;;;;;;;;;;;;;;;;;;;;;;;;;;;;;;;;;;;;;;;;;;;;;;;;;;;;;;;;;;;;;;;;;;;;;;;;;;;;;;;;;;;;;;;;;;;;;;;;;;;;;;;;;;;;;;;;;;;;;;;;;;;;;;;;;;;;;;;;;;;;;;;;;;;;;;;;;;;;;;;;;;;;;;;;;;;;;;;;;;;;;;;;;;;;;;;;;;;;;;;;;;;;;;;;;;;;;;;;;;;;;;;;;;;;;;;;;;;;;;;;;;;;;;;;;;;;;;;;;;;;;;;;;;;;;;;;;;;;;;;;;;;;;;;;;;;;;;;0;2.60;3.60;1.80;2.00;2.20;1.70;-13;-13;-32;196;202;205.70;;;;10.00;;;;29.00;40.00;22.00
1393452600000;2014-02-26T23:10:00.000+0100;;45.00;;;;;;;-1.00;0.00;377.20;377.80;377.70;12.00;15.00;17.00;;;;;;;;;;;;;;;;;;;;;;;;;;;;;;;;;;;;;;;;;;;;;;;;;;;;;;;;;;;;50.00;;;;;;;;;;;;;;;;;;;;;;;;;;;;;;;;;;;;;;37.00;44.00;31.00;13.00;;;;23.00;25.00;22.00;;;;;;;;;;;;;;;;;;;;;;;;;;;;;;;;;;;;40.00;40.00;40.00;;;;;;;;;;;;;;;;;;;;;;;;;;;;;;;;;;;;;;;;;;;;;;;;;;;;;;;;;;;;;;;;;;;;;;;;;;;;;;;;;;;;;;;;;;;;;;;;;;;;;;;;;;;;;;;;;;;;;;;;;;;;;;;;;;;;;;;;;;;;;;;;;;;;;;;;;;;;;;;;;;;;;;;;;;;;;;;;;;;;;;;;;;;;;;;;;;;;;;;;;;;;;;;;;;;;;;;;;;;;;;;;;;;;;;;;;;;;;;;;;;;;;;;;;;;;;;;;;;;;;;;;;;;;;;;;;;;;;;;;;;;;;;;;;;;;;;;;;;;;;;;;;;;;;;;;;;;;;;;;;;;;;;;;;;;;;;;;;;;;;;;;;;;;;;;;;;;;;;;;;;;;;;;;;;;;;;;;;;;;;;;;;;;;;;;;;;;;;;;;;;;;;;;;;;;;;;;;;;;;;;;;;;;;;;;;;;;;;;;;;;;;;;;;;;;;;;;;;;;;;;;;;;;;;;;;;;;;;;;;;0;2.80;3.70;2.00;2.10;2.20;2.00;-13;-13;-32;196;199;220.50;;;;10.00;;;;29.00;38.00;22.00
1393453200000;2014-02-26T23:20:00.000+0100;;44.00;;;;;;;-1.00;0.00;377.50;378.10;377.90;12.00;15.00;17.00;;;;;;;;;;;;;;;;;;;;;;;;;;;;;;;;;;;;;;;;;;;;;;;;;;;;;;;;;;;;50.00;;;;;;;;;;;;;;;;;;;;;;;;;;;;;;;;;;;;;;38.00;44.00;31.00;13.00;;;;23.00;25.00;22.00;;;;;;;;;;;;;;;;;;;;;;;;;;;;;;;;;;;;38.00;38.00;38.00;;;;;;;;;;;;;;;;;;;;;;;;;;;;;;;;;;;;;;;;;;;;;;;;;;;;;;;;;;;;;;;;;;;;;;;;;;;;;;;;;;;;;;;;;;;;;;;;;;;;;;;;;;;;;;;;;;;;;;;;;;;;;;;;;;;;;;;;;;;;;;;;;;;;;;;;;;;;;;;;;;;;;;;;;;;;;;;;;;;;;;;;;;;;;;;;;;;;;;;;;;;;;;;;;;;;;;;;;;;;;;;;;;;;;;;;;;;;;;;;;;;;;;;;;;;;;;;;;;;;;;;;;;;;;;;;;;;;;;;;;;;;;;;;;;;;;;;;;;;;;;;;;;;;;;;;;;;;;;;;;;;;;;;;;;;;;;;;;;;;;;;;;;;;;;;;;;;;;;;;;;;;;;;;;;;;;;;;;;;;;;;;;;;;;;;;;;;;;;;;;;;;;;;;;;;;;;;;;;;;;;;;;;;;;;;;;;;;;;;;;;;;;;;;;;;;;;;;;;;;;;;;;;;;;;;;;;;;;;;;;0;2.70;3.70;1.80;2.00;2.20;1.90;-13;-13;-32;196;202;209.10;;;;10.00;;;;29.00;37.00;22.00
1393453800000;2014-02-26T23:30:00.000+0100;;45.00;;;;;;;0.10;-15.40;377.10;377.70;377.50;32.00;32.00;32.00;;;;;;;;;;;;;;;;;;;;;;;;;;;;;;;;;;;;;;;;;;;;;;;;;;;;;;;;;;;;50.00;;;;;;;;;;;;;;;;;;;;;;;;;;;;;;;;;;;;;;38.00;43.00;31.00;13.00;;;;23.00;25.00;22.00;;;;;;;;;;;;;;;;;;;;;;;;;;;;;;;;;;;;39.00;39.00;40.00;;;;;;;;;;;;;;;;;;;;;;;;;;;;;;;;;;;;;;;;;;;;;;;;;;;;;;;;;;;;;;;;;;;;;;;;;;;;;;;;;;;;;;;;;;;;;;;;;;;;;;;;;;;;;;;;;;;;;;;;;;;;;;;;;;;;;;;;;;;;;;;;;;;;;;;;;;;;;;;;;;;;;;;;;;;;;;;;;;;;;;;;;;;;;;;;;;;;;;;;;;;;;;;;;;;;;;;;;;;;;;;;;;;;;;;;;;;;;;;;;;;;;;;;;;;;;;;;;;;;;;;;;;;;;;;;;;;;;;;;;;;;;;;;;;;;;;;;;;;;;;;;;;;;;;;;;;;;;;;;;;;;;;;;;;;;;;;;;;;;;;;;;;;;;;;;;;;;;;;;;;;;;;;;;;;;;;;;;;;;;;;;;;;;;;;;;;;;;;;;;;;;;;;;;;;;;;;;;;;;;;;;;;;;;;;;;;;;;;;;;;;;;;;;;;;;;;;;;;;;;;;;;;;;;;;;;;;;;;;;;0;3.20;4.10;2.50;6.60;9.00;2.20;17;44;-31;196;201;691.00;;;;10.00;;;;29.00;36.00;22.00
1393454400000;2014-02-26T23:40:00.000+0100;;50.00;;;;;;;0.30;-10.60;377.90;378.70;378.30;22.00;23.00;21.00;;;;;;;;;;;;;;;;;;;;;;;;;;;;;;;;;;;;;;;;;;;;;;;;;;;;;;;;;;;;50.00;;;;;;;;;;;;;;;;;;;;;;;;;;;;;;;;;;;;;;38.00;44.00;32.00;13.00;;;;23.00;25.00;22.00;;;;;;;;;;;;;;;;;;;;;;;;;;;;;;;;;;;;44.00;44.00;45.00;;;;;;;;;;;;;;;;;;;;;;;;;;;;;;;;;;;;;;;;;;;;;;;;;;;;;;;;;;;;;;;;;;;;;;;;;;;;;;;;;;;;;;;;;;;;;;;;;;;;;;;;;;;;;;;;;;;;;;;;;;;;;;;;;;;;;;;;;;;;;;;;;;;;;;;;;;;;;;;;;;;;;;;;;;;;;;;;;;;;;;;;;;;;;;;;;;;;;;;;;;;;;;;;;;;;;;;;;;;;;;;;;;;;;;;;;;;;;;;;;;;;;;;;;;;;;;;;;;;;;;;;;;;;;;;;;;;;;;;;;;;;;;;;;;;;;;;;;;;;;;;;;;;;;;;;;;;;;;;;;;;;;;;;;;;;;;;;;;;;;;;;;;;;;;;;;;;;;;;;;;;;;;;;;;;;;;;;;;;;;;;;;;;;;;;;;;;;;;;;;;;;;;;;;;;;;;;;;;;;;;;;;;;;;;;;;;;;;;;;;;;;;;;;;;;;;;;;;;;;;;;;;;;;;;;;;;;;;;;;;0;3.10;4.20;1.40;8.00;8.90;1.90;9;38;-28;205;205;833.80;;;;10.00;;;;28.00;37.00;23.00
1393455000000;2014-02-26T23:50:00.000+0100;;48.00;;;;;;;-0.40;-18.70;377.50;378.10;378.10;18.00;19.00;19.00;;;;;;;;;;;;;;;;;;;;;;;;;;;;;;;;;;;;;;;;;;;;;;;;;;;;;;;;;;;;50.00;;;;;;;;;;;;;;;;;;;;;;;;;;;;;;;;;;;;;;38.00;44.00;31.00;13.00;;;;23.00;25.00;22.00;;;;;;;;;;;;;;;;;;;;;;;;;;;;;;;;;;;;42.00;42.00;42.00;;;;;;;;;;;;;;;;;;;;;;;;;;;;;;;;;;;;;;;;;;;;;;;;;;;;;;;;;;;;;;;;;;;;;;;;;;;;;;;;;;;;;;;;;;;;;;;;;;;;;;;;;;;;;;;;;;;;;;;;;;;;;;;;;;;;;;;;;;;;;;;;;;;;;;;;;;;;;;;;;;;;;;;;;;;;;;;;;;;;;;;;;;;;;;;;;;;;;;;;;;;;;;;;;;;;;;;;;;;;;;;;;;;;;;;;;;;;;;;;;;;;;;;;;;;;;;;;;;;;;;;;;;;;;;;;;;;;;;;;;;;;;;;;;;;;;;;;;;;;;;;;;;;;;;;;;;;;;;;;;;;;;;;;;;;;;;;;;;;;;;;;;;;;;;;;;;;;;;;;;;;;;;;;;;;;;;;;;;;;;;;;;;;;;;;;;;;;;;;;;;;;;;;;;;;;;;;;;;;;;;;;;;;;;;;;;;;;;;;;;;;;;;;;;;;;;;;;;;;;;;;;;;;;;;;;;;;;;;;;;0;2.40;3.60;1.50;1.70;1.90;1.50;-9;-9;-28;205;201;175.80;;;;10.00;;;;28.00;37.00;22.00
