Timestamp;DateTime;T Generatorkuehlluft;T Gear Bearing Temperatur HS-ROT;T Wellenlager;Scheinleistung;U ac;I ac;Operation Mode;Turmauslenkung;Grid Production CosPhi (avg);Blindleistung;Spannung L1-N;Spannung L2-N;Spannung L3-N;Strom L1;Strom L2;Strom L3;Pitch Angle 1 (avg);Gondelumdrehung;Generatordrehzahl;DC Modules;Windabweichung 1 sek;Pitch Angle 2 (avg);Pitch Angle 3 (avg);Blattwinkel 1 (Soll);Blattwinkel 2 (Soll);Blattwinkel 3 (Soll);cos phi (Soll);n-Soll 1;n-Soll 2;Drehmoment;Drehmoment (Soll);Max. Operatingstate;Gondelbild;Windabweichung 10 sek;Schnelllaufzahl;Digital 1;Digital 2;Leistungsschalter Zuschaltungen;Triebstr.beschleunigung;Turmbeschleunigung;Anlagenzustand;Gear Bearing High Speed Shaft Generator Temperature (avg);Hydraulikvordruck;T.1(202);T.2(205);T.3(208);T.4(211);T.5(214);T.6(217);T.7(220);T.8(224);T.9(227);T.10(231);T.11(234);Int.Temp.;T.Sub1(202);T.Sub2(205);T.Sub3(208);T.Sub4(211);T.Sub5(214);T.Sub6(217);T.Sub7(220);T.Sub8(224);T.Sub9(227);T.Sub10(231);T.Sub11(234);Intern T.Sub;Windg. 1+2;T. SAMI;A.Ein(236);A.Ein(239);A.Ein(242);A.Ein(245);A.Aus(400);A.Aus(404);Netz Freq.;Grid voltage;Drehstromsteller Soll;Deviation Wind Direction To Nacelle Direction (avg);Leistungsmittelwert 5 Sek;Leistungsmittelwert 30 Sek;zugeschaltete Blindleistung;Leistungsklasse;Zustand Blatt;Anzahl Komp. Stufen;T Stator;Subtotal Energy Generator 1;Subtotal Energy Generator 2;Subtotal Production Time Generator 1;Subtotal Production Time Generator 2;Subtotal Availability Total Hours;Subtotal Availability Total Error;Subtotal Availability;Subtotal Wind Average;Subtotal Wind Maximum;Subtotal Availability Wind OK Hours;Subtotal Availability Braked Hours;Subtotal Availability External Error Hours;Subtotal Availability Grid Error Hours;Total Energy Generator 1;Total Energy Generator 2;Total Production Time Generator 1;Total Production Time Generator 2;Total Availability Total Hours;Total Availability Total Error;Total Availability;Total Wind Average;Total Wind Maximum;Total Availability Wind OK Hours;Total Availability Braked Hours;Total Availability External Error Hours;Total Availability Grid Error Hours;Blattwinkel;T Hydraulic Oil;T Gear Oil;T Generator Cooling Water;T Spin;Generator Slip Ring Top Temperature (avg);FreeForReuse;T Spin Slip Ring;High Voltage Trafo Phase 1 Temperature (avg);High Voltage Trafo Phase 2 Temperature (avg);High Voltage Trafo Phase 3 Temperature (avg);Event;Event Modul;Air Pressure;Niederschlag;Wingeschwindigkeit (Extern);Windrichtungsabweichung Max;Windrichtungsabweichung Min;Windrichtungsabweichung (Extern);Generatordrehzahl Max;Generatordrehzahl Min;Blindleistung Max;Blindleistung Min;Netzspannung Max;Netzspannung Min;Netzstrom;Netzstrom Max;Netzstrom Min;Statorstrom;Blattwinkel Durchschnitt;Blattwinkel Max;Blattwinkel Min;Leistung Bezug;Scheinleistung Bezug;Scheinleistung Bezug Max;Active Power Reference Value;Reactive Power Reference Value;Schwingungssensor 1 X Achse Max;Schwingungssensor 1 Y Achse Max;Schwingungssensor 2 X Achse Max;Schwingungssensor 2 Y Achse Max;Energie Produktion;Energie Bezug;Blindenergie Produktion;Blindenergie Bezug;Gondelposition Sensor;Statortemperatur L1;Statortemperatur L2;Statortemperatur L3;Blatt1 Motortemperatur;Blatt2 Motortemperatur;Blatt3 Motortemperatur;Umrichter (Generator zu Gleich) Temperatur;Umrichter (Gleich zu Netz) Temperatur;Produktionsstunden;Bezugszaehler;Setpoint frequenzy;t (Total);t (Produktionsbetrieb);t (Innerhalb Windgrenzen);Setpoint voltage;Produktion Zaehler-Lebenszeit kWh;Exported active energy;Exported active energy (red. op-mode);Setpoint in percent;Setpoint active power in percent;Internal setpoint max power;Internal setpoint stop WTG;Internal setpoint start WTG;Betriebsstunden Gen. 1;Betriebsstunden Gen. 2;Grid Possible Power (avg);Air Density;Max. Grid Active Power (Setpoint);Min. Grid Active Power (Setpoint);Max. Possible Grid Active Power (Setpoint);Full Power Operation Time;Power Reduced Operation Time;Min. Operatingstate;Wind Speed 2;Wind Speed 3;Wind Direction 2;Relative Humidity;T Generator Bearing DE;T Generator Bearing NDE;Radiation Module [W/m2];Radiation Horizontal [W/m2];Module Temperature;Wind Speed 4;Wind Speed 5;Wind Speed 6;Wind Speed 7;Wind Speed 8;Wind Direction 3;Wind Direction 4;Temperature Outside 2;Availability Wind Sensor 1;Availability Wind Sensor 2;Active Wind Sector In Period LaPM / Boost);Sector Angle Begin In Period (LaPM / Boost);Sector Angle End In Period (LaPM / Boost);Sector Time In Period (LaPM / Boost);Wind Direction Leading To Power Management (LaPM / Boost);Number Of Currently Main Wind Sensor;Active Wind Sensor;Relative Wind Direction (avg);Relative Wind Direction (min);Relative Wind Direction (max);Relative Wind Direction (stddev);Relative Wind Direction Sensor 1 (avg);Relative Wind Direction Sensor 1 (min);Relative Wind Direction Sensor 1 (max);Relative Wind Direction Sensor 1 (stddev);Relative Wind Direction Sensor 2 (avg);Relative Wind Direction Sensor 2 (min);Relative Wind Direction Sensor 2 (max);Relative Wind Direction Sensor 2 (stddev);Estimated Wind Speed (avg);Estimated Wind Speed (min);Estimated Wind Speed (max);Estimated Wind Speed (stddev);Wind Speed (stddev);Wind Speed Sensor 1 (avg);Wind Speed Sensor 1 (min);Wind Speed Sensor 1 (max);Wind Speed Sensor 1 (stddev);Wind Speed Sensor 2 (avg);Wind Speed Sensor 2 (min);Wind Speed Sensor 2 (max);Wind Speed Sensor 2 (stddev);Pitch Angle 1 (min);Pitch Angle 1 (max);Pitch Angle 1 (stddev);Ground Controller Temperature (avg);Ground Controller Temperature (min);Ground Controller Temperature (max);Ground Controller Temperature (std);Hub Controller Temperature (avg);Hub Controller Temperature (min);Hub Controller Temperature (max);Hub Controller Temperature (stddev);Top Controller Temperature (avg);Top Controller Temperature (min);Top Controller Temperature (max);Top Controller Temperature (stddev);VCP Choke Coil Temperature (avg);VCP Choke Coil Temperature (min);VCP Choke Coil Temperature (max);VCP Choke Coil Temperature (stddev);VCP Temperature (avg);VCP Temperature (min);VCP Temperature (max);VCP Temperature (stddev);VCP Wtr Temperatur (avg);VCP Wtr Temperatur (min);VCP Wtr Temperatur (max);VCP Wtr Temperatur (stddev);Gear Bearing Temperature A (avg);Gear Bearing Temperature A (min);Gear Bearing Temperature A (max);Gear Bearing Temperature A (stddev);Gear Bearing Temperature B (avg);Gear Bearing Temperature B (min);Gear Bearing Temperature B (max);Fermenter Niveau;Fermenter Druck;Fermenter ph-Wert;Fermenter Redoxpotential;Fermenter Temperatur 1;Fermenter Gasanalyse CO2;Fermenter Gasanalyse H2S;Fermenter Gasanalyse CH4;Fermenter Gasanalyse O2;Fermenter TS-Gehalt;Fermenter oTS-Gehalt;Fermenter1 Niveau;Fermenter1 Druck;Fermenter1 ph-Wert;Fermenter1 Redoxpotential;Fermenter1 Temperatur 1;Fermenter1 Gasanalyse CO2;Fermenter1 Gasanalyse H2S;Fermenter1 Gasanalyse CH4;Fermenter1 Gasanalyse O2;Fermenter1 TS-Gehalt;Fermenter1 oTS-Gehalt;Fermenter2 Niveau;Fermenter2 Druck;Fermenter2 ph-Wert;Fermenter2 Redoxpotential;Fermenter2 Temperatur 1;Fermenter2 Gasanalyse CO2;Fermenter2 Gasanalyse H2S;Fermenter2 Gasanalyse CH4;Fermenter2 Gasanalyse O2;Fermenter2 TS-Gehalt;Fermenter2 oTS-Gehalt;Fermenter3 Niveau;Fermenter3 Druck;Fermenter3 ph-Wert;Fermenter3 Redoxpotential;Fermenter3 Temperatur 1;Fermenter3 Gasanalyse CO2;Fermenter3 Gasanalyse H2S;Fermenter3 Gasanalyse CH4;Fermenter3 Gasanalyse O2;Fermenter3 TS-Gehalt;Fermenter3 oTS-Gehalt;Fermenter4 Niveau;Fermenter4 Druck;Fermenter4 ph-Wert;Fermenter4 Redoxpotential;Fermenter4 Temperatur 1;Fermenter4 Gasanalyse CO2;Fermenter4 Gasanalyse H2S;Fermenter4 Gasanalyse CH4;Fermenter4 Gasanalyse O2;Fermenter4 TS-Gehalt;Fermenter4 oTS-Gehalt;Fermenter5 Niveau;Fermenter5 Druck;Fermenter5 ph-Wert;Fermenter5 Redoxpotential;Fermenter5 Temperatur 1;Fermenter5 Gasanalyse CO2;Fermenter5 Gasanalyse H2S;Fermenter5 Gasanalyse CH4;Fermenter5 Gasanalyse O2;Fermenter5 TS-Gehalt;Fermenter5 oTS-Gehalt;Nachgaerer Niveau;Nachgaerer Kopfdruckmessung;Nachgaerer Temperatur 1;Nachgaerer TS-Gehalt;Nachgaerer oTS-Gehalt;Nachgaerer1 Niveau;Nachgaerer1 Kopfdruckmessung;Nachgaerer1 Temperatur 1;Nachgaerer1 TS-Gehalt;Nachgaerer1 oTS-Gehalt;Nachgaerer2 Niveau;Nachgaerer2 Kopfdruckmessung;Nachgaerer2 Temperatur 1;Nachgaerer2 TS-Gehalt;Nachgaerer2 oTS-Gehalt;Nachgaerer3 Niveau;Nachgaerer3 Kopfdruckmessung;Nachgaerer3 Temperatur 1;Nachgaerer3 TS-Gehalt;Nachgaerer3 oTS-Gehalt;Nachgaerer4 Niveau;Nachgaerer4 Kopfdruckmessung;Nachgaerer4 Temperatur 1;Nachgaerer4 TS-Gehalt;Nachgaerer4 oTS-Gehalt;Nachgaerer5 Niveau;Nachgaerer5 Kopfdruckmessung;Nachgaerer5 Temperatur 1;Nachgaerer5 TS-Gehalt;Nachgaerer5 oTS-Gehalt;Rohstofflager Fuellstand;Rohstofflager TS-Gehalt;Rohstofflager oTS-Gehalt;Gasspeicher Fuellstand 1;Gasspeicher Gasdruck;Gasspeicher Temperatur;Gasspeicher1 Fuellstand 1;Gasspeicher1 Gasdruck;Gasspeicher1 Temperatur;Gasspeicher2 Fuellstand 1;Gasspeicher2 Gasdruck;Gasspeicher2 Temperatur;Gasspeicher3 Fuellstand 1;Gasspeicher3 Gasdruck;Gasspeicher3 Temperatur;Gasspeicher4 Fuellstand 1;Gasspeicher4 Gasdruck;Gasspeicher4 Temperatur;Gasspeicher5 Fuellstand 1;Gasspeicher5 Gasdruck;Gasspeicher5 Temperatur;BHKW Leistung;BHKW Gasdurchfluss;BHKW Vorlauftemperatur Fermenter;BHKW Ruecklauftemperatur Fermenter;BHKW Gasanalyse CO2;BHKW Gasanalyse H2S;BHKW Gasanalyse O2;BHKW Gasanalyse CH4;BHKW Gasanalyse H2;BHKW1 Leistung;BHKW1 Gasdurchfluss;BHKW1 Vorlauftemperatur Fermenter;BHKW1 Ruecklauftemperatur Fermenter;BHKW1 Gasanalyse CO2;BHKW1 Gasanalyse H2S;BHKW1 Gasanalyse O2;BHKW1 Gasanalyse CH4;BHKW1 Gasanalyse H2;BHKW2 Leistung;BHKW2 Gasdurchfluss;BHKW2 Vorlauftemperatur Fermenter;BHKW2 Ruecklauftemperatur Fermenter;BHKW2 Gasanalyse CO2;BHKW2 Gasanalyse H2S;BHKW2 Gasanalyse O2;BHKW2 Gasanalyse CH4;BHKW2 Gasanalyse H2;BHKW3 Leistung;BHKW3 Gasdurchfluss;BHKW3 Vorlauftemperatur Fermenter;BHKW3 Ruecklauftemperatur Fermenter;BHKW3 Gasanalyse CO2;BHKW3 Gasanalyse H2S;BHKW3 Gasanalyse O2;BHKW3 Gasanalyse CH4;BHKW3 Gasanalyse H2;BHKW4 Leistung;BHKW4 Gasdurchfluss;BHKW4 Vorlauftemperatur Fermenter;BHKW4 Ruecklauftemperatur Fermenter;BHKW4 Gasanalyse CO2;BHKW4 Gasanalyse H2S;BHKW4 Gasanalyse O2;BHKW4 Gasanalyse CH4;BHKW4 Gasanalyse H2;BHKW5 Leistung;BHKW5 Gasdurchfluss;BHKW5 Vorlauftemperatur Fermenter;BHKW5 Ruecklauftemperatur Fermenter;BHKW5 Gasanalyse CO2;BHKW5 Gasanalyse H2S;BHKW5 Gasanalyse O2;BHKW5 Gasanalyse CH4;BHKW5 Gasanalyse H2;ZM-Pumpe Druckmessung;ZM-Pumpe Temperatur;ZM-Pumpe Durchflussmessung;Durchflussmenge;Leitapparat;Oberpegel;Pegel;BHKW Gesamtleistungsbezug Eigenbedarf;BHKW Gasverbrauch heute;BHKW Gasverbrauch gesamt;Fuellstand Vorgrube;Niederschlag max;Niederschlag min;T Mittelspannungstrafo Windung U ;T Mittelspannungstrafo Windung V;T Mittelspannungstrafo Windung W ;T Mittelspannungstrafo Umbegung;Ice Level;External setpoint power factor;Free For Reuse;Water Flow Rate;Upstream Water Level;Downstream Water Level;Weir Water Level;Setpoint power from grid operator;Setpoint power from direct marketer;Setpoint power from customer;Vmin;Vmax;Vout;Iout;%Wout;Freq;%Cap;Vbat;TupsC;%VAout;Setpoint active power controller;Wind Average of Running plants;Gear Bearing Temperature B (stddev);Gear Bearing Temperature C (avg);Gear Bearing Temperature C (min);Gear Bearing Temperature C (max);Gear Bearing Temperature C (stddev);Gear Bearing Hollow Shaft Generator Temperature (avg);Gear Bearing Hollow Shaft Generator Temperature (min);Gear Bearing Hollow Shaft Generator Temperature (max);Gear Bearing Hollow Shaft Generator Temperature (stddev);Gear Bearing Hollow Shaft Rotor Temperature (avg);Gear Bearing Hollow Shaft Rotor Temperature (min);Gear Bearing Hollow Shaft Rotor Temperature (max);Gear Bearing Hollow Shaft Rotor Temperature (stddev);Gear Bearing High Speed Generator Temperature (min);Gear Bearing High Speed Generator Temperature (max);Gear Bearing High Speed Generator Temperature (stddev);Gear Bearing High Speed Middle Temperature (avg);Gear Bearing High Speed Middle Temperature (min);Gear Bearing High Speed Middle Temperature (max);Gear Bearing High Speed Middle Temperature (stddev);Gear Bearing High Speed Rotor Temperature (avg);Gear Bearing High Speed Rotor Temperature (min);Gear Bearing High Speed Rotor Temperature (max);Gear Bearing High Speed Rotor Temperature (stddev);Gear Bearing Intermediate Shaft 1 Temperature (avg);Gear Bearing Intermediate Shaft 1 Temperature (min);Gear Bearing Intermediate Shaft 1 Temperature (max);Gear Bearing Intermediate Shaft 1 Temperature (stddev);Gear Bearing Intermediate Shaft 2 Temperature (avg);Gear Bearing Intermediate Shaft 2 Temperature (min);Gear Bearing Intermediate Shaft 2 Temperature (max);Gear Bearing Intermediate Shaft 2 Temperature (stddev);Gear Bearing Intermediate Shaft 3 Temperature (avg);Gear Bearing Intermediate Shaft 3 Temperature (min);Gear Bearing Intermediate Shaft 3 Temperature (max);Gear Bearing Intermediate Shaft 3 Temperature (stddev);Gear Cooling Water Temperature (avg);Gear Cooling Water Temperature (min);Gear Cooling Water Temperature (max);Gear Cooling Water Temperature (stddev);Gear Lubrication Oil Temperature (avg);Gear Lubrication Oil Temperature (min);Gear Lubrication Oil Temperature (max);Gear Lubrication Oil Temperature (stddev);Gear Main Bearing Temperature (avg);Gear Main Bearing Temperature (min);Gear Main Bearing Temperature (max);Gear Main Bearing Temperature (stddev);Gear Main Tank Oil Temperature (avg);Gear Main Tank Oil Temperature (min);Gear Main Tank Oil Temperature (max);Gear Main Tank Oil Temperature (stddev);Gear Oil Inlet Temperature (avg);Gear Oil Inlet Temperature (min);Gear Oil Inlet Temperature (max);Gear Oil Inlet Temperature (stddev);Generator RPM (min);Generator RPM (max);Generator RPM (stddev);Generator Slip Ring Top Temperature (min);Generator Slip Ring Top Temperature (max);Generator Slip Ring Top Temperature (stddev);Grid Busbar Temperature (avg);Grid Busbar Temperature (min);Grid Busbar Temperature (max);Grid Busbar Temperature (stddev);Grid Production CosPhi (min);Grid Production CosPhi (max);Grid Production CosPhi (stddev);Grid Possible Power (min);Grid Possible Power (max);Grid Possible Power (stddev);Grid Produced Power Internal Derate State;Grid Produced Power Internal Derate Time;Grid Produced Power Standard Deviation;Grid Rotor (Inverter) Phase 1 Current (avg);Grid Rotor (Inverter) Phase 1 Current (min);Grid Rotor (Inverter) Phase 1 Current (max);Grid Rotor (Inverter) Phase 1 Current (stddec);Grid Rotor (Inverter) Phase 1 Temperature (avg);Grid Rotor (Inverter) Phase 2 Current (avg);Grid Rotor (Inverter) Phase 2 Current (min);Grid Rotor (Inverter) Phase 2 Current (max);Grid Rotor (Inverter) Phase 2 Current (stddev);Grid Rotor (Inverter) Phase 2 Temperature (avg);Grid Rotor (Inverter) Phase 2 Temperature (min);Grid Rotor (Inverter) Phase 2 Temperature (max);Grid Rotor (Inverter) Phase 2 Temperature (stddev);Grid Rotor (Inverter) Phase 3 Current (avg);Grid Rotor (Inverter) Phase 3 Current (min);Grid Rotor (Inverter) Phase 3 Current (max);Grid Rotor (Inverter) Phase 3 Current (stddev);Grid Rotor (Inverter) Phase 3 Temperature (avg);Grid Rotor (Inverter) Phase 3 Temperature (min);Grid Rotor (Inverter) Phase 3 Temperature (max);Grid Rotor (Inverter) Phase 3 Temperature (stddev);Active Power Reference Value (min);Active Power Reference Value (max);Active Power Setting Source;Reactive Power Setting Source;VCRS Chopper Temperature (avg);High Voltage Trafo Air Outlet Temperature (avg);High Voltage Trafo Core Temperature 1 (avg);High Voltage Trafo Core Temperature 1 (min);High Voltage Trafo Core Temperature 1 (max);High Voltage Trafo Core Temperature 1 (stddev);High Voltage Trafo Core Temperature 2 (avg);High Voltage Trafo Core Temperature 2 (min);High Voltage Trafo Core Temperature 2 (max);High Voltage Trafo Core Temperature 2 (stddev);High Voltage Trafo Phase 1 Temperature (min);High Voltage Trafo Phase 1 Temperature (max);High Voltage Trafo Phase 1 Temperature (stddev);High Voltage Trafo Phase 2 Temperature (min);High Voltage Trafo Phase 2 Temperature (max);High Voltage Trafo Phase 2 Temperature (stddev);High Voltage Trafo Phase 3 Temperature (min);High Voltage Trafo Phase 3 Temperature (max);High Voltage Trafo Phase 3 Temperature (stddev);Nacelle Damper Temperature (avg);Nacelle Damper Temperature (min);Nacelle Damper Temperature (max);Nacelle Damper Temperature (stddev);Rotor RPM (stddev);First Active Alarm Parameter 1;First Active Alarm Parameter 2;Tower Acceleration X Axis;Tower Acceleration Y Axis;Yaw Motors Temperature (avg);Yaw Motors Temperature (min);Yaw Motors Temperature (max);Yaw Motors Temperature (stddev);High Voltage Trafo Phase 1 Core Temperature (avg);High Voltage Trafo Phase 1 Core Temperature (min);High Voltage Trafo Phase 1 Core Temperature (max);High Voltage Trafo Phase 1 Core Temperature (stddev);High Voltage Trafo Phase 2 Core Temperature (avg);High Voltage Trafo Phase 2 Core Temperature (min);High Voltage Trafo Phase 2 Core Temperature (max);High Voltage Trafo Phase 2 Core Temperature (stddev);High Voltage Trafo Phase 3 Core Temperature (avg);High Voltage Trafo Phase 3 Core Temperature (min);High Voltage Trafo Phase 3 Core Temperature (max);High Voltage Trafo Phase 3 Core Temperature (stddev);PowerBoost gain (absolute) [kWh];Nacelle Orientation (max) [degrees];Nacelle Orientation (min) [degrees];Regulator power reference [kW];DMI power demand [kW];Utility power demand [kW];Visibility Range (avg);Visibility Range (min);Visibility Range (max);T Outside Ground Level (avg);Calculated By ROTORsoft;Fehlernummer;Windgeschwindigkeit;Windgeschwindigkeit Max;Windgeschwindigkeit Min;Rotor RPM (avg);Rotor RPM (max);Rotor RPM (min);Leistung;Leistung Max;Leistung Min;Gondelposition;Windrichtung;Generator RPM (avg);Stop Fault;Schwingung;Produktion Zaehler;T Outside Nacelle Level (avg);T Gen1;T Gen2;T Getriebe;T Lager A;T Lager B;T Inside Nacelle (avg)
1579042800000;2020-01-15T00:00:00.000+0100;;;;;;;;;1.00;-455.00;383.40;383.40;383.10;1475.00;1467.00;1466.00;1.50;;;;;1.50;1.50;;;;;;;;;1.0;;;;;;;;;;;;;;;;;;;;;;;;;;;;;;;;;;;;;;;;;;;;50.00;;;;;;;;;;;;;;;;;;;;;;;;;;;;;;;;;;;;;;38.00;52.00;37.00;11.00;;;;81.00;83.00;78.00;;;;;;;;;1490.30;1364.10;-419.700;-490.400;;;;;;;;;;;;;1837.800;-456.000;;;;;;;;;;86.00;86.00;86.00;;;;;;;;;70537;;;;;;;;;;;;;;1622.900;;;;;;;;;;;;51.00;38.00;;;;;;;;;;;;;;0;0.00;0.00;;208.00;;3.00;-1.30;-3.90;;0.60;-3.40;;;;0.70;;;;10.60;;;;0.50;10.50;7.80;13.70;0.90;10.60;7.60;13.00;0.90;-0.60;4.20;0.80;24.00;;;;18.00;;;;32.00;;;;;;;;41.00;;;;;;;;;;;;56.00;;;;;;;;;;;;;;;;;;;;;;;;;;;;;;;;;;;;;;;;;;;;;;;;;;;;;;;;;;;;;;;;;;;;;;;;;;;;;;;;;;;;;;;;;;;;;;;;;;;;;;;;;;;;;;;;;;;;;;;;;;;;;;;;;;;;;;;;;;;;;;;;;;;;;;;;;;;;;;;;;;;;;;;;;;;;;;;;;;;;;;;;;;;;;;;;;;;;;;;;;;;;;;;;;;;;;;54.00;;;;;;;;;;;;;;;;;;;;;;;;;;;;;;;;;;;36.00;36.00;36.00;;;;;;;;;;;;;;46.00;46.00;46.00;;;;14.00;;;;;;;;;;;1189.40;1842.90;148.10;6.00;600.00;150.60;;;;;;;;;;;;;;;;;;;;;;1831.90;1843.50;11;1;;;;;;;;;;;;;;;;;;;;;;;;0.00;0;0;0.00;0.00;;;;;98.00;98.00;99.00;;110.00;110.00;110.00;;98.00;98.00;98.00;;;;;;;;;;;;;0;10.60;12.10;8.80;13.70;14.30;13.10;1626;1853;1197;209;207;1424.60;;;32722488;10.00;;;;;;23.00
1579043400000;2020-01-15T00:10:00.000+0100;;;;;;;;;1.00;-453.40;383.00;382.90;382.80;1473.00;1466.00;1464.00;1.50;;;;;1.50;1.50;;;;;;;;;1.0;;;;;;;;;;;;;;;;;;;;;;;;;;;;;;;;;;;;;;;;;;;;50.00;;;;;;;;;;;;;;;;;;;;;;;;;;;;;;;;;;;;;;38.00;52.00;37.00;11.00;;;;81.00;83.00;78.00;;;;;;;;;1507.00;1372.40;-392.700;-502.100;;;;;;;;;;;;;1837.600;-449.000;;;;;;;;;;86.00;86.00;87.00;;;;;;;;;70537;;;;;;;;;;;;;;1618.000;;;;;;;;;;;;51.00;38.00;;;;;;;;;;;;;;0;0.00;0.00;;208.00;;3.00;-1.50;-6.60;;0.60;-4.40;;;;0.80;;;;10.60;;;;0.60;10.40;7.30;13.70;0.90;10.60;7.40;13.80;0.90;-0.90;6.50;1.10;24.00;;;;18.00;;;;30.00;;;;;;;;41.00;;;;;;;;;;;;56.00;;;;;;;;;;;;;;;;;;;;;;;;;;;;;;;;;;;;;;;;;;;;;;;;;;;;;;;;;;;;;;;;;;;;;;;;;;;;;;;;;;;;;;;;;;;;;;;;;;;;;;;;;;;;;;;;;;;;;;;;;;;;;;;;;;;;;;;;;;;;;;;;;;;;;;;;;;;;;;;;;;;;;;;;;;;;;;;;;;;;;;;;;;;;;;;;;;;;;;;;;;;;;;;;;;;;;;54.00;;;;;;;;;;;;;;;;;;;;;;;;;;;;;;;;;;;36.00;36.00;36.00;;;;;;;;;;;;;;46.00;46.00;46.00;;;;17.90;;;;;;;;;;;1223.00;1842.60;161.00;6.00;600.00;164.20;;;;;;;;;;;;;;;;;;;;;;1830.40;1842.70;11;1;;;;;;;;;;;;;;;;;;;;;;;;0.30;0;0;0.00;0.00;;;;;98.00;98.00;99.00;;110.00;110.00;110.00;;98.00;98.00;98.00;;;;;;;;;;;;;0;10.50;12.20;8.60;13.70;14.30;13.10;1622;1852;1235;207;206;1424.60;;;32722758;10.00;;;;;;23.00
1579044000000;2020-01-15T00:20:00.000+0100;;;;;;;;;1.00;-447.00;383.50;383.40;383.30;1426.00;1419.00;1417.00;1.00;;;;;1.00;1.00;;;;;;;;;1.0;;;;;;;;;;;;;;;;;;;;;;;;;;;;;;;;;;;;;;;;;;;;50.00;;;;;;;;;;;;;;;;;;;;;;;;;;;;;;;;;;;;;;38.00;52.00;37.00;11.00;;;;81.00;83.00;78.00;;;;;;;;;1468.80;1378.10;-417.900;-477.300;;;;;;;;;;;;;1835.800;-420.000;;;;;;;;;;86.00;86.00;87.00;;;;;;;;;70537;;;;;;;;;;;;;;1568.600;;;;;;;;;;;;51.00;38.00;;;;;;;;;;;;;;0;0.00;0.00;;205.00;;3.00;-0.10;-1.60;;1.50;-2.00;;;;1.80;;;;10.40;;;;0.70;10.10;7.40;13.30;0.90;10.30;7.80;13.50;1.00;-0.80;3.90;0.90;24.00;;;;18.00;;;;30.00;;;;;;;;41.00;;;;;;;;;;;;56.00;;;;;;;;;;;;;;;;;;;;;;;;;;;;;;;;;;;;;;;;;;;;;;;;;;;;;;;;;;;;;;;;;;;;;;;;;;;;;;;;;;;;;;;;;;;;;;;;;;;;;;;;;;;;;;;;;;;;;;;;;;;;;;;;;;;;;;;;;;;;;;;;;;;;;;;;;;;;;;;;;;;;;;;;;;;;;;;;;;;;;;;;;;;;;;;;;;;;;;;;;;;;;;;;;;;;;;54.00;;;;;;;;;;;;;;;;;;;;;;;;;;;;;;;;;;;36.00;36.00;36.00;;;;;;;;;;;;;;46.00;46.00;46.00;;;;12.80;;;;;;;;;;;1069.90;1841.60;167.70;6.00;600.00;169.60;;;;;;;;;;;;;;;;;;;;;;1828.90;1841.70;11;1;;;;;;;;;;;;;;;;;;;;;;;;0.00;0;0;0.00;0.00;;;;;98.00;98.00;99.00;;110.00;110.00;110.00;;98.00;98.00;98.00;;;;;;;;;;;;;0;10.20;12.00;8.50;13.70;14.00;13.10;1571;1853;1073;206;206;1422.50;;;32723018;10.00;;;;;;23.00
1579044600000;2020-01-15T00:30:00.000+0100;;;;;;;;;1.00;-456.40;383.80;383.70;383.60;1512.00;1504.00;1503.00;1.80;;;;;1.80;1.80;;;;;;;;;1.0;;;;;;;;;;;;;;;;;;;;;;;;;;;;;;;;;;;;;;;;;;;;50.00;;;;;;;;;;;;;;;;;;;;;;;;;;;;;;;;;;;;;;38.00;52.00;37.00;11.00;;;;81.00;83.00;78.00;;;;;;;;;1474.20;1378.10;-417.600;-489.100;;;;;;;;;;;;;1838.300;-454.000;;;;;;;;;;86.00;86.00;87.00;;;;;;;;;70537;;;;;;;;;;;;;;1667.300;;;;;;;;;;;;51.00;38.00;;;;;;;;;;;;;;0;0.00;0.00;;207.50;;3.00;-1.80;-4.70;;0.80;-3.60;;;;0.50;;;;10.80;;;;0.60;10.60;7.70;13.30;0.90;10.70;8.00;13.20;0.90;-0.20;4.90;1.00;24.00;;;;18.00;;;;31.00;;;;;;;;41.00;;;;;;;;;;;;56.00;;;;;;;;;;;;;;;;;;;;;;;;;;;;;;;;;;;;;;;;;;;;;;;;;;;;;;;;;;;;;;;;;;;;;;;;;;;;;;;;;;;;;;;;;;;;;;;;;;;;;;;;;;;;;;;;;;;;;;;;;;;;;;;;;;;;;;;;;;;;;;;;;;;;;;;;;;;;;;;;;;;;;;;;;;;;;;;;;;;;;;;;;;;;;;;;;;;;;;;;;;;;;;;;;;;;;;54.00;;;;;;;;;;;;;;;;;;;;;;;;;;;;;;;;;;;36.00;36.00;37.00;;;;;;;;;;;;;;46.00;46.00;46.00;;;;16.70;;;;;;;;;;;1287.70;1842.90;144.00;6.00;600.00;146.50;;;;;;;;;;;;;;;;;;;;;;1833.20;1843.20;11;1;;;;;;;;;;;;;;;;;;;;;;;;0.30;0;0;0.00;0.00;;;;;98.00;98.00;99.00;;110.00;110.00;110.00;;98.00;98.00;98.00;;;;;;;;;;;;;0;10.70;12.00;9.10;13.70;14.00;13.10;1671;1855;1296;209;207;1424.90;;;32723298;10.00;;;;;;23.00
1579045200000;2020-01-15T00:40:00.000+0100;;;;;;;;;1.00;-448.20;383.60;383.50;383.40;1425.00;1417.00;1416.00;1.00;;;;;1.00;1.00;;;;;;;;;1.0;;;;;;;;;;;;;;;;;;;;;;;;;;;;;;;;;;;;;;;;;;;;50.00;;;;;;;;;;;;;;;;;;;;;;;;;;;;;;;;;;;;;;38.00;52.00;37.00;11.00;;;;81.00;83.00;78.00;;;;;;;;;1479.50;1382.30;-411.900;-492.200;;;;;;;;;;;;;1836.000;-430.000;;;;;;;;;;86.00;86.00;87.00;;;;;;;;;70538;;;;;;;;;;;;;;1566.200;;;;;;;;;;;;51.00;38.00;;;;;;;;;;;;;;0;0.00;0.00;;208.20;;3.00;-2.00;-3.60;;0.60;-4.40;;;;-0.10;;;;10.40;;;;0.60;10.20;6.90;13.40;0.90;10.30;6.90;13.10;0.90;-0.60;4.90;0.80;24.00;;;;18.00;;;;32.00;;;;;;;;41.00;;;;;;;;;;;;56.00;;;;;;;;;;;;;;;;;;;;;;;;;;;;;;;;;;;;;;;;;;;;;;;;;;;;;;;;;;;;;;;;;;;;;;;;;;;;;;;;;;;;;;;;;;;;;;;;;;;;;;;;;;;;;;;;;;;;;;;;;;;;;;;;;;;;;;;;;;;;;;;;;;;;;;;;;;;;;;;;;;;;;;;;;;;;;;;;;;;;;;;;;;;;;;;;;;;;;;;;;;;;;;;;;;;;;;54.00;;;;;;;;;;;;;;;;;;;;;;;;;;;;;;;;;;;36.00;36.00;36.00;;;;;;;;;;;;;;46.00;46.00;46.00;;;;11.30;;;;;;;;;;;1234.80;1840.20;145.80;6.00;600.00;148.00;;;;;;;;;;;;;;;;;;;;;;1830.40;1840.40;11;1;;;;;;;;;;;;;;;;;;;;;;;;0.00;0;0;0.00;0.00;;;;;98.00;98.00;99.00;;110.00;110.00;110.00;;98.00;98.00;98.00;;;;;;;;;;;;;0;10.30;11.80;8.80;13.70;14.30;13.10;1568;1848;1240;209;207;1423.10;;;32723560;10.00;;;;;;23.00
1579045800000;2020-01-15T00:50:00.000+0100;;;;;;;;;1.00;-444.00;382.90;382.70;382.70;1297.00;1290.00;1288.00;0.10;;;;;0.10;0.10;;;;;;;;;1.0;;;;;;;;;;;;;;;;;;;;;;;;;;;;;;;;;;;;;;;;;;;;50.00;;;;;;;;;;;;;;;;;;;;;;;;;;;;;;;;;;;;;;38.00;51.00;36.00;11.00;;;;80.00;82.00;77.00;;;;;;;;;1450.00;1398.70;-406.500;-474.400;;;;;;;;;;;;;1832.700;-449.000;;;;;;;;;;85.00;85.00;85.00;;;;;;;;;70538;;;;;;;;;;;;;;1412.500;;;;;;;;;;;;51.00;38.00;;;;;;;;;;;;;;0;0.00;0.00;;206.10;;3.00;-0.30;-7.70;;2.00;-2.50;;;;2.00;;;;9.80;;;;0.60;9.60;6.50;12.00;0.80;9.80;5.90;12.50;0.90;-1.30;1.50;0.70;24.00;;;;18.00;;;;33.00;;;;;;;;41.00;;;;;;;;;;;;55.00;;;;;;;;;;;;;;;;;;;;;;;;;;;;;;;;;;;;;;;;;;;;;;;;;;;;;;;;;;;;;;;;;;;;;;;;;;;;;;;;;;;;;;;;;;;;;;;;;;;;;;;;;;;;;;;;;;;;;;;;;;;;;;;;;;;;;;;;;;;;;;;;;;;;;;;;;;;;;;;;;;;;;;;;;;;;;;;;;;;;;;;;;;;;;;;;;;;;;;;;;;;;;;;;;;;;;;54.00;;;;;;;;;;;;;;;;;;;;;;;;;;;;;;;;;;;36.00;36.00;36.00;;;;;;;;;;;;;;46.00;46.00;46.00;;;;9.30;;;;;;;;;;;926.00;1812.50;160.10;6.00;600.00;160.50;;;;;;;;;;;;;;;;;;;;;;1827.10;1837.80;11;1;;;;;;;;;;;;;;;;;;;;;;;;0.00;0;0;0.00;0.00;;;;;98.00;98.00;99.00;;110.00;110.00;110.00;;98.00;98.00;98.00;;;;;;;;;;;;;0;9.70;11.30;8.10;13.70;14.00;13.40;1413;1833;936;206;206;1420.50;;;32723794;10.00;;;;;;23.00
1579046400000;2020-01-15T01:00:00.000+0100;;;;;;;;;1.00;-452.60;381.80;381.70;381.60;1409.00;1401.00;1400.00;0.90;;;;;0.90;0.90;;;;;;;;;1.0;;;;;;;;;;;;;;;;;;;;;;;;;;;;;;;;;;;;;;;;;;;;50.00;;;;;;;;;;;;;;;;;;;;;;;;;;;;;;;;;;;;;;38.00;51.00;37.00;11.00;;;;79.00;81.00;76.00;;;;;;;;;1462.20;1390.00;-414.000;-475.000;;;;;;;;;;;;;1835.800;-447.000;;;;;;;;;;84.00;84.00;85.00;;;;;;;;;70538;;;;;;;;;;;;;;1538.000;;;;;;;;;;;;51.00;38.00;;;;;;;;;;;;;;0;0.00;0.00;;205.70;;3.00;-2.00;-7.60;;0.50;-4.50;;;;-0.10;;;;10.30;;;;0.50;10.20;7.70;12.60;0.80;10.20;7.00;13.30;0.90;-0.40;3.10;0.60;24.00;;;;18.00;;;;34.00;;;;;;;;41.00;;;;;;;;;;;;55.00;;;;;;;;;;;;;;;;;;;;;;;;;;;;;;;;;;;;;;;;;;;;;;;;;;;;;;;;;;;;;;;;;;;;;;;;;;;;;;;;;;;;;;;;;;;;;;;;;;;;;;;;;;;;;;;;;;;;;;;;;;;;;;;;;;;;;;;;;;;;;;;;;;;;;;;;;;;;;;;;;;;;;;;;;;;;;;;;;;;;;;;;;;;;;;;;;;;;;;;;;;;;;;;;;;;;;;54.00;;;;;;;;;;;;;;;;;;;;;;;;;;;;;;;;;;;36.00;36.00;36.00;;;;;;;;;;;;;;46.00;46.00;46.00;;;;10.40;;;;;;;;;;;1185.00;1838.80;153.30;6.00;600.00;155.80;;;;;;;;;;;;;;;;;;;;;;1830.70;1839.40;11;1;;;;;;;;;;;;;;;;;;;;;;;;0.00;0;0;0.00;0.00;;;;;98.00;98.00;98.00;;110.00;110.00;110.00;;98.00;98.00;98.00;;;;;;;;;;;;;0;10.20;11.40;8.90;13.70;14.00;13.40;1540;1843;1192;206;204;1422.50;;;32724050;10.00;;;;;;23.00
1579047000000;2020-01-15T01:10:00.000+0100;;;;;;;;;1.00;-456.40;382.00;381.90;381.70;1356.00;1349.00;1346.00;0.50;;;;;0.50;0.50;;;;;;;;;1.0;;;;;;;;;;;;;;;;;;;;;;;;;;;;;;;;;;;;;;;;;;;;50.00;;;;;;;;;;;;;;;;;;;;;;;;;;;;;;;;;;;;;;38.00;51.00;36.00;11.00;;;;79.00;81.00;76.00;;;;;;;;;1482.20;1383.50;-418.800;-490.200;;;;;;;;;;;;;1834.000;-476.000;;;;;;;;;;84.00;84.00;85.00;;;;;;;;;70538;;;;;;;;;;;;;;1475.400;;;;;;;;;;;;51.00;38.00;;;;;;;;;;;;;;0;0.00;0.00;;202.70;;3.00;1.30;-2.30;;0.80;-0.90;;;;3.70;;;;10.00;;;;0.70;9.80;7.00;12.90;1.00;10.00;6.60;13.40;1.00;-1.70;3.70;0.90;24.00;;;;18.00;;;;34.00;;;;;;;;41.00;;;;;;;;;;;;55.00;;;;;;;;;;;;;;;;;;;;;;;;;;;;;;;;;;;;;;;;;;;;;;;;;;;;;;;;;;;;;;;;;;;;;;;;;;;;;;;;;;;;;;;;;;;;;;;;;;;;;;;;;;;;;;;;;;;;;;;;;;;;;;;;;;;;;;;;;;;;;;;;;;;;;;;;;;;;;;;;;;;;;;;;;;;;;;;;;;;;;;;;;;;;;;;;;;;;;;;;;;;;;;;;;;;;;;54.00;;;;;;;;;;;;;;;;;;;;;;;;;;;;;;;;;;;36.00;36.00;36.00;;;;;;;;;;;;;;46.00;46.00;46.00;;;;12.20;;;;;;;;;;;1114.50;1839.90;155.80;6.00;600.00;157.80;;;;;;;;;;;;;;;;;;;;;;1827.10;1840.60;11;1;;;;;;;;;;;;;;;;;;;;;;;;0.00;0;0;0.00;0.00;;;;;98.00;98.00;98.00;;110.00;110.00;110.00;;98.00;98.00;98.00;;;;;;;;;;;;;0;9.90;11.80;8.00;13.70;14.30;13.10;1477;1848;1119;202;204;1421.10;;;32724298;10.00;;;;;;23.00
1579047600000;2020-01-15T01:20:00.000+0100;;;;;;;;;1.00;-469.10;383.20;383.10;382.90;1463.00;1455.00;1454.00;1.10;;;;;1.10;1.10;;;;;;;;;1.0;;;;;;;;;;;;;;;;;;;;;;;;;;;;;;;;;;;;;;;;;;;;50.00;;;;;;;;;;;;;;;;;;;;;;;;;;;;;;;;;;;;;;38.00;51.00;37.00;11.00;;;;78.00;80.00;75.00;;;;;;;;;1489.10;1382.60;-435.500;-499.800;;;;;;;;;;;;;1836.300;-471.000;;;;;;;;;;84.00;84.00;85.00;;;;;;;;;70538;;;;;;;;;;;;;;1602.700;;;;;;;;;;;;51.00;38.00;;;;;;;;;;;;;;0;0.00;0.00;;205.00;;3.00;0.80;-0.70;;1.50;-1.50;;;;2.90;;;;10.50;;;;0.60;10.20;6.20;14.20;1.00;10.40;8.00;13.30;0.90;-0.60;4.60;1.00;24.00;;;;18.00;;;;35.00;;;;;;;;41.00;;;;;;;;;;;;55.00;;;;;;;;;;;;;;;;;;;;;;;;;;;;;;;;;;;;;;;;;;;;;;;;;;;;;;;;;;;;;;;;;;;;;;;;;;;;;;;;;;;;;;;;;;;;;;;;;;;;;;;;;;;;;;;;;;;;;;;;;;;;;;;;;;;;;;;;;;;;;;;;;;;;;;;;;;;;;;;;;;;;;;;;;;;;;;;;;;;;;;;;;;;;;;;;;;;;;;;;;;;;;;;;;;;;;;54.00;;;;;;;;;;;;;;;;;;;;;;;;;;;;;;;;;;;36.00;36.00;36.00;;;;;;;;;;;;;;46.00;46.00;46.00;;;;14.30;;;;;;;;;;;1075.80;1841.00;164.70;6.00;600.00;167.70;;;;;;;;;;;;;;;;;;;;;;1829.10;1841.20;11;1;;;;;;;;;;;;;;;;;;;;;;;;0.00;0;0;0.00;0.00;;;;;98.00;98.00;98.00;;110.00;110.00;110.00;;98.00;98.00;98.00;;;;;;;;;;;;;0;10.30;11.90;8.50;13.70;14.30;13.10;1606;1846;1082;205;205;1423.70;;;32724566;10.00;;;;;;23.00
1579048200000;2020-01-15T01:30:00.000+0100;;;;;;;;;1.00;-473.20;384.10;384.10;383.80;1502.00;1494.00;1492.00;1.30;;;;;1.30;1.30;;;;;;;;;1.0;;;;;;;;;;;;;;;;;;;;;;;;;;;;;;;;;;;;;;;;;;;;50.00;;;;;;;;;;;;;;;;;;;;;;;;;;;;;;;;;;;;;;38.00;52.00;37.00;11.00;;;;79.00;81.00;76.00;;;;;;;;;1482.20;1386.10;-445.400;-498.400;;;;;;;;;;;;;1837.100;-471.000;;;;;;;;;;85.00;85.00;86.00;;;;;;;;;70538;;;;;;;;;;;;;;1650.400;;;;;;;;;;;;51.00;38.00;;;;;;;;;;;;;;0;0.00;0.00;;206.20;;3.00;0.30;-2.70;;1.20;-2.50;;;;2.50;;;;10.70;;;;0.60;10.30;7.00;12.60;0.90;10.60;7.30;13.20;0.90;-0.70;4.20;0.80;24.00;;;;18.00;;;;33.00;;;;;;;;41.00;;;;;;;;;;;;55.00;;;;;;;;;;;;;;;;;;;;;;;;;;;;;;;;;;;;;;;;;;;;;;;;;;;;;;;;;;;;;;;;;;;;;;;;;;;;;;;;;;;;;;;;;;;;;;;;;;;;;;;;;;;;;;;;;;;;;;;;;;;;;;;;;;;;;;;;;;;;;;;;;;;;;;;;;;;;;;;;;;;;;;;;;;;;;;;;;;;;;;;;;;;;;;;;;;;;;;;;;;;;;;;;;;;;;;54.00;;;;;;;;;;;;;;;;;;;;;;;;;;;;;;;;;;;36.00;36.00;36.00;;;;;;;;;;;;;;46.00;46.00;46.00;;;;14.00;;;;;;;;;;;1204.30;1840.10;133.60;6.00;600.00;137.50;;;;;;;;;;;;;;;;;;;;;;1830.90;1841.90;11;1;;;;;;;;;;;;;;;;;;;;;;;;0.00;0;0;0.00;0.00;;;;;98.00;98.00;98.00;;110.00;109.00;110.00;;98.00;98.00;98.00;;;;;;;;;;;;;0;10.40;12.10;8.80;13.70;14.30;13.40;1656;1849;1215;205;205;1424.60;;;32724840;10.00;;;;;;23.00
1579048800000;2020-01-15T01:40:00.000+0100;;;;;;;;;1.00;-468.50;384.10;384.00;383.90;1442.00;1435.00;1433.00;1.00;;;;;1.00;1.00;;;;;;;;;1.0;;;;;;;;;;;;;;;;;;;;;;;;;;;;;;;;;;;;;;;;;;;;50.00;;;;;;;;;;;;;;;;;;;;;;;;;;;;;;;;;;;;;;38.00;52.00;37.00;11.00;;;;79.00;81.00;76.00;;;;;;;;;1469.40;1392.70;-439.000;-493.200;;;;;;;;;;;;;1836.300;-457.000;;;;;;;;;;85.00;85.00;86.00;;;;;;;;;70539;;;;;;;;;;;;;;1582.900;;;;;;;;;;;;51.00;38.00;;;;;;;;;;;;;;0;0.00;0.00;;204.60;;3.00;-0.10;-1.30;;0.50;-2.40;;;;1.90;;;;10.40;;;;0.50;10.20;7.30;13.10;0.80;10.40;8.10;12.60;0.80;-0.40;4.10;0.60;24.00;;;;18.00;;;;31.00;;;;;;;;41.00;;;;;;;;;;;;55.00;;;;;;;;;;;;;;;;;;;;;;;;;;;;;;;;;;;;;;;;;;;;;;;;;;;;;;;;;;;;;;;;;;;;;;;;;;;;;;;;;;;;;;;;;;;;;;;;;;;;;;;;;;;;;;;;;;;;;;;;;;;;;;;;;;;;;;;;;;;;;;;;;;;;;;;;;;;;;;;;;;;;;;;;;;;;;;;;;;;;;;;;;;;;;;;;;;;;;;;;;;;;;;;;;;;;;;54.00;;;;;;;;;;;;;;;;;;;;;;;;;;;;;;;;;;;36.00;36.00;36.00;;;;;;;;;;;;;;46.00;46.00;46.00;;;;10.70;;;;;;;;;;;1202.10;1839.50;135.00;6.00;600.00;138.40;;;;;;;;;;;;;;;;;;;;;;1831.90;1840.10;11;1;;;;;;;;;;;;;;;;;;;;;;;;0.00;0;0;0.00;0.00;;;;;98.00;98.00;98.00;;110.00;109.00;110.00;;98.00;98.00;98.00;;;;;;;;;;;;;0;10.30;11.50;9.00;13.70;14.00;13.40;1586;1847;1208;203;203;1423.10;;;32725106;10.00;;;;;;23.00
1579049400000;2020-01-15T01:50:00.000+0100;;;;;;;;;1.00;-455.20;383.90;384.00;383.70;1300.00;1293.00;1291.00;0.10;;;;;0.10;0.10;;;;;;;;;1.0;;;;;;;;;;;;;;;;;;;;;;;;;;;;;;;;;;;;;;;;;;;;50.00;;;;;;;;;;;;;;;;;;;;;;;;;;;;;;;;;;;;;;38.00;51.00;36.00;11.00;;;;79.00;81.00;76.00;;;;;;;;;1449.40;1399.00;-419.700;-497.500;;;;;;;;;;;;;1832.200;-452.000;;;;;;;;;;85.00;85.00;85.00;;;;;;;;;70539;;;;;;;;;;;;;;1418.300;;;;;;;;;;;;51.00;38.00;;;;;;;;;;;;;;0;0.00;0.00;;201.90;;3.00;0.90;-1.80;;0.40;-1.30;;;;2.60;;;;9.80;;;;0.50;9.50;6.10;12.10;0.90;9.70;6.70;13.10;0.90;-1.60;1.50;0.60;24.00;;;;18.00;;;;30.00;;;;;;;;41.00;;;;;;;;;;;;55.00;;;;;;;;;;;;;;;;;;;;;;;;;;;;;;;;;;;;;;;;;;;;;;;;;;;;;;;;;;;;;;;;;;;;;;;;;;;;;;;;;;;;;;;;;;;;;;;;;;;;;;;;;;;;;;;;;;;;;;;;;;;;;;;;;;;;;;;;;;;;;;;;;;;;;;;;;;;;;;;;;;;;;;;;;;;;;;;;;;;;;;;;;;;;;;;;;;;;;;;;;;;;;;;;;;;;;;54.00;;;;;;;;;;;;;;;;;;;;;;;;;;;;;;;;;;;36.00;36.00;36.00;;;;;;;;;;;;;;46.00;46.00;46.00;;;;9.50;;;;;;;;;;;1056.80;1793.30;149.80;6.00;600.00;149.40;;;;;;;;;;;;;;;;;;;;;;1826.30;1837.10;11;1;;;;;;;;;;;;;;;;;;;;;;;;0.00;0;0;0.00;0.00;;;;;98.00;98.00;98.00;;109.00;109.00;110.00;;98.00;97.00;98.00;;;;;;;;;;;;;0;9.60;11.30;8.10;13.70;14.00;13.40;1419;1785;1069;203;204;1419.90;;;32725342;10.00;;;;;;23.00
1579050000000;2020-01-15T02:00:00.000+0100;;;;;;;;;1.00;-456.60;384.10;384.20;383.90;1321.00;1313.00;1311.00;0.20;;;;;0.20;0.20;;;;;;;;;1.0;;;;;;;;;;;;;;;;;;;;;;;;;;;;;;;;;;;;;;;;;;;;50.00;;;;;;;;;;;;;;;;;;;;;;;;;;;;;;;;;;;;;;38.00;51.00;36.00;11.00;;;;78.00;80.00;75.00;;;;;;;;;1470.90;1387.90;-428.400;-486.500;;;;;;;;;;;;;1832.700;-479.000;;;;;;;;;;83.00;83.00;84.00;;;;;;;;;70539;;;;;;;;;;;;;;1440.500;;;;;;;;;;;;51.00;38.00;;;;;;;;;;;;;;0;0.00;0.00;;203.10;;3.00;0.60;-2.60;;0.60;-2.20;;;;2.80;;;;9.90;;;;0.80;9.70;6.90;12.80;1.00;9.70;5.70;13.70;1.10;-2.10;4.00;1.00;24.00;;;;18.00;;;;31.00;;;;;;;;41.00;;;;;;;;;;;;55.00;;;;;;;;;;;;;;;;;;;;;;;;;;;;;;;;;;;;;;;;;;;;;;;;;;;;;;;;;;;;;;;;;;;;;;;;;;;;;;;;;;;;;;;;;;;;;;;;;;;;;;;;;;;;;;;;;;;;;;;;;;;;;;;;;;;;;;;;;;;;;;;;;;;;;;;;;;;;;;;;;;;;;;;;;;;;;;;;;;;;;;;;;;;;;;;;;;;;;;;;;;;;;;;;;;;;;;53.00;;;;;;;;;;;;;;;;;;;;;;;;;;;;;;;;;;;36.00;36.00;36.00;;;;;;;;;;;;;;45.00;45.00;46.00;;;;11.60;;;;;;;;;;;1052.00;1840.40;176.40;6.00;600.00;179.90;;;;;;;;;;;;;;;;;;;;;;1822.00;1841.40;11;1;;;;;;;;;;;;;;;;;;;;;;;;0.00;0;0;0.00;0.00;;;;;98.00;98.00;98.00;;109.00;109.00;109.00;;97.00;97.00;98.00;;;;;;;;;;;;;0;9.70;11.90;7.70;13.70;14.00;13.40;1443;1852;1065;203;203;1420.80;;;32725582;10.00;;;;;;23.00
1579050600000;2020-01-15T02:10:00.000+0100;;;;;;;;;1.00;-461.90;383.60;383.60;383.30;1419.00;1411.00;1408.00;0.60;;;;;0.60;0.60;;;;;;;;;1.0;;;;;;;;;;;;;;;;;;;;;;;;;;;;;;;;;;;;;;;;;;;;50.00;;;;;;;;;;;;;;;;;;;;;;;;;;;;;;;;;;;;;;38.00;51.00;37.00;11.00;;;;77.00;79.00;74.00;;;;;;;;;1473.00;1383.20;-428.900;-488.400;;;;;;;;;;;;;1834.800;-483.000;;;;;;;;;;84.00;84.00;84.00;;;;;;;;;70539;;;;;;;;;;;;;;1555.500;;;;;;;;;;;;50.00;37.00;;;;;;;;;;;;;;0;0.00;0.00;;203.10;;3.00;0.70;-7.60;;0.80;-1.10;;;;2.90;;;;10.30;;;;0.60;10.00;7.10;12.50;0.90;10.10;7.40;13.00;0.90;-1.20;4.10;0.80;24.00;;;;18.00;;;;32.00;;;;;;;;41.00;;;;;;;;;;;;55.00;;;;;;;;;;;;;;;;;;;;;;;;;;;;;;;;;;;;;;;;;;;;;;;;;;;;;;;;;;;;;;;;;;;;;;;;;;;;;;;;;;;;;;;;;;;;;;;;;;;;;;;;;;;;;;;;;;;;;;;;;;;;;;;;;;;;;;;;;;;;;;;;;;;;;;;;;;;;;;;;;;;;;;;;;;;;;;;;;;;;;;;;;;;;;;;;;;;;;;;;;;;;;;;;;;;;;;54.00;;;;;;;;;;;;;;;;;;;;;;;;;;;;;;;;;;;36.00;36.00;36.00;;;;;;;;;;;;;;45.00;45.00;46.00;;;;10.10;;;;;;;;;;;1247.00;1839.20;144.90;6.00;600.00;147.10;;;;;;;;;;;;;;;;;;;;;;1828.40;1839.60;11;1;;;;;;;;;;;;;;;;;;;;;;;;0.00;0;0;0.00;0.00;;;;;98.00;98.00;98.00;;109.00;109.00;109.00;;97.00;97.00;97.00;;;;;;;;;;;;;0;10.00;11.70;8.40;13.70;14.00;13.10;1557;1845;1258;203;203;1422.00;;;32725842;10.00;;;;;;22.00
1579051200000;2020-01-15T02:20:00.000+0100;;;;;;;;;1.00;-450.20;383.10;383.20;382.90;1323.00;1315.00;1313.00;0.40;;;;;0.40;0.40;;;;;;;;;1.0;;;;;;;;;;;;;;;;;;;;;;;;;;;;;;;;;;;;;;;;;;;;50.00;;;;;;;;;;;;;;;;;;;;;;;;;;;;;;;;;;;;;;38.00;51.00;36.00;11.00;;;;77.00;79.00;74.00;;;;;;;;;1459.60;1396.90;-414.900;-504.400;;;;;;;;;;;;;1833.700;-436.000;;;;;;;;;;84.00;84.00;85.00;;;;;;;;;70539;;;;;;;;;;;;;;1441.900;;;;;;;;;;;;50.00;37.00;;;;;;;;;;;;;;0;0.00;0.00;;202.80;;3.00;-1.20;-1.60;;0.80;-3.30;;;;0.60;;;;9.90;;;;0.70;9.80;6.80;12.80;0.90;9.90;6.90;12.80;0.90;-1.90;2.10;0.80;24.00;;;;18.00;;;;32.00;;;;;;;;41.00;;;;;;;;;;;;55.00;;;;;;;;;;;;;;;;;;;;;;;;;;;;;;;;;;;;;;;;;;;;;;;;;;;;;;;;;;;;;;;;;;;;;;;;;;;;;;;;;;;;;;;;;;;;;;;;;;;;;;;;;;;;;;;;;;;;;;;;;;;;;;;;;;;;;;;;;;;;;;;;;;;;;;;;;;;;;;;;;;;;;;;;;;;;;;;;;;;;;;;;;;;;;;;;;;;;;;;;;;;;;;;;;;;;;;53.00;;;;;;;;;;;;;;;;;;;;;;;;;;;;;;;;;;;36.00;36.00;36.00;;;;;;;;;;;;;;45.00;45.00;46.00;;;;10.70;;;;;;;;;;;1030.50;1836.90;172.20;6.00;600.00;173.80;;;;;;;;;;;;;;;;;;;;;;1824.00;1840.10;11;1;;;;;;;;;;;;;;;;;;;;;;;;0.00;0;0;0.00;0.00;;;;;98.00;98.00;98.00;;109.00;109.00;109.00;;97.00;97.00;97.00;;;;;;;;;;;;;0;9.80;11.80;7.60;13.70;14.00;13.40;1443;1847;1033;203;201;1421.10;;;32726082;10.00;;;;;;22.00
1579051800000;2020-01-15T02:30:00.000+0100;;;;;;;;;1.00;-441.20;383.20;383.20;382.90;1310.00;1303.00;1302.00;0.20;;;;;0.20;0.20;;;;;;;;;1.0;;;;;;;;;;;;;;;;;;;;;;;;;;;;;;;;;;;;;;;;;;;;50.00;;;;;;;;;;;;;;;;;;;;;;;;;;;;;;;;;;;;;;38.00;51.00;36.00;11.00;;;;76.00;78.00;73.00;;;;;;;;;1471.20;1390.90;-419.200;-484.300;;;;;;;;;;;;;1832.700;-484.000;;;;;;;;;;83.00;83.00;84.00;;;;;;;;;70539;;;;;;;;;;;;;;1428.700;;;;;;;;;;;;50.00;37.00;;;;;;;;;;;;;;0;0.00;0.00;;201.40;;3.00;0.70;-1.80;;0.80;-2.10;;;;2.70;;;;9.80;;;;0.70;9.60;6.70;12.40;0.90;9.80;6.70;13.00;1.00;-1.90;2.80;0.90;24.00;;;;18.00;;;;33.00;;;;;;;;41.00;;;;;;;;;;;;55.00;;;;;;;;;;;;;;;;;;;;;;;;;;;;;;;;;;;;;;;;;;;;;;;;;;;;;;;;;;;;;;;;;;;;;;;;;;;;;;;;;;;;;;;;;;;;;;;;;;;;;;;;;;;;;;;;;;;;;;;;;;;;;;;;;;;;;;;;;;;;;;;;;;;;;;;;;;;;;;;;;;;;;;;;;;;;;;;;;;;;;;;;;;;;;;;;;;;;;;;;;;;;;;;;;;;;;;53.00;;;;;;;;;;;;;;;;;;;;;;;;;;;;;;;;;;;36.00;36.00;36.00;;;;;;;;;;;;;;45.00;45.00;45.00;;;;11.00;;;;;;;;;;;1012.70;1836.80;162.60;6.00;600.00;167.60;;;;;;;;;;;;;;;;;;;;;;1825.30;1839.60;11;1;;;;;;;;;;;;;;;;;;;;;;;;0.00;0;0;0.00;0.00;;;;;98.00;98.00;98.00;;109.00;109.00;109.00;;97.00;97.00;97.00;;;;;;;;;;;;;0;9.70;11.40;7.80;13.70;14.00;13.40;1432;1846;1033;203;203;1420.20;;;32726320;10.00;;;;;;22.00
1579052400000;2020-01-15T02:40:00.000+0100;;;;;;;;;1.00;-443.60;383.20;383.20;382.90;1286.00;1279.00;1277.00;0.00;;;;;0.00;0.00;;;;;;;;;1.0;;;;;;;;;;;;;;;;;;;;;;;;;;;;;;;;;;;;;;;;;;;;50.00;;;;;;;;;;;;;;;;;;;;;;;;;;;;;;;;;;;;;;38.00;51.00;36.00;11.00;;;;75.00;78.00;73.00;;;;;;;;;1447.00;1390.00;-400.900;-484.200;;;;;;;;;;;;;1831.700;-462.000;;;;;;;;;;83.00;83.00;83.00;;;;;;;;;70540;;;;;;;;;;;;;;1401.400;;;;;;;;;;;;50.00;37.00;;;;;;;;;;;;;;0;0.00;0.00;;204.20;;3.00;0.70;-1.30;;0.40;-1.20;;;;2.90;;;;9.70;;;;0.70;9.50;6.70;12.80;1.00;9.60;6.10;12.50;1.00;-2.30;2.20;0.90;24.00;;;;18.00;;;;34.00;;;;;;;;41.00;;;;;;;;;;;;55.00;;;;;;;;;;;;;;;;;;;;;;;;;;;;;;;;;;;;;;;;;;;;;;;;;;;;;;;;;;;;;;;;;;;;;;;;;;;;;;;;;;;;;;;;;;;;;;;;;;;;;;;;;;;;;;;;;;;;;;;;;;;;;;;;;;;;;;;;;;;;;;;;;;;;;;;;;;;;;;;;;;;;;;;;;;;;;;;;;;;;;;;;;;;;;;;;;;;;;;;;;;;;;;;;;;;;;;53.00;;;;;;;;;;;;;;;;;;;;;;;;;;;;;;;;;;;36.00;36.00;36.00;;;;;;;;;;;;;;45.00;45.00;45.00;;;;10.40;;;;;;;;;;;834.00;1839.20;188.90;6.00;600.00;188.50;;;;;;;;;;;;;;;;;;;;;;1814.50;1840.10;11;1;;;;;;;;;;;;;;;;;;;;;;;;0.00;0;0;0.00;0.00;;;;;98.00;98.00;98.00;;109.00;109.00;109.00;;97.00;97.00;97.00;;;;;;;;;;;;;0;9.60;11.60;7.40;13.70;14.00;13.40;1401;1830;836;203;203;1419.60;;;32726554;10.00;;;;;;22.00
1579053000000;2020-01-15T02:50:00.000+0100;;;;;;;;;1.00;-458.20;384.10;384.20;383.90;1486.00;1478.00;1476.00;1.20;;;;;1.20;1.20;;;;;;;;;1.0;;;;;;;;;;;;;;;;;;;;;;;;;;;;;;;;;;;;;;;;;;;;50.00;;;;;;;;;;;;;;;;;;;;;;;;;;;;;;;;;;;;;;38.00;51.00;37.00;11.00;;;;75.00;77.00;72.00;;;;;;;;;1494.20;1377.50;-412.900;-496.800;;;;;;;;;;;;;1836.500;-457.000;;;;;;;;;;83.00;83.00;84.00;;;;;;;;;70540;;;;;;;;;;;;;;1637.500;;;;;;;;;;;;50.00;37.00;;;;;;;;;;;;;;0;0.00;0.00;;204.60;;3.00;0.10;-0.70;;1.20;-1.70;;;;2.20;;;;10.60;;;;0.60;10.30;7.40;13.30;0.90;10.40;7.30;13.30;1.00;-0.80;5.50;1.00;24.00;;;;18.00;;;;34.00;;;;;;;;41.00;;;;;;;;;;;;55.00;;;;;;;;;;;;;;;;;;;;;;;;;;;;;;;;;;;;;;;;;;;;;;;;;;;;;;;;;;;;;;;;;;;;;;;;;;;;;;;;;;;;;;;;;;;;;;;;;;;;;;;;;;;;;;;;;;;;;;;;;;;;;;;;;;;;;;;;;;;;;;;;;;;;;;;;;;;;;;;;;;;;;;;;;;;;;;;;;;;;;;;;;;;;;;;;;;;;;;;;;;;;;;;;;;;;;;53.00;;;;;;;;;;;;;;;;;;;;;;;;;;;;;;;;;;;36.00;36.00;36.00;;;;;;;;;;;;;;45.00;45.00;46.00;;;;15.80;;;;;;;;;;;1216.40;1841.10;144.20;6.00;600.00;146.90;;;;;;;;;;;;;;;;;;;;;;1829.40;1841.20;11;1;;;;;;;;;;;;;;;;;;;;;;;;0.30;0;0;0.00;0.00;;;;;98.00;98.00;98.00;;109.00;109.00;109.00;;97.00;97.00;97.00;;;;;;;;;;;;;0;10.30;11.90;8.90;13.70;14.30;13.10;1641;1850;1222;204;204;1423.70;;;32726828;10.00;;;;;;22.00
1579053600000;2020-01-15T03:00:00.000+0100;;;;;;;;;1.00;-451.90;384.70;384.70;384.40;1375.00;1368.00;1366.00;0.60;;;;;0.60;0.70;;;;;;;;;1.0;;;;;;;;;;;;;;;;;;;;;;;;;;;;;;;;;;;;;;;;;;;;50.00;;;;;;;;;;;;;;;;;;;;;;;;;;;;;;;;;;;;;;38.00;51.00;37.00;11.00;;;;76.00;78.00;73.00;;;;;;;;;1477.20;1385.20;-420.800;-482.400;;;;;;;;;;;;;1834.500;-464.000;;;;;;;;;;84.00;84.00;85.00;;;;;;;;;70540;;;;;;;;;;;;;;1509.700;;;;;;;;;;;;50.00;37.00;;;;;;;;;;;;;;0;0.00;0.00;;202.80;;3.00;1.10;-7.60;;1.20;-1.70;;;;3.00;;;;10.20;;;;0.80;9.90;6.50;13.40;1.10;10.10;6.90;13.00;1.00;-1.90;4.30;1.10;24.00;;;;18.00;;;;35.00;;;;;;;;41.00;;;;;;;;;;;;55.00;;;;;;;;;;;;;;;;;;;;;;;;;;;;;;;;;;;;;;;;;;;;;;;;;;;;;;;;;;;;;;;;;;;;;;;;;;;;;;;;;;;;;;;;;;;;;;;;;;;;;;;;;;;;;;;;;;;;;;;;;;;;;;;;;;;;;;;;;;;;;;;;;;;;;;;;;;;;;;;;;;;;;;;;;;;;;;;;;;;;;;;;;;;;;;;;;;;;;;;;;;;;;;;;;;;;;;53.00;;;;;;;;;;;;;;;;;;;;;;;;;;;;;;;;;;;36.00;36.00;36.00;;;;;;;;;;;;;;45.00;45.00;46.00;;;;13.10;;;;;;;;;;;1038.70;1841.20;192.10;6.00;600.00;194.80;;;;;;;;;;;;;;;;;;;;;;1822.50;1841.40;11;1;;;;;;;;;;;;;;;;;;;;;;;;0.00;0;0;0.00;0.00;;;;;98.00;98.00;98.00;;109.00;109.00;109.00;;97.00;97.00;97.00;;;;;;;;;;;;;0;10.00;11.90;7.60;13.70;14.00;13.40;1512;1852;1046;202;203;1421.70;;;32727080;10.00;;;;;;22.00
1579054200000;2020-01-15T03:10:00.000+0100;;;;;;;;;1.00;-454.70;383.90;383.90;383.60;1442.00;1435.00;1434.00;1.10;;;;;1.10;1.10;;;;;;;;;1.0;;;;;;;;;;;;;;;;;;;;;;;;;;;;;;;;;;;;;;;;;;;;50.00;;;;;;;;;;;;;;;;;;;;;;;;;;;;;;;;;;;;;;38.00;51.00;37.00;11.00;;;;76.00;78.00;73.00;;;;;;;;;1500.40;1382.60;-423.700;-487.900;;;;;;;;;;;;;1836.300;-451.000;;;;;;;;;;84.00;84.00;85.00;;;;;;;;;70540;;;;;;;;;;;;;;1583.200;;;;;;;;;;;;50.00;37.00;;;;;;;;;;;;;;0;0.00;0.00;;204.60;;3.00;0.30;-2.10;;1.50;-1.70;;;;2.70;;;;10.40;;;;0.70;10.20;7.10;13.70;1.00;10.40;7.40;13.20;1.00;-1.40;4.50;1.00;24.00;;;;18.00;;;;32.00;;;;;;;;41.00;;;;;;;;;;;;55.00;;;;;;;;;;;;;;;;;;;;;;;;;;;;;;;;;;;;;;;;;;;;;;;;;;;;;;;;;;;;;;;;;;;;;;;;;;;;;;;;;;;;;;;;;;;;;;;;;;;;;;;;;;;;;;;;;;;;;;;;;;;;;;;;;;;;;;;;;;;;;;;;;;;;;;;;;;;;;;;;;;;;;;;;;;;;;;;;;;;;;;;;;;;;;;;;;;;;;;;;;;;;;;;;;;;;;;54.00;;;;;;;;;;;;;;;;;;;;;;;;;;;;;;;;;;;36.00;36.00;36.00;;;;;;;;;;;;;;45.00;45.00;46.00;;;;16.40;;;;;;;;;;;985.10;1841.90;191.80;6.00;600.00;196.00;;;;;;;;;;;;;;;;;;;;;;1828.60;1841.90;11;1;;;;;;;;;;;;;;;;;;;;;;;;0.30;0;0;0.00;0.00;;;;;98.00;98.00;98.00;;109.00;109.00;109.00;;97.00;97.00;97.00;;;;;;;;;;;;;0;10.30;12.10;8.40;13.70;14.30;13.10;1589;1851;993;205;205;1423.40;;;32727346;10.00;;;;;;22.00
1579054800000;2020-01-15T03:20:00.000+0100;;;;;;;;;1.00;-453.20;383.70;383.70;383.40;1359.00;1351.00;1350.00;0.60;;;;;0.60;0.60;;;;;;;;;1.0;;;;;;;;;;;;;;;;;;;;;;;;;;;;;;;;;;;;;;;;;;;;50.00;;;;;;;;;;;;;;;;;;;;;;;;;;;;;;;;;;;;;;38.00;51.00;37.00;11.00;;;;76.00;78.00;74.00;;;;;;;;;1466.40;1383.50;-425.500;-497.300;;;;;;;;;;;;;1834.500;-434.000;;;;;;;;;;84.00;84.00;85.00;;;;;;;;;70540;;;;;;;;;;;;;;1485.700;;;;;;;;;;;;50.00;37.00;;;;;;;;;;;;;;0;0.00;0.00;;206.20;;3.00;0.90;-2.30;;0.70;-0.90;;;;2.90;;;;10.10;;;;0.70;10.00;7.30;13.30;1.00;10.00;7.30;13.20;1.00;-1.40;4.30;1.00;24.00;;;;18.00;;;;30.00;;;;;;;;41.00;;;;;;;;;;;;55.00;;;;;;;;;;;;;;;;;;;;;;;;;;;;;;;;;;;;;;;;;;;;;;;;;;;;;;;;;;;;;;;;;;;;;;;;;;;;;;;;;;;;;;;;;;;;;;;;;;;;;;;;;;;;;;;;;;;;;;;;;;;;;;;;;;;;;;;;;;;;;;;;;;;;;;;;;;;;;;;;;;;;;;;;;;;;;;;;;;;;;;;;;;;;;;;;;;;;;;;;;;;;;;;;;;;;;;54.00;;;;;;;;;;;;;;;;;;;;;;;;;;;;;;;;;;;36.00;36.00;36.00;;;;;;;;;;;;;;45.00;45.00;46.00;;;;11.90;;;;;;;;;;;982.80;1842.50;202.90;6.00;600.00;205.80;;;;;;;;;;;;;;;;;;;;;;1827.10;1842.70;11;1;;;;;;;;;;;;;;;;;;;;;;;;0.00;0;0;0.00;0.00;;;;;98.00;98.00;98.00;;109.00;109.00;109.00;;97.00;97.00;97.00;;;;;;;;;;;;;0;10.00;12.00;8.20;13.70;14.00;13.10;1488;1847;999;206;207;1422.20;;;32727592;10.00;;;;;;22.00
1579055400000;2020-01-15T03:30:00.000+0100;;;;;;;;;1.00;-453.10;383.50;383.50;383.30;1356.00;1350.00;1347.00;0.40;;;;;0.40;0.40;;;;;;;;;1.0;;;;;;;;;;;;;;;;;;;;;;;;;;;;;;;;;;;;;;;;;;;;50.00;;;;;;;;;;;;;;;;;;;;;;;;;;;;;;;;;;;;;;38.00;51.00;37.00;11.00;;;;76.00;78.00;73.00;;;;;;;;;1471.20;1384.60;-420.000;-494.300;;;;;;;;;;;;;1833.700;-457.000;;;;;;;;;;84.00;84.00;85.00;;;;;;;;;70540;;;;;;;;;;;;;;1482.000;;;;;;;;;;;;50.00;37.00;;;;;;;;;;;;;;0;0.00;0.00;;207.00;;3.00;0.00;-2.40;;0.60;-2.30;;;;2.20;;;;10.00;;;;0.70;9.80;7.00;12.70;1.00;9.90;6.60;13.10;1.00;-1.80;3.10;0.90;24.00;;;;18.00;;;;30.00;;;;;;;;41.00;;;;;;;;;;;;55.00;;;;;;;;;;;;;;;;;;;;;;;;;;;;;;;;;;;;;;;;;;;;;;;;;;;;;;;;;;;;;;;;;;;;;;;;;;;;;;;;;;;;;;;;;;;;;;;;;;;;;;;;;;;;;;;;;;;;;;;;;;;;;;;;;;;;;;;;;;;;;;;;;;;;;;;;;;;;;;;;;;;;;;;;;;;;;;;;;;;;;;;;;;;;;;;;;;;;;;;;;;;;;;;;;;;;;;53.00;;;;;;;;;;;;;;;;;;;;;;;;;;;;;;;;;;;36.00;36.00;36.00;;;;;;;;;;;;;;45.00;45.00;46.00;;;;12.80;;;;;;;;;;;1012.00;1839.00;180.00;6.00;600.00;183.00;;;;;;;;;;;;;;;;;;;;;;1825.80;1839.40;11;1;;;;;;;;;;;;;;;;;;;;;;;;0.00;0;0;0.00;0.00;;;;;98.00;98.00;98.00;;109.00;109.00;109.00;;97.00;97.00;97.00;;;;;;;;;;;;;0;9.80;12.00;7.80;13.70;14.00;13.40;1485;1847;1022;206;206;1420.80;;;32727840;10.00;;;;;;22.00
1579056000000;2020-01-15T03:40:00.000+0100;;;;;;;;;1.00;-464.70;383.80;383.80;383.60;1477.00;1468.00;1467.00;1.50;;;;;1.50;1.50;;;;;;;;;1.0;;;;;;;;;;;;;;;;;;;;;;;;;;;;;;;;;;;;;;;;;;;;50.00;;;;;;;;;;;;;;;;;;;;;;;;;;;;;;;;;;;;;;38.00;51.00;37.00;11.00;;;;76.00;78.00;73.00;;;;;;;;;1513.60;1347.00;-420.800;-508.400;;;;;;;;;;;;;1836.500;-479.000;;;;;;;;;;84.00;84.00;85.00;;;;;;;;;70541;;;;;;;;;;;;;;1619.400;;;;;;;;;;;;50.00;37.00;;;;;;;;;;;;;;0;0.00;0.00;;206.90;;3.00;1.00;-6.10;;1.00;-1.00;;;;2.80;;;;10.60;;;;0.90;10.30;6.80;13.40;1.20;10.50;7.10;13.50;1.10;-1.80;6.80;1.70;24.00;;;;18.00;;;;31.00;;;;;;;;41.00;;;;;;;;;;;;55.00;;;;;;;;;;;;;;;;;;;;;;;;;;;;;;;;;;;;;;;;;;;;;;;;;;;;;;;;;;;;;;;;;;;;;;;;;;;;;;;;;;;;;;;;;;;;;;;;;;;;;;;;;;;;;;;;;;;;;;;;;;;;;;;;;;;;;;;;;;;;;;;;;;;;;;;;;;;;;;;;;;;;;;;;;;;;;;;;;;;;;;;;;;;;;;;;;;;;;;;;;;;;;;;;;;;;;;53.00;;;;;;;;;;;;;;;;;;;;;;;;;;;;;;;;;;;36.00;36.00;36.00;;;;;;;;;;;;;;45.00;45.00;46.00;;;;21.80;;;;;;;;;;;1131.30;1844.90;194.00;6.00;600.00;198.40;;;;;;;;;;;;;;;;;;;;;;1825.00;1845.20;11;1;;;;;;;;;;;;;;;;;;;;;;;;0.30;0;0;0.00;0.00;;;;;98.00;97.00;98.00;;109.00;109.00;109.00;;97.00;97.00;97.00;;;;;;;;;;;;;0;10.40;12.60;7.80;13.70;14.60;12.80;1626;1857;1140;208;209;1424.60;;;32728112;10.00;;;;;;22.00
1579056600000;2020-01-15T03:50:00.000+0100;;;;;;;;;1.00;-467.60;384.10;384.10;383.70;1539.00;1531.00;1530.00;2.10;;;;;2.10;2.10;;;;;;;;;1.0;;;;;;;;;;;;;;;;;;;;;;;;;;;;;;;;;;;;;;;;;;;;50.00;;;;;;;;;;;;;;;;;;;;;;;;;;;;;;;;;;;;;;38.00;52.00;37.00;11.00;;;;77.00;79.00;74.00;;;;;;;;;1502.20;1368.20;-420.700;-513.300;;;;;;;;;;;;;1838.800;-483.000;;;;;;;;;;85.00;85.00;86.00;;;;;;;;;70541;;;;;;;;;;;;;;1698.200;;;;;;;;;;;;50.00;37.00;;;;;;;;;;;;;;0;0.00;0.00;;209.60;;3.00;-0.80;-1.80;;0.50;-3.00;;;;1.20;;;;11.00;;;;0.80;10.70;7.30;13.60;1.10;10.80;7.50;15.30;1.10;-1.70;6.60;1.50;24.00;;;;18.00;;;;32.00;;;;;;;;41.00;;;;;;;;;;;;55.00;;;;;;;;;;;;;;;;;;;;;;;;;;;;;;;;;;;;;;;;;;;;;;;;;;;;;;;;;;;;;;;;;;;;;;;;;;;;;;;;;;;;;;;;;;;;;;;;;;;;;;;;;;;;;;;;;;;;;;;;;;;;;;;;;;;;;;;;;;;;;;;;;;;;;;;;;;;;;;;;;;;;;;;;;;;;;;;;;;;;;;;;;;;;;;;;;;;;;;;;;;;;;;;;;;;;;;54.00;;;;;;;;;;;;;;;;;;;;;;;;;;;;;;;;;;;36.00;36.00;37.00;;;;;;;;;;;;;;46.00;46.00;46.00;;;;23.30;;;;;;;;;;;1111.70;1847.00;148.00;6.00;600.00;148.90;;;;;;;;;;;;;;;;;;;;;;1826.80;1847.00;11;1;;;;;;;;;;;;;;;;;;;;;;;;0.30;0;0;0.00;0.00;;;;;98.00;98.00;98.00;;109.00;109.00;109.00;;97.00;97.00;97.00;;;;;;;;;;;;;0;10.80;12.60;8.30;13.70;14.30;13.10;1701;1854;1130;209;208;1425.20;;;32728394;10.00;;;;;;22.00
1579057200000;2020-01-15T04:00:00.000+0100;;;;;;;;;1.00;-470.30;383.80;383.80;383.60;1577.00;1569.00;1568.00;2.80;;;;;2.80;2.80;;;;;;;;;1.0;;;;;;;;;;;;;;;;;;;;;;;;;;;;;;;;;;;;;;;;;;;;50.00;;;;;;;;;;;;;;;;;;;;;;;;;;;;;;;;;;;;;;38.00;52.00;37.00;11.00;;;;78.00;80.00;75.00;;;;;;;;;1533.00;1365.00;-413.400;-519.000;;;;;;;;;;;;;1840.400;-468.000;;;;;;;;;;86.00;86.00;87.00;;;;;;;;;70541;;;;;;;;;;;;;;1742.900;;;;;;;;;;;;50.00;38.00;;;;;;;;;;;;;;0;0.00;0.00;;206.40;;3.00;0.50;-0.80;;0.60;-1.80;;;;2.10;;;;11.30;;;;0.70;11.00;7.80;15.70;1.10;11.10;7.00;14.60;1.10;0.30;9.50;1.70;24.00;;;;18.00;;;;33.00;;;;;;;;41.00;;;;;;;;;;;;55.00;;;;;;;;;;;;;;;;;;;;;;;;;;;;;;;;;;;;;;;;;;;;;;;;;;;;;;;;;;;;;;;;;;;;;;;;;;;;;;;;;;;;;;;;;;;;;;;;;;;;;;;;;;;;;;;;;;;;;;;;;;;;;;;;;;;;;;;;;;;;;;;;;;;;;;;;;;;;;;;;;;;;;;;;;;;;;;;;;;;;;;;;;;;;;;;;;;;;;;;;;;;;;;;;;;;;;;54.00;;;;;;;;;;;;;;;;;;;;;;;;;;;;;;;;;;;36.00;36.00;37.00;;;;;;;;;;;;;;46.00;46.00;46.00;;;;23.90;;;;;;;;;;;1386.60;1850.60;121.50;6.00;600.00;121.90;;;;;;;;;;;;;;;;;;;;;;1835.30;1850.60;11;1;;;;;;;;;;;;;;;;;;;;;;;;0.30;0;0;0.00;0.00;;;;;98.00;98.00;98.00;;109.00;109.00;109.00;;97.00;97.00;97.00;;;;;;;;;;;;;0;11.00;13.80;9.50;13.70;14.60;13.10;1745;1862;1389;209;209;1427.00;;;32728686;10.00;;;;;;23.00
1579057800000;2020-01-15T04:10:00.000+0100;;;;;;;;;1.00;-475.80;383.40;383.40;383.20;1610.00;1601.00;1600.00;3.60;;;;;3.60;3.60;;;;;;;;;1.0;;;;;;;;;;;;;;;;;;;;;;;;;;;;;;;;;;;;;;;;;;;;50.00;;;;;;;;;;;;;;;;;;;;;;;;;;;;;;;;;;;;;;38.00;52.00;37.00;11.00;;;;80.00;82.00;77.00;;;;;;;;;1517.10;1368.20;-449.000;-514.200;;;;;;;;;;;;;1842.700;-476.000;;;;;;;;;;87.00;87.00;88.00;;;;;;;;;70541;;;;;;;;;;;;;;1780.000;;;;;;;;;;;;50.00;38.00;;;;;;;;;;;;;;0;0.00;0.00;;208.20;;3.00;-1.70;-4.40;;0.40;-3.60;;;;0.10;;;;11.60;;;;0.70;11.30;7.70;15.00;1.10;11.50;7.00;14.60;1.00;0.70;8.90;1.80;24.00;;;;18.00;;;;34.00;;;;;;;;41.00;;;;;;;;;;;;56.00;;;;;;;;;;;;;;;;;;;;;;;;;;;;;;;;;;;;;;;;;;;;;;;;;;;;;;;;;;;;;;;;;;;;;;;;;;;;;;;;;;;;;;;;;;;;;;;;;;;;;;;;;;;;;;;;;;;;;;;;;;;;;;;;;;;;;;;;;;;;;;;;;;;;;;;;;;;;;;;;;;;;;;;;;;;;;;;;;;;;;;;;;;;;;;;;;;;;;;;;;;;;;;;;;;;;;;54.00;;;;;;;;;;;;;;;;;;;;;;;;;;;;;;;;;;;36.00;36.00;37.00;;;;;;;;;;;;;;46.00;46.00;46.00;;;;25.10;;;;;;;;;;;1371.20;1850.40;100.00;6.00;600.00;99.80;;;;;;;;;;;;;;;;;;;;;;1836.50;1850.40;11;1;;;;;;;;;;;;;;;;;;;;;;;;0.30;0;0;0.00;0.00;;;;;98.00;98.00;98.00;;109.00;109.00;109.00;;97.00;97.00;97.00;;;;;;;;;;;;;0;11.40;13.40;9.60;13.70;14.60;13.10;1781;1865;1390;209;208;1429.10;;;32728982;10.00;;;;;;23.00
1579058400000;2020-01-15T04:20:00.000+0100;;;;;;;;;1.00;-478.20;383.50;383.40;383.20;1637.00;1629.00;1628.00;5.00;;;;;5.00;5.10;;;;;;;;;1.0;;;;;;;;;;;;;;;;;;;;;;;;;;;;;;;;;;;;;;;;;;;;50.00;;;;;;;;;;;;;;;;;;;;;;;;;;;;;;;;;;;;;;38.00;52.00;37.00;11.00;;;;82.00;83.00;78.00;;;;;;;;;1533.90;1337.20;-455.600;-508.400;;;;;;;;;;;;;1844.500;-474.000;;;;;;;;;;88.00;88.00;89.00;;;;;;;;;70541;;;;;;;;;;;;;;1812.000;;;;;;;;;;;;51.00;38.00;;;;;;;;;;;;;;0;0.00;0.00;;208.30;;3.00;-1.50;-2.80;;0.70;-3.40;;;;0.40;;;;12.10;;;;0.80;11.60;8.30;16.20;1.10;11.80;8.30;16.40;1.10;0.50;9.80;2.10;24.00;;;;18.00;;;;34.00;;;;;;;;41.00;;;;;;;;;;;;56.00;;;;;;;;;;;;;;;;;;;;;;;;;;;;;;;;;;;;;;;;;;;;;;;;;;;;;;;;;;;;;;;;;;;;;;;;;;;;;;;;;;;;;;;;;;;;;;;;;;;;;;;;;;;;;;;;;;;;;;;;;;;;;;;;;;;;;;;;;;;;;;;;;;;;;;;;;;;;;;;;;;;;;;;;;;;;;;;;;;;;;;;;;;;;;;;;;;;;;;;;;;;;;;;;;;;;;;54.00;;;;;;;;;;;;;;;;;;;;;;;;;;;;;;;;;;;37.00;36.00;37.00;;;;;;;;;;;;;;46.00;46.00;46.00;;;;29.50;;;;;;;;;;;1372.90;1855.20;82.70;6.00;600.00;82.20;;;;;;;;;;;;;;;;;;;;;;1837.60;1855.00;11;1;;;;;;;;;;;;;;;;;;;;;;;;0.30;0;0;0.00;0.00;;;;;98.00;98.00;98.00;;109.00;109.00;109.00;;97.00;97.00;97.00;;;;;;;;;;;;;0;11.70;14.70;9.40;13.70;14.60;12.80;1813;1872;1385;209;208;1429.70;;;32729284;10.00;;;;;;23.00
1579059000000;2020-01-15T04:30:00.000+0100;;;;;;;;;1.00;-473.80;383.60;383.50;383.20;1627.00;1618.00;1618.00;4.60;;;;;4.60;4.60;;;;;;;;;1.0;;;;;;;;;;;;;;;;;;;;;;;;;;;;;;;;;;;;;;;;;;;;50.00;;;;;;;;;;;;;;;;;;;;;;;;;;;;;;;;;;;;;;38.00;52.00;37.00;11.00;;;;83.00;85.00;80.00;;;;;;;;;1515.10;1367.30;-425.500;-501.200;;;;;;;;;;;;;1844.500;-445.000;;;;;;;;;;89.00;89.00;89.00;;;;;;;;;70541;;;;;;;;;;;;;;1801.000;;;;;;;;;;;;51.00;38.00;;;;;;;;;;;;;;0;0.00;0.00;;207.60;;3.00;-1.40;-5.20;;0.70;-3.60;;;;0.60;;;;11.90;;;;0.90;11.60;7.60;16.20;1.20;11.80;8.30;15.80;1.20;0.10;10.00;2.40;24.00;;;;18.00;;;;35.00;;;;;;;;41.00;;;;;;;;;;;;56.00;;;;;;;;;;;;;;;;;;;;;;;;;;;;;;;;;;;;;;;;;;;;;;;;;;;;;;;;;;;;;;;;;;;;;;;;;;;;;;;;;;;;;;;;;;;;;;;;;;;;;;;;;;;;;;;;;;;;;;;;;;;;;;;;;;;;;;;;;;;;;;;;;;;;;;;;;;;;;;;;;;;;;;;;;;;;;;;;;;;;;;;;;;;;;;;;;;;;;;;;;;;;;;;;;;;;;;54.00;;;;;;;;;;;;;;;;;;;;;;;;;;;;;;;;;;;37.00;36.00;37.00;;;;;;;;;;;;;;46.00;46.00;46.00;;;;28.10;;;;;;;;;;;1391.70;1853.10;95.00;6.00;600.00;94.30;;;;;;;;;;;;;;;;;;;;;;1834.80;1852.90;11;1;;;;;;;;;;;;;;;;;;;;;;;;0.30;0;0;0.00;0.00;;;;;98.00;98.00;98.00;;109.00;109.00;109.00;;97.00;97.00;98.00;;;;;;;;;;;;;0;11.70;13.60;9.20;13.70;14.60;13.10;1802;1864;1398;208;207;1429.40;;;32729584;10.00;;;;;;23.00
1579059600000;2020-01-15T04:40:00.000+0100;;;;;;;;;1.00;-459.60;383.30;383.20;383.00;1615.00;1606.00;1606.00;3.70;;;;;3.70;3.70;;;;;;;;;1.0;;;;;;;;;;;;;;;;;;;;;;;;;;;;;;;;;;;;;;;;;;;;50.00;;;;;;;;;;;;;;;;;;;;;;;;;;;;;;;;;;;;;;39.00;52.00;37.00;11.00;;;;84.00;86.00;81.00;;;;;;;;;1539.50;1357.20;-418.400;-489.500;;;;;;;;;;;;;1842.200;-436.000;;;;;;;;;;89.00;89.00;90.00;;;;;;;;;70542;;;;;;;;;;;;;;1788.900;;;;;;;;;;;;51.00;38.00;;;;;;;;;;;;;;0;0.00;0.00;;206.40;;3.00;1.40;-6.70;;1.00;-0.50;;;;3.40;;;;11.60;;;;0.80;11.20;8.00;14.10;1.10;11.40;8.20;14.30;1.10;0.20;10.50;2.00;24.00;;;;18.00;;;;33.00;;;;;;;;41.00;;;;;;;;;;;;56.00;;;;;;;;;;;;;;;;;;;;;;;;;;;;;;;;;;;;;;;;;;;;;;;;;;;;;;;;;;;;;;;;;;;;;;;;;;;;;;;;;;;;;;;;;;;;;;;;;;;;;;;;;;;;;;;;;;;;;;;;;;;;;;;;;;;;;;;;;;;;;;;;;;;;;;;;;;;;;;;;;;;;;;;;;;;;;;;;;;;;;;;;;;;;;;;;;;;;;;;;;;;;;;;;;;;;;;54.00;;;;;;;;;;;;;;;;;;;;;;;;;;;;;;;;;;;37.00;36.00;37.00;;;;;;;;;;;;;;46.00;46.00;46.00;;;;27.20;;;;;;;;;;;1323.60;1848.40;98.00;6.00;600.00;97.70;;;;;;;;;;;;;;;;;;;;;;1835.00;1848.30;11;1;;;;;;;;;;;;;;;;;;;;;;;;0.30;0;0;0.00;0.00;;;;;98.00;98.00;98.00;;109.00;109.00;110.00;;98.00;98.00;98.00;;;;;;;;;;;;;0;11.30;13.60;9.20;13.70;14.60;13.10;1790;1861;1329;208;210;1427.60;;;32729884;10.00;;;;;;23.00
1579060200000;2020-01-15T04:50:00.000+0100;;;;;;;;;1.00;-460.50;383.70;383.50;383.30;1570.00;1562.00;1561.00;3.00;;;;;3.00;3.00;;;;;;;;;1.0;;;;;;;;;;;;;;;;;;;;;;;;;;;;;;;;;;;;;;;;;;;;50.00;;;;;;;;;;;;;;;;;;;;;;;;;;;;;;;;;;;;;;39.00;52.00;37.00;11.00;;;;85.00;87.00;82.00;;;;;;;;;1505.80;1348.50;-435.700;-495.600;;;;;;;;;;;;;1840.900;-469.000;;;;;;;;;;89.00;89.00;90.00;;;;;;;;;70542;;;;;;;;;;;;;;1735.100;;;;;;;;;;;;51.00;38.00;;;;;;;;;;;;;;0;0.00;0.00;;210.10;;3.00;0.00;-5.40;;1.30;-2.50;;;;2.30;;;;11.30;;;;0.90;11.00;7.10;15.80;1.10;11.20;8.20;15.60;1.20;-0.90;11.70;2.20;24.00;;;;18.00;;;;31.00;;;;;;;;41.00;;;;;;;;;;;;56.00;;;;;;;;;;;;;;;;;;;;;;;;;;;;;;;;;;;;;;;;;;;;;;;;;;;;;;;;;;;;;;;;;;;;;;;;;;;;;;;;;;;;;;;;;;;;;;;;;;;;;;;;;;;;;;;;;;;;;;;;;;;;;;;;;;;;;;;;;;;;;;;;;;;;;;;;;;;;;;;;;;;;;;;;;;;;;;;;;;;;;;;;;;;;;;;;;;;;;;;;;;;;;;;;;;;;;;54.00;;;;;;;;;;;;;;;;;;;;;;;;;;;;;;;;;;;37.00;36.00;37.00;;;;;;;;;;;;;;46.00;46.00;46.00;;;;23.00;;;;;;;;;;;1310.00;1853.60;137.30;6.00;600.00;137.70;;;;;;;;;;;;;;;;;;;;;;1830.10;1853.70;11;1;;;;;;;;;;;;;;;;;;;;;;;;0.30;0;0;0.00;1.00;;;;;99.00;98.00;99.00;;110.00;109.00;110.00;;98.00;98.00;98.00;;;;;;;;;;;;;0;11.10;14.10;8.80;13.70;14.30;12.80;1738;1864;1322;212;212;1428.50;;;32730172;10.00;;;;;;23.00
1579060800000;2020-01-15T05:00:00.000+0100;;;;;;;;;1.00;-462.30;383.50;383.40;383.20;1644.00;1635.00;1635.00;5.50;;;;;5.50;5.50;;;;;;;;;1.0;;;;;;;;;;;;;;;;;;;;;;;;;;;;;;;;;;;;;;;;;;;;50.00;;;;;;;;;;;;;;;;;;;;;;;;;;;;;;;;;;;;;;39.00;52.00;37.00;11.00;;;;86.00;87.00;82.00;;;;;;;;;1522.50;1347.00;-428.900;-495.500;;;;;;;;;;;;;1845.800;-450.000;;;;;;;;;;89.00;89.00;90.00;;;;;;;;;70542;;;;;;;;;;;;;;1824.800;;;;;;;;;;;;51.00;38.00;;;;;;;;;;;;;;0;0.00;0.00;;211.10;;3.00;-1.10;-4.30;;0.60;-3.20;;;;1.10;;;;12.20;;;;0.80;11.80;7.60;15.30;1.20;12.00;7.20;15.40;1.20;1.00;10.50;2.10;24.00;;;;18.00;;;;30.00;;;;;;;;41.00;;;;;;;;;;;;56.00;;;;;;;;;;;;;;;;;;;;;;;;;;;;;;;;;;;;;;;;;;;;;;;;;;;;;;;;;;;;;;;;;;;;;;;;;;;;;;;;;;;;;;;;;;;;;;;;;;;;;;;;;;;;;;;;;;;;;;;;;;;;;;;;;;;;;;;;;;;;;;;;;;;;;;;;;;;;;;;;;;;;;;;;;;;;;;;;;;;;;;;;;;;;;;;;;;;;;;;;;;;;;;;;;;;;;;54.00;;;;;;;;;;;;;;;;;;;;;;;;;;;;;;;;;;;37.00;37.00;37.00;;;;;;;;;;;;;;46.00;46.00;46.00;;;;30.10;;;;;;;;;;;1425.00;1853.60;63.60;6.00;600.00;63.20;;;;;;;;;;;;;;;;;;;;;;1837.60;1853.70;11;1;;;;;;;;;;;;;;;;;;;;;;;;0.30;0;0;0.00;0.00;;;;;99.00;99.00;99.00;;110.00;110.00;110.00;;98.00;98.00;98.00;;;;;;;;;;;;;0;11.90;14.00;9.00;13.70;14.60;12.80;1825;1863;1447;212;211;1430.30;;;32730478;11.00;;;;;;23.00
1579061400000;2020-01-15T05:10:00.000+0100;;;;;;;;;1.00;-446.00;382.10;382.10;381.80;1587.00;1578.00;1578.00;3.20;;;;;3.20;3.20;;;;;;;;;1.0;;;;;;;;;;;;;;;;;;;;;;;;;;;;;;;;;;;;;;;;;;;;50.00;;;;;;;;;;;;;;;;;;;;;;;;;;;;;;;;;;;;;;39.00;52.00;37.00;11.00;;;;87.00;88.00;83.00;;;;;;;;;1533.00;1346.70;-405.900;-493.200;;;;;;;;;;;;;1841.200;-442.000;;;;;;;;;;89.00;89.00;90.00;;;;;;;;;70542;;;;;;;;;;;;;;1750.500;;;;;;;;;;;;51.00;38.00;;;;;;;;;;;;;;0;0.00;0.00;;211.10;;3.00;-0.40;-4.60;;0.80;-2.40;;;;1.00;;;;11.40;;;;0.90;11.00;6.70;15.40;1.20;11.30;7.70;15.30;1.20;0.00;9.70;2.00;24.00;;;;19.00;;;;31.00;;;;;;;;41.00;;;;;;;;;;;;56.00;;;;;;;;;;;;;;;;;;;;;;;;;;;;;;;;;;;;;;;;;;;;;;;;;;;;;;;;;;;;;;;;;;;;;;;;;;;;;;;;;;;;;;;;;;;;;;;;;;;;;;;;;;;;;;;;;;;;;;;;;;;;;;;;;;;;;;;;;;;;;;;;;;;;;;;;;;;;;;;;;;;;;;;;;;;;;;;;;;;;;;;;;;;;;;;;;;;;;;;;;;;;;;;;;;;;;;54.00;;;;;;;;;;;;;;;;;;;;;;;;;;;;;;;;;;;37.00;36.00;37.00;;;;;;;;;;;;;;46.00;46.00;46.00;;;;28.10;;;;;;;;;;;1201.30;1850.20;133.70;6.00;600.00;133.80;;;;;;;;;;;;;;;;;;;;;;1833.70;1850.10;11;1;;;;;;;;;;;;;;;;;;;;;;;;0.30;0;0;0.00;0.00;;;;;99.00;99.00;99.00;;110.00;110.00;110.00;;98.00;98.00;98.00;;;;;;;;;;;;;0;11.10;13.70;8.90;13.70;14.60;12.80;1755;1869;1207;212;211;1426.70;;;32730768;11.00;;;;;;23.00
1579062000000;2020-01-15T05:20:00.000+0100;;;;;;;;;1.00;-450.40;383.10;383.00;382.80;1584.00;1575.00;1574.00;3.60;;;;;3.60;3.60;;;;;;;;;1.0;;;;;;;;;;;;;;;;;;;;;;;;;;;;;;;;;;;;;;;;;;;;50.00;;;;;;;;;;;;;;;;;;;;;;;;;;;;;;;;;;;;;;39.00;52.00;37.00;11.00;;;;87.00;88.00;83.00;;;;;;;;;1510.00;1338.40;-409.400;-490.600;;;;;;;;;;;;;1841.200;-450.000;;;;;;;;;;89.00;89.00;90.00;;;;;;;;;70542;;;;;;;;;;;;;;1750.900;;;;;;;;;;;;51.00;38.00;;;;;;;;;;;;;;0;0.00;0.00;;212.30;;3.00;0.40;-0.80;;0.70;-1.70;;;;2.20;;;;11.50;;;;1.00;11.00;6.70;15.20;1.30;11.30;7.80;15.70;1.40;-0.20;10.50;2.50;24.00;;;;19.00;;;;32.00;;;;;;;;41.00;;;;;;;;;;;;56.00;;;;;;;;;;;;;;;;;;;;;;;;;;;;;;;;;;;;;;;;;;;;;;;;;;;;;;;;;;;;;;;;;;;;;;;;;;;;;;;;;;;;;;;;;;;;;;;;;;;;;;;;;;;;;;;;;;;;;;;;;;;;;;;;;;;;;;;;;;;;;;;;;;;;;;;;;;;;;;;;;;;;;;;;;;;;;;;;;;;;;;;;;;;;;;;;;;;;;;;;;;;;;;;;;;;;;;54.00;;;;;;;;;;;;;;;;;;;;;;;;;;;;;;;;;;;37.00;37.00;37.00;;;;;;;;;;;;;;46.00;46.00;46.00;;;;29.20;;;;;;;;;;;1220.30;1850.90;152.40;6.00;600.00;151.90;;;;;;;;;;;;;;;;;;;;;;1832.20;1850.90;11;1;;;;;;;;;;;;;;;;;;;;;;;;0.30;0;0;0.00;0.00;;;;;99.00;99.00;99.00;;110.00;110.00;110.00;;99.00;98.00;99.00;;;;;;;;;;;;;0;11.10;13.90;8.90;13.70;14.60;12.80;1755;1864;1232;212;212;1427.00;;;32731062;11.00;;;;;;24.00
1579062600000;2020-01-15T05:30:00.000+0100;;;;;;;;;1.00;-436.60;382.40;382.30;382.20;1502.00;1493.00;1493.00;2.50;;;;;2.50;2.50;;;;;;;;;1.0;;;;;;;;;;;;;;;;;;;;;;;;;;;;;;;;;;;;;;;;;;;;50.00;;;;;;;;;;;;;;;;;;;;;;;;;;;;;;;;;;;;;;39.00;52.00;37.00;11.00;;;;87.00;89.00;84.00;;;;;;;;;1514.20;1364.40;-383.500;-465.500;;;;;;;;;;;;;1839.100;-450.000;;;;;;;;;;89.00;89.00;90.00;;;;;;;;;70542;;;;;;;;;;;;;;1652.700;;;;;;;;;;;;51.00;39.00;;;;;;;;;;;;;;0;0.00;0.00;;213.90;;3.00;-0.20;-5.10;;1.00;-2.60;;;;1.50;;;;11.00;;;;0.90;10.60;7.50;14.90;1.20;10.90;7.40;14.60;1.30;-0.80;9.00;2.10;24.00;;;;19.00;;;;33.00;;;;;;;;41.00;;;;;;;;;;;;56.00;;;;;;;;;;;;;;;;;;;;;;;;;;;;;;;;;;;;;;;;;;;;;;;;;;;;;;;;;;;;;;;;;;;;;;;;;;;;;;;;;;;;;;;;;;;;;;;;;;;;;;;;;;;;;;;;;;;;;;;;;;;;;;;;;;;;;;;;;;;;;;;;;;;;;;;;;;;;;;;;;;;;;;;;;;;;;;;;;;;;;;;;;;;;;;;;;;;;;;;;;;;;;;;;;;;;;;54.00;;;;;;;;;;;;;;;;;;;;;;;;;;;;;;;;;;;37.00;36.00;37.00;;;;;;;;;;;;;;46.00;46.00;46.00;;;;26.90;;;;;;;;;;;1067.60;1848.80;200.20;6.00;600.00;202.60;;;;;;;;;;;;;;;;;;;;;;1829.90;1848.80;11;1;;;;;;;;;;;;;;;;;;;;;;;;0.30;0;0;0.00;0.00;;;;;99.00;99.00;99.00;;110.00;110.00;110.00;;99.00;99.00;99.00;;;;;;;;;;;;;0;10.80;13.50;8.20;13.70;14.60;13.10;1658;1863;1073;212;212;1426.10;;;32731338;11.00;;;;;;24.00
1579063200000;2020-01-15T05:40:00.000+0100;;;;;;;;;1.00;-432.60;380.80;380.70;380.70;1345.00;1337.00;1336.00;0.40;;;;;0.40;0.40;;;;;;;;;1.0;;;;;;;;;;;;;;;;;;;;;;;;;;;;;;;;;;;;;;;;;;;;50.00;;;;;;;;;;;;;;;;;;;;;;;;;;;;;;;;;;;;;;39.00;52.00;37.00;11.00;;;;86.00;88.00;83.00;;;;;;;;;1477.80;1384.60;-391.900;-493.600;;;;;;;;;;;;;1833.500;-422.000;;;;;;;;;;87.00;87.00;88.00;;;;;;;;;70543;;;;;;;;;;;;;;1462.100;;;;;;;;;;;;52.00;39.00;;;;;;;;;;;;;;0;0.00;0.00;;212.40;;3.00;2.00;-3.00;;0.90;0.10;;;;4.40;;;;10.00;;;;0.70;9.60;6.70;12.90;1.00;9.90;6.50;13.30;1.10;-1.80;3.90;1.00;24.00;;;;19.00;;;;34.00;;;;;;;;41.00;;;;;;;;;;;;56.00;;;;;;;;;;;;;;;;;;;;;;;;;;;;;;;;;;;;;;;;;;;;;;;;;;;;;;;;;;;;;;;;;;;;;;;;;;;;;;;;;;;;;;;;;;;;;;;;;;;;;;;;;;;;;;;;;;;;;;;;;;;;;;;;;;;;;;;;;;;;;;;;;;;;;;;;;;;;;;;;;;;;;;;;;;;;;;;;;;;;;;;;;;;;;;;;;;;;;;;;;;;;;;;;;;;;;;54.00;;;;;;;;;;;;;;;;;;;;;;;;;;;;;;;;;;;37.00;36.00;37.00;;;;;;;;;;;;;;46.00;46.00;46.00;;;;15.50;;;;;;;;;;;806.10;1839.40;224.90;6.00;600.00;228.90;;;;;;;;;;;;;;;;;;;;;;1816.30;1839.60;11;1;;;;;;;;;;;;;;;;;;;;;;;;0.00;0;0;0.00;0.00;;;;;99.00;99.00;99.00;;110.00;110.00;110.00;;99.00;99.00;99.00;;;;;;;;;;;;;0;9.80;12.30;7.20;13.70;14.30;13.40;1466;1848;810;214;216;1421.10;;;32731582;11.00;;;;;;24.00
1579063800000;2020-01-15T05:50:00.000+0100;;;;;;;;;1.00;-449.90;380.60;380.50;380.50;1343.00;1334.00;1331.00;0.30;;;;;0.30;0.30;;;;;;;;;1.0;;;;;;;;;;;;;;;;;;;;;;;;;;;;;;;;;;;;;;;;;;;;50.00;;;;;;;;;;;;;;;;;;;;;;;;;;;;;;;;;;;;;;39.00;52.00;37.00;11.00;;;;84.00;86.00;81.00;;;;;;;;;1518.60;1356.00;-410.500;-482.100;;;;;;;;;;;;;1831.900;-461.000;;;;;;;;;;86.00;86.00;86.00;;;;;;;;;70543;;;;;;;;;;;;;;1449.800;;;;;;;;;;;;52.00;38.00;;;;;;;;;;;;;;0;0.00;0.00;;218.00;;3.00;0.40;-4.60;;1.20;-1.90;;;;2.40;;;;10.00;;;;0.90;9.50;4.90;13.40;1.10;9.90;6.40;14.80;1.10;-2.20;6.70;1.50;24.00;;;;19.00;;;;34.00;;;;;;;;41.00;;;;;;;;;;;;56.00;;;;;;;;;;;;;;;;;;;;;;;;;;;;;;;;;;;;;;;;;;;;;;;;;;;;;;;;;;;;;;;;;;;;;;;;;;;;;;;;;;;;;;;;;;;;;;;;;;;;;;;;;;;;;;;;;;;;;;;;;;;;;;;;;;;;;;;;;;;;;;;;;;;;;;;;;;;;;;;;;;;;;;;;;;;;;;;;;;;;;;;;;;;;;;;;;;;;;;;;;;;;;;;;;;;;;;54.00;;;;;;;;;;;;;;;;;;;;;;;;;;;;;;;;;;;36.00;36.00;37.00;;;;;;;;;;;;;;46.00;46.00;46.00;;;;19.10;;;;;;;;;;;842.50;1841.60;251.40;6.00;600.00;256.40;;;;;;;;;;;;;;;;;;;;;;1815.60;1842.70;11;1;;;;;;;;;;;;;;;;;;;;;;;;0.30;0;0;0.00;0.00;;;;;99.00;99.00;99.00;;110.00;110.00;110.00;;99.00;99.00;99.00;;;;;;;;;;;;;0;9.70;12.60;7.50;13.70;14.60;13.10;1454;1852;847;217;218;1420.50;;;32731824;11.00;;;;;;24.00
1579064400000;2020-01-15T06:00:00.000+0100;;;;;;;;;1.00;-447.10;380.40;380.20;380.30;1417.00;1409.00;1407.00;1.10;;;;;1.10;1.10;;;;;;;;;1.0;;;;;;;;;;;;;;;;;;;;;;;;;;;;;;;;;;;;;;;;;;;;50.00;;;;;;;;;;;;;;;;;;;;;;;;;;;;;;;;;;;;;;39.00;52.00;37.00;11.00;;;;83.00;85.00;80.00;;;;;;;;;1494.20;1371.50;-405.700;-495.600;;;;;;;;;;;;;1835.300;-446.000;;;;;;;;;;85.00;85.00;86.00;;;;;;;;;70543;;;;;;;;;;;;;;1541.100;;;;;;;;;;;;52.00;38.00;;;;;;;;;;;;;;0;0.00;0.00;;218.40;;3.00;-1.80;-6.40;;0.80;-3.70;;;;0.00;;;;10.40;;;;1.00;10.00;6.60;14.40;1.30;10.30;6.90;14.30;1.20;-2.10;6.80;1.80;24.00;;;;19.00;;;;35.00;;;;;;;;41.00;;;;;;;;;;;;56.00;;;;;;;;;;;;;;;;;;;;;;;;;;;;;;;;;;;;;;;;;;;;;;;;;;;;;;;;;;;;;;;;;;;;;;;;;;;;;;;;;;;;;;;;;;;;;;;;;;;;;;;;;;;;;;;;;;;;;;;;;;;;;;;;;;;;;;;;;;;;;;;;;;;;;;;;;;;;;;;;;;;;;;;;;;;;;;;;;;;;;;;;;;;;;;;;;;;;;;;;;;;;;;;;;;;;;;54.00;;;;;;;;;;;;;;;;;;;;;;;;;;;;;;;;;;;36.00;36.00;37.00;;;;;;;;;;;;;;46.00;46.00;46.00;;;;18.20;;;;;;;;;;;938.90;1847.90;228.70;6.00;600.00;231.40;;;;;;;;;;;;;;;;;;;;;;1819.40;1848.10;11;1;;;;;;;;;;;;;;;;;;;;;;;;0.30;0;0;0.00;0.00;;;;;99.00;99.00;99.00;;110.00;110.00;110.00;;99.00;99.00;99.00;;;;;;;;;;;;;0;10.20;12.90;7.60;13.70;14.30;13.10;1544;1858;956;216;214;1422.50;;;32732082;11.00;;;;;;24.00
1579065000000;2020-01-15T06:10:00.000+0100;;;;;;;;;1.00;-455.60;384.80;384.60;384.60;1702.00;1692.00;1691.00;1.00;;;;;1.00;1.00;;;;;;;;;1.0;;;;;;;;;;;;;;;;;;;;;;;;;;;;;;;;;;;;;;;;;;;;50.00;;;;;;;;;;;;;;;;;;;;;;;;;;;;;;;;;;;;;;39.00;52.00;37.00;11.00;;;;83.00;85.00;80.00;;;;;;;;;1633.20;1429.10;-404.800;-500.700;;;;;;;;;;;;;1999.100;-459.000;;;;;;;;;;87.00;87.00;88.00;;;;;;;;;70543;;;;;;;;;;;;;;1884.700;;;;;;;;;;;;52.00;38.00;;;;;;;;;;;;;;0;0.00;0.00;;211.60;;3.00;0.40;-1.80;;1.00;-1.80;;;;2.50;;;;11.10;;;;0.80;10.60;7.50;14.80;1.10;11.00;7.20;14.20;1.10;-2.20;7.50;2.20;24.00;;;;19.00;;;;33.00;;;;;;;;41.00;;;;;;;;;;;;56.00;;;;;;;;;;;;;;;;;;;;;;;;;;;;;;;;;;;;;;;;;;;;;;;;;;;;;;;;;;;;;;;;;;;;;;;;;;;;;;;;;;;;;;;;;;;;;;;;;;;;;;;;;;;;;;;;;;;;;;;;;;;;;;;;;;;;;;;;;;;;;;;;;;;;;;;;;;;;;;;;;;;;;;;;;;;;;;;;;;;;;;;;;;;;;;;;;;;;;;;;;;;;;;;;;;;;;;55.00;;;;;;;;;;;;;;;;;;;;;;;;;;;;;;;;;;;37.00;36.00;37.00;;;;;;;;;;;;;;46.00;46.00;46.00;;;;27.20;;;;;;;;;;;1197.50;2000.00;184.20;6.00;1.00;192.80;;;;;;;;;;;;;;;;;;;;;;1834.00;2000.10;11;1;;;;;;;;;;;;;;;;;;;;;;;;0.30;0;0;0.00;0.00;;;;;99.00;99.00;99.00;;110.00;110.00;110.00;;99.00;99.00;99.00;;;;;;;;;;;;;0;10.80;12.60;8.50;14.90;15.80;13.70;1901;2111;1219;211;211;1549.10;;;32732400;11.00;;;;;;23.00
1579065600000;2020-01-15T06:20:00.000+0100;;;;;;;;;1.00;-455.20;385.40;385.00;385.20;1563.00;1555.00;1553.00;-0.90;;;;;-0.90;-0.90;;;;;;;;;1.0;;;;;;;;;;;;;;;;;;;;;;;;;;;;;;;;;;;;;;;;;;;;50.00;;;;;;;;;;;;;;;;;;;;;;;;;;;;;;;;;;;;;;39.00;53.00;37.00;11.00;;;;85.00;87.00;82.00;;;;;;;;;1651.40;1497.70;-402.600;-505.000;;;;;;;;;;;;;2000.100;-435.000;;;;;;;;;;88.00;88.00;89.00;;;;;;;;;70543;;;;;;;;;;;;;;1720.800;;;;;;;;;;;;52.00;38.00;;;;;;;;;;;;;;0;0.00;0.00;;210.50;;3.00;-0.50;-4.80;;0.90;-2.50;;;;2.00;;;;10.30;;;;0.70;10.00;6.70;13.30;1.00;10.40;7.40;13.70;1.00;-2.10;5.90;1.20;24.00;;;;19.00;;;;31.00;;;;;;;;41.00;;;;;;;;;;;;57.00;;;;;;;;;;;;;;;;;;;;;;;;;;;;;;;;;;;;;;;;;;;;;;;;;;;;;;;;;;;;;;;;;;;;;;;;;;;;;;;;;;;;;;;;;;;;;;;;;;;;;;;;;;;;;;;;;;;;;;;;;;;;;;;;;;;;;;;;;;;;;;;;;;;;;;;;;;;;;;;;;;;;;;;;;;;;;;;;;;;;;;;;;;;;;;;;;;;;;;;;;;;;;;;;;;;;;;55.00;;;;;;;;;;;;;;;;;;;;;;;;;;;;;;;;;;;37.00;37.00;37.00;;;;;;;;;;;;;;46.00;46.00;46.00;;;;15.80;;;;;;;;;;;1150.70;2000.00;213.30;0.00;0.00;234.00;;;;;;;;;;;;;;;;;;;;;;2000.10;2000.10;11;1;;;;;;;;;;;;;;;;;;;;;;;;0.30;0;0;0.00;0.00;;;;;99.00;99.00;99.00;;110.00;110.00;111.00;;99.00;99.00;99.00;;;;;;;;;;;;;0;10.20;12.40;8.20;14.90;15.80;14.30;1740;2111;1168;211;210;1550.30;;;32732688;11.00;;;;;;23.00
1579066200000;2020-01-15T06:30:00.000+0100;;;;;;;;;1.00;-442.80;385.20;385.00;385.20;1353.00;1345.00;1344.00;-1.70;;;;;-1.70;-1.70;;;;;;;;;1.0;;;;;;;;;;;;;;;;;;;;;;;;;;;;;;;;;;;;;;;;;;;;50.00;;;;;;;;;;;;;;;;;;;;;;;;;;;;;;;;;;;;;;39.00;53.00;37.00;11.00;;;;85.00;87.00;82.00;;;;;;;;;1582.80;1522.50;-399.300;-491.000;;;;;;;;;;;;;2000.100;-425.000;;;;;;;;;;87.00;87.00;88.00;;;;;;;;;70543;;;;;;;;;;;;;;1490.400;;;;;;;;;;;;52.00;38.00;;;;;;;;;;;;;;0;0.00;0.00;;211.00;;3.00;-0.20;-0.80;;2.50;-2.60;;;;1.40;;;;9.60;;;;0.80;9.50;6.70;12.60;1.10;9.90;6.70;13.30;1.00;-2.50;-0.70;0.50;24.00;;;;19.00;;;;30.00;;;;;;;;41.00;;;;;;;;;;;;57.00;;;;;;;;;;;;;;;;;;;;;;;;;;;;;;;;;;;;;;;;;;;;;;;;;;;;;;;;;;;;;;;;;;;;;;;;;;;;;;;;;;;;;;;;;;;;;;;;;;;;;;;;;;;;;;;;;;;;;;;;;;;;;;;;;;;;;;;;;;;;;;;;;;;;;;;;;;;;;;;;;;;;;;;;;;;;;;;;;;;;;;;;;;;;;;;;;;;;;;;;;;;;;;;;;;;;;;55.00;;;;;;;;;;;;;;;;;;;;;;;;;;;;;;;;;;;37.00;37.00;37.00;;;;;;;;;;;;;;46.00;46.00;46.00;;;;10.40;;;;;;;;;;;951.50;1970.60;226.60;0.00;0.00;226.20;;;;;;;;;;;;;;;;;;;;;;2000.10;2000.10;11;1;;;;;;;;;;;;;;;;;;;;;;;;0.00;0;0;0.00;0.00;;;;;99.00;99.00;99.00;;111.00;110.00;111.00;;99.00;99.00;99.00;;;;;;;;;;;;;0;9.70;11.60;7.70;14.90;15.20;14.60;1491;1962;954;209;208;1550.00;;;32732938;11.00;;;;;;23.00
1579066800000;2020-01-15T06:40:00.000+0100;;;;;;;;;1.00;-442.90;386.40;386.10;386.40;1413.00;1405.00;1403.00;-1.60;;;;;-1.60;-1.60;;;;;;;;;1.0;;;;;;;;;;;;;;;;;;;;;;;;;;;;;;;;;;;;;;;;;;;;50.00;;;;;;;;;;;;;;;;;;;;;;;;;;;;;;;;;;;;;;39.00;52.00;37.00;11.00;;;;83.00;85.00;80.00;;;;;;;;;1611.40;1516.00;-400.800;-480.200;;;;;;;;;;;;;2000.100;-433.000;;;;;;;;;;86.00;86.00;87.00;;;;;;;;;70544;;;;;;;;;;;;;;1563.700;;;;;;;;;;;;52.00;38.00;;;;;;;;;;;;;;0;0.00;0.00;;207.00;;3.00;-1.00;-3.70;;0.70;-4.20;;;;1.30;;;;9.80;;;;0.80;9.60;6.60;12.90;1.00;10.00;7.00;14.30;1.10;-2.40;2.60;0.70;24.00;;;;19.00;;;;31.00;;;;;;;;41.00;;;;;;;;;;;;57.00;;;;;;;;;;;;;;;;;;;;;;;;;;;;;;;;;;;;;;;;;;;;;;;;;;;;;;;;;;;;;;;;;;;;;;;;;;;;;;;;;;;;;;;;;;;;;;;;;;;;;;;;;;;;;;;;;;;;;;;;;;;;;;;;;;;;;;;;;;;;;;;;;;;;;;;;;;;;;;;;;;;;;;;;;;;;;;;;;;;;;;;;;;;;;;;;;;;;;;;;;;;;;;;;;;;;;;55.00;;;;;;;;;;;;;;;;;;;;;;;;;;;;;;;;;;;37.00;37.00;37.00;;;;;;;;;;;;;;46.00;46.00;46.00;;;;11.00;;;;;;;;;;;920.70;2000.00;259.90;0.00;0.00;266.00;;;;;;;;;;;;;;;;;;;;;;2000.10;2000.10;11;1;;;;;;;;;;;;;;;;;;;;;;;;0.00;0;0;0.00;0.00;;;;;99.00;99.00;99.00;;110.00;110.00;111.00;;99.00;99.00;99.00;;;;;;;;;;;;;0;9.80;11.60;7.60;14.90;15.50;14.60;1568;2105;945;207;206;1550.30;;;32733198;11.00;;;;;;23.00
1579067400000;2020-01-15T06:50:00.000+0100;;;;;;;;;1.00;-444.60;387.00;386.60;386.90;1456.00;1448.00;1447.00;-1.50;;;;;-1.50;-1.50;;;;;;;;;1.0;;;;;;;;;;;;;;;;;;;;;;;;;;;;;;;;;;;;;;;;;;;;50.00;;;;;;;;;;;;;;;;;;;;;;;;;;;;;;;;;;;;;;39.00;52.00;37.00;11.00;;;;83.00;85.00;79.00;;;;;;;;;1595.90;1524.30;-397.200;-479.600;;;;;;;;;;;;;2000.100;-454.000;;;;;;;;;;86.00;86.00;87.00;;;;;;;;;70544;;;;;;;;;;;;;;1609.600;;;;;;;;;;;;52.00;38.00;;;;;;;;;;;;;;0;0.00;0.00;;206.20;;3.00;0.30;-0.60;;0.60;-2.10;;;;2.60;;;;9.90;;;;0.60;9.70;6.80;13.10;0.90;10.10;7.30;13.20;1.00;-2.30;0.90;0.50;24.00;;;;19.00;;;;32.00;;;;;;;;41.00;;;;;;;;;;;;57.00;;;;;;;;;;;;;;;;;;;;;;;;;;;;;;;;;;;;;;;;;;;;;;;;;;;;;;;;;;;;;;;;;;;;;;;;;;;;;;;;;;;;;;;;;;;;;;;;;;;;;;;;;;;;;;;;;;;;;;;;;;;;;;;;;;;;;;;;;;;;;;;;;;;;;;;;;;;;;;;;;;;;;;;;;;;;;;;;;;;;;;;;;;;;;;;;;;;;;;;;;;;;;;;;;;;;;;55.00;;;;;;;;;;;;;;;;;;;;;;;;;;;;;;;;;;;37.00;37.00;37.00;;;;;;;;;;;;;;46.00;46.00;46.00;;;;11.30;;;;;;;;;;;1148.40;2000.00;211.30;0.00;0.00;227.30;;;;;;;;;;;;;;;;;;;;;;2000.10;2000.10;11;1;;;;;;;;;;;;;;;;;;;;;;;;0.00;0;0;0.00;0.00;;;;;99.00;99.00;99.00;;111.00;110.00;111.00;;99.00;99.00;99.00;;;;;;;;;;;;;0;9.90;11.80;8.30;14.90;15.20;14.60;1621;2110;1156;207;208;1550.30;;;32733470;11.00;;;;;;23.00
1579068000000;2020-01-15T07:00:00.000+0100;;;;;;;;;1.00;-441.00;385.50;385.10;385.40;1435.00;1427.00;1425.00;-1.70;;;;;-1.70;-1.70;;;;;;;;;1.0;;;;;;;;;;;;;;;;;;;;;;;;;;;;;;;;;;;;;;;;;;;;50.00;;;;;;;;;;;;;;;;;;;;;;;;;;;;;;;;;;;;;;39.00;53.00;37.00;11.00;;;;83.00;85.00;80.00;;;;;;;;;1592.30;1518.30;-414.700;-487.300;;;;;;;;;;;;;2000.100;-459.000;;;;;;;;;;86.00;87.00;87.00;;;;;;;;;70544;;;;;;;;;;;;;;1585.300;;;;;;;;;;;;52.00;38.00;;;;;;;;;;;;;;0;0.00;0.00;;208.60;;3.00;0.70;0.60;;0.70;-1.60;;;;2.70;;;;9.80;;;;0.80;9.40;6.70;13.60;1.00;9.80;6.70;12.80;1.10;-2.50;1.20;0.60;24.00;;;;19.00;;;;33.00;;;;;;;;41.00;;;;;;;;;;;;57.00;;;;;;;;;;;;;;;;;;;;;;;;;;;;;;;;;;;;;;;;;;;;;;;;;;;;;;;;;;;;;;;;;;;;;;;;;;;;;;;;;;;;;;;;;;;;;;;;;;;;;;;;;;;;;;;;;;;;;;;;;;;;;;;;;;;;;;;;;;;;;;;;;;;;;;;;;;;;;;;;;;;;;;;;;;;;;;;;;;;;;;;;;;;;;;;;;;;;;;;;;;;;;;;;;;;;;;55.00;;;;;;;;;;;;;;;;;;;;;;;;;;;;;;;;;;;37.00;37.00;37.00;;;;;;;;;;;;;;46.00;46.00;46.00;;;;10.10;;;;;;;;;;;1029.70;2000.00;215.30;0.00;0.00;222.50;;;;;;;;;;;;;;;;;;;;;;2000.10;2000.10;11;1;;;;;;;;;;;;;;;;;;;;;;;;0.00;0;0;0.00;0.00;;;;;99.00;99.00;99.00;;111.00;111.00;111.00;;99.00;99.00;99.00;;;;;;;;;;;;;0;9.60;11.50;7.50;14.90;15.20;14.60;1590;2104;1039;207;208;1550.00;;;32733734;11.00;;;;;;23.00
1579068600000;2020-01-15T07:10:00.000+0100;;;;;;;;;1.00;-457.90;386.10;385.80;386.00;1551.00;1541.00;1541.00;-1.10;;;;;-1.10;-1.10;;;;;;;;;1.0;;;;;;;;;;;;;;;;;;;;;;;;;;;;;;;;;;;;;;;;;;;;50.00;;;;;;;;;;;;;;;;;;;;;;;;;;;;;;;;;;;;;;39.00;53.00;37.00;11.00;;;;82.00;84.00;79.00;;;;;;;;;1622.20;1497.20;-418.200;-539.600;;;;;;;;;;;;;2000.100;-486.000;;;;;;;;;;87.00;87.00;87.00;;;;;;;;;70544;;;;;;;;;;;;;;1712.100;;;;;;;;;;;;52.00;38.00;;;;;;;;;;;;;;0;0.00;0.00;;207.60;;3.00;-1.10;-2.90;;0.90;-3.50;;;;0.90;;;;10.20;;;;0.80;9.90;6.70;14.10;1.00;10.30;6.90;14.60;1.10;-2.40;5.10;1.20;24.00;;;;19.00;;;;34.00;;;;;;;;41.00;;;;;;;;;;;;57.00;;;;;;;;;;;;;;;;;;;;;;;;;;;;;;;;;;;;;;;;;;;;;;;;;;;;;;;;;;;;;;;;;;;;;;;;;;;;;;;;;;;;;;;;;;;;;;;;;;;;;;;;;;;;;;;;;;;;;;;;;;;;;;;;;;;;;;;;;;;;;;;;;;;;;;;;;;;;;;;;;;;;;;;;;;;;;;;;;;;;;;;;;;;;;;;;;;;;;;;;;;;;;;;;;;;;;;55.00;;;;;;;;;;;;;;;;;;;;;;;;;;;;;;;;;;;37.00;37.00;37.00;;;;;;;;;;;;;;46.00;46.00;46.00;;;;15.80;;;;;;;;;;;1082.20;2000.00;241.90;0.00;0.00;257.50;;;;;;;;;;;;;;;;;;;;;;2000.10;2000.10;11;1;;;;;;;;;;;;;;;;;;;;;;;;0.30;0;0;0.00;0.00;;;;;99.00;99.00;100.00;;111.00;110.00;111.00;;99.00;99.00;99.00;;;;;;;;;;;;;0;10.10;12.40;7.90;14.90;15.50;14.30;1726;2112;1092;206;205;1550.90;;;32734022;11.00;;;;;;24.00
1579069200000;2020-01-15T07:20:00.000+0100;;;;;;;;;1.00;-464.60;385.40;385.00;385.30;1572.00;1562.00;1561.00;-0.90;;;;;-0.90;-0.80;;;;;;;;;1.0;;;;;;;;;;;;;;;;;;;;;;;;;;;;;;;;;;;;;;;;;;;;50.00;;;;;;;;;;;;;;;;;;;;;;;;;;;;;;;;;;;;;;39.00;53.00;37.00;12.00;;;;83.00;85.00;80.00;;;;;;;;;1654.40;1488.20;-417.600;-509.400;;;;;;;;;;;;;2000.100;-484.000;;;;;;;;;;88.00;88.00;89.00;;;;;;;;;70544;;;;;;;;;;;;;;1722.600;;;;;;;;;;;;53.00;38.00;;;;;;;;;;;;;;0;0.00;0.00;;203.00;;3.00;1.30;-7.10;;1.30;-0.60;;;;4.10;;;;10.30;;;;0.80;10.00;6.50;13.30;1.10;10.40;6.50;13.90;1.20;-2.40;5.30;1.20;24.00;;;;19.00;;;;34.00;;;;;;;;41.00;;;;;;;;;;;;57.00;;;;;;;;;;;;;;;;;;;;;;;;;;;;;;;;;;;;;;;;;;;;;;;;;;;;;;;;;;;;;;;;;;;;;;;;;;;;;;;;;;;;;;;;;;;;;;;;;;;;;;;;;;;;;;;;;;;;;;;;;;;;;;;;;;;;;;;;;;;;;;;;;;;;;;;;;;;;;;;;;;;;;;;;;;;;;;;;;;;;;;;;;;;;;;;;;;;;;;;;;;;;;;;;;;;;;;55.00;;;;;;;;;;;;;;;;;;;;;;;;;;;;;;;;;;;37.00;37.00;37.00;;;;;;;;;;;;;;46.00;46.00;47.00;;;;20.30;;;;;;;;;;;907.40;2000.00;237.70;0.00;0.00;260.20;;;;;;;;;;;;;;;;;;;;;;2000.10;2000.10;11;1;;;;;;;;;;;;;;;;;;;;;;;;0.30;0;0;0.00;0.00;;;;;99.00;99.00;100.00;;111.00;111.00;111.00;;99.00;99.00;99.00;;;;;;;;;;;;;0;10.20;12.10;7.70;14.90;15.80;14.30;1746;2112;915;202;203;1551.20;;;32734312;11.00;;;;;;24.00
1579069800000;2020-01-15T07:30:00.000+0100;;;;;;;;;1.00;-453.10;384.30;383.90;384.30;1421.00;1412.00;1411.00;-1.30;;;;;-1.30;-1.30;;;;;;;;;1.0;;;;;;;;;;;;;;;;;;;;;;;;;;;;;;;;;;;;;;;;;;;;50.00;;;;;;;;;;;;;;;;;;;;;;;;;;;;;;;;;;;;;;39.00;53.00;37.00;12.00;;;;84.00;86.00;81.00;;;;;;;;;1632.30;1484.90;-407.700;-522.800;;;;;;;;;;;;;2000.100;-451.000;;;;;;;;;;88.00;88.00;89.00;;;;;;;;;70544;;;;;;;;;;;;;;1551.700;;;;;;;;;;;;53.00;38.00;;;;;;;;;;;;;;0;0.00;0.00;;203.80;;3.00;0.80;-1.30;;0.90;-2.00;;;;3.20;;;;9.80;;;;1.10;9.50;4.80;12.80;1.20;9.90;5.30;14.60;1.30;-2.50;4.20;1.20;24.00;;;;19.00;;;;35.00;;;;;;;;41.00;;;;;;;;;;;;57.00;;;;;;;;;;;;;;;;;;;;;;;;;;;;;;;;;;;;;;;;;;;;;;;;;;;;;;;;;;;;;;;;;;;;;;;;;;;;;;;;;;;;;;;;;;;;;;;;;;;;;;;;;;;;;;;;;;;;;;;;;;;;;;;;;;;;;;;;;;;;;;;;;;;;;;;;;;;;;;;;;;;;;;;;;;;;;;;;;;;;;;;;;;;;;;;;;;;;;;;;;;;;;;;;;;;;;;55.00;;;;;;;;;;;;;;;;;;;;;;;;;;;;;;;;;;;37.00;37.00;37.00;;;;;;;;;;;;;;46.00;46.00;47.00;;;;20.90;;;;;;;;;;;756.90;2000.00;343.80;0.00;0.00;355.70;;;;;;;;;;;;;;;;;;;;;;2000.10;2000.10;11;1;;;;;;;;;;;;;;;;;;;;;;;;0.30;0;0;0.00;0.00;;;;;100.00;100.00;100.00;;111.00;111.00;111.00;;99.00;99.00;99.00;;;;;;;;;;;;;0;9.70;12.20;6.60;14.90;15.50;14.30;1561;2110;773;201;202;1546.40;;;32734574;11.00;;;;;;24.00
1579070400000;2020-01-15T07:40:00.000+0100;;;;;;;;;1.00;-447.40;384.80;384.50;384.80;1412.00;1403.00;1402.00;-1.70;;;;;-1.70;-1.70;;;;;;;;;1.0;;;;;;;;;;;;;;;;;;;;;;;;;;;;;;;;;;;;;;;;;;;;50.00;;;;;;;;;;;;;;;;;;;;;;;;;;;;;;;;;;;;;;39.00;53.00;37.00;12.00;;;;83.00;85.00;80.00;;;;;;;;;1584.60;1509.70;-410.900;-503.200;;;;;;;;;;;;;2000.100;-465.000;;;;;;;;;;87.00;87.00;87.00;;;;;;;;;70545;;;;;;;;;;;;;;1547.700;;;;;;;;;;;;53.00;38.00;;;;;;;;;;;;;;0;0.00;0.00;;201.10;;3.00;-0.30;-1.10;;1.10;-2.70;;;;1.90;;;;9.70;;;;0.70;9.60;6.40;13.00;1.00;9.90;6.50;12.70;1.00;-2.40;0.40;0.50;24.00;;;;19.00;;;;32.00;;;;;;;;41.00;;;;;;;;;;;;57.00;;;;;;;;;;;;;;;;;;;;;;;;;;;;;;;;;;;;;;;;;;;;;;;;;;;;;;;;;;;;;;;;;;;;;;;;;;;;;;;;;;;;;;;;;;;;;;;;;;;;;;;;;;;;;;;;;;;;;;;;;;;;;;;;;;;;;;;;;;;;;;;;;;;;;;;;;;;;;;;;;;;;;;;;;;;;;;;;;;;;;;;;;;;;;;;;;;;;;;;;;;;;;;;;;;;;;;55.00;;;;;;;;;;;;;;;;;;;;;;;;;;;;;;;;;;;37.00;37.00;37.00;;;;;;;;;;;;;;46.00;46.00;46.00;;;;11.00;;;;;;;;;;;1038.30;2000.00;210.20;0.00;0.00;227.50;;;;;;;;;;;;;;;;;;;;;;2000.10;2000.10;11;1;;;;;;;;;;;;;;;;;;;;;;;;0.00;0;0;0.00;1.00;;;;;100.00;100.00;100.00;;111.00;111.00;111.00;;99.00;99.00;99.00;;;;;;;;;;;;;0;9.70;11.50;7.60;14.90;15.20;14.60;1558;2106;1054;204;204;1550.00;;;32734832;11.00;;;;;;24.00
1579071000000;2020-01-15T07:50:00.000+0100;;;;;;;;;1.00;-456.00;385.60;385.30;385.60;1536.00;1527.00;1526.00;-1.00;;;;;-1.00;-1.00;;;;;;;;;1.0;;;;;;;;;;;;;;;;;;;;;;;;;;;;;;;;;;;;;;;;;;;;50.00;;;;;;;;;;;;;;;;;;;;;;;;;;;;;;;;;;;;;;39.00;53.00;37.00;12.00;;;;83.00;85.00;80.00;;;;;;;;;1631.40;1482.50;-417.700;-506.400;;;;;;;;;;;;;2000.100;-470.000;;;;;;;;;;87.00;87.00;88.00;;;;;;;;;70545;;;;;;;;;;;;;;1689.500;;;;;;;;;;;;53.00;39.00;;;;;;;;;;;;;;0;0.00;0.00;;203.60;;3.00;1.70;-3.20;;1.30;-1.10;;;;4.30;;;;10.20;;;;0.80;9.80;6.40;14.00;1.10;10.30;6.60;14.30;1.10;-2.40;3.30;1.20;24.00;;;;19.00;;;;30.00;;;;;;;;41.00;;;;;;;;;;;;57.00;;;;;;;;;;;;;;;;;;;;;;;;;;;;;;;;;;;;;;;;;;;;;;;;;;;;;;;;;;;;;;;;;;;;;;;;;;;;;;;;;;;;;;;;;;;;;;;;;;;;;;;;;;;;;;;;;;;;;;;;;;;;;;;;;;;;;;;;;;;;;;;;;;;;;;;;;;;;;;;;;;;;;;;;;;;;;;;;;;;;;;;;;;;;;;;;;;;;;;;;;;;;;;;;;;;;;;55.00;;;;;;;;;;;;;;;;;;;;;;;;;;;;;;;;;;;37.00;37.00;37.00;;;;;;;;;;;;;;46.00;46.00;46.00;;;;19.10;;;;;;;;;;;1156.40;2000.00;228.90;0.00;0.00;250.40;;;;;;;;;;;;;;;;;;;;;;2000.10;2000.10;11;1;;;;;;;;;;;;;;;;;;;;;;;;0.30;0;0;0.00;0.00;;;;;100.00;100.00;100.00;;111.00;111.00;111.00;;99.00;99.00;99.00;;;;;;;;;;;;;0;10.10;12.30;8.10;14.90;15.50;14.30;1708;2115;1176;205;206;1550.60;;;32735116;11.00;;;;;;23.00
1579071600000;2020-01-15T08:00:00.000+0100;;;;;;;;;1.00;-474.40;386.40;386.00;386.20;1652.00;1642.00;1641.00;-0.30;;;;;-0.30;-0.30;;;;;;;;;1.0;;;;;;;;;;;;;;;;;;;;;;;;;;;;;;;;;;;;;;;;;;;;49.90;;;;;;;;;;;;;;;;;;;;;;;;;;;;;;;;;;;;;;39.00;53.00;37.00;12.00;;;;84.00;86.00;81.00;;;;;;;;;1615.90;1482.50;-442.600;-531.100;;;;;;;;;;;;;2000.100;-502.000;;;;;;;;;;88.00;88.00;89.00;;;;;;;;;70545;;;;;;;;;;;;;;1823.700;;;;;;;;;;;;53.00;39.00;;;;;;;;;;;;;;0;0.00;0.00;;205.50;;3.00;1.30;1.30;;0.90;-0.80;;;;3.20;;;;10.70;;;;0.90;10.20;7.00;13.60;1.10;10.60;7.40;14.30;1.10;-2.20;5.40;1.80;24.00;;;;19.00;;;;30.00;;;;;;;;41.00;;;;;;;;;;;;57.00;;;;;;;;;;;;;;;;;;;;;;;;;;;;;;;;;;;;;;;;;;;;;;;;;;;;;;;;;;;;;;;;;;;;;;;;;;;;;;;;;;;;;;;;;;;;;;;;;;;;;;;;;;;;;;;;;;;;;;;;;;;;;;;;;;;;;;;;;;;;;;;;;;;;;;;;;;;;;;;;;;;;;;;;;;;;;;;;;;;;;;;;;;;;;;;;;;;;;;;;;;;;;;;;;;;;;;55.00;;;;;;;;;;;;;;;;;;;;;;;;;;;;;;;;;;;37.00;37.00;37.00;;;;;;;;;;;;;;47.00;46.00;47.00;;;;20.90;;;;;;;;;;;1126.90;2000.00;198.60;0.00;0.00;213.20;;;;;;;;;;;;;;;;;;;;;;2000.10;2000.10;11;1;;;;;;;;;;;;;;;;;;;;;;;;0.30;0;0;0.00;0.00;;;;;100.00;100.00;100.00;;111.00;111.00;111.00;;99.00;99.00;99.00;;;;;;;;;;;;;0;10.40;13.00;8.00;14.90;15.50;14.30;1844;2107;1140;206;207;1551.50;;;32735424;11.00;;;;;;23.00
1579072200000;2020-01-15T08:10:00.000+0100;;;;;;;;;1.00;-466.40;385.50;385.10;385.40;1594.00;1585.00;1584.00;-0.80;;;;;-0.80;-0.80;;;;;;;;;1.0;;;;;;;;;;;;;;;;;;;;;;;;;;;;;;;;;;;;;;;;;;;;50.00;;;;;;;;;;;;;;;;;;;;;;;;;;;;;;;;;;;;;;39.00;53.00;37.00;12.00;;;;85.00;87.00;82.00;;;;;;;;;1669.90;1492.10;-393.500;-502.900;;;;;;;;;;;;;2000.100;-466.000;;;;;;;;;;89.00;89.00;90.00;;;;;;;;;70545;;;;;;;;;;;;;;1757.100;;;;;;;;;;;;53.00;39.00;;;;;;;;;;;;;;0;0.00;0.00;;205.80;;3.00;1.20;-1.30;;0.70;-1.70;;;;3.50;;;;10.40;;;;0.70;9.90;6.90;12.70;1.00;10.40;5.80;14.00;1.10;-2.00;6.50;1.50;24.00;;;;19.00;;;;31.00;;;;;;;;42.00;;;;;;;;;;;;57.00;;;;;;;;;;;;;;;;;;;;;;;;;;;;;;;;;;;;;;;;;;;;;;;;;;;;;;;;;;;;;;;;;;;;;;;;;;;;;;;;;;;;;;;;;;;;;;;;;;;;;;;;;;;;;;;;;;;;;;;;;;;;;;;;;;;;;;;;;;;;;;;;;;;;;;;;;;;;;;;;;;;;;;;;;;;;;;;;;;;;;;;;;;;;;;;;;;;;;;;;;;;;;;;;;;;;;;55.00;;;;;;;;;;;;;;;;;;;;;;;;;;;;;;;;;;;37.00;37.00;37.00;;;;;;;;;;;;;;47.00;46.00;47.00;;;;19.70;;;;;;;;;;;1080.60;2000.00;191.70;0.00;0.00;209.50;;;;;;;;;;;;;;;;;;;;;;2000.10;2000.10;11;1;;;;;;;;;;;;;;;;;;;;;;;;0.30;0;0;0.00;0.00;;;;;100.00;100.00;100.00;;111.00;111.00;111.00;;99.00;99.00;99.00;;;;;;;;;;;;;0;10.10;12.00;8.40;14.90;16.10;14.30;1774;2112;1084;207;209;1550.00;;;32735720;11.00;;;;;;23.00
1579072800000;2020-01-15T08:20:00.000+0100;;;;;;;;;1.00;-461.10;384.90;384.70;384.90;1557.00;1546.00;1547.00;-1.30;;;;;-1.30;-1.30;;;;;;;;;1.0;;;;;;;;;;;;;;;;;;;;;;;;;;;;;;;;;;;;;;;;;;;;50.00;;;;;;;;;;;;;;;;;;;;;;;;;;;;;;;;;;;;;;39.00;53.00;37.00;12.00;;;;86.00;88.00;83.00;;;;;;;;;1616.80;1484.00;-412.700;-502.300;;;;;;;;;;;;;2000.100;-454.000;;;;;;;;;;89.00;89.00;90.00;;;;;;;;;70545;;;;;;;;;;;;;;1702.000;;;;;;;;;;;;53.00;39.00;;;;;;;;;;;;;;0;0.00;0.00;;207.60;;3.00;1.70;-3.40;;1.20;-0.60;;;;3.60;;;;10.20;;;;0.60;9.90;6.60;13.40;0.90;10.30;6.70;13.70;1.00;-2.20;3.30;0.70;24.00;;;;19.00;;;;32.00;;;;;;;;41.00;;;;;;;;;;;;57.00;;;;;;;;;;;;;;;;;;;;;;;;;;;;;;;;;;;;;;;;;;;;;;;;;;;;;;;;;;;;;;;;;;;;;;;;;;;;;;;;;;;;;;;;;;;;;;;;;;;;;;;;;;;;;;;;;;;;;;;;;;;;;;;;;;;;;;;;;;;;;;;;;;;;;;;;;;;;;;;;;;;;;;;;;;;;;;;;;;;;;;;;;;;;;;;;;;;;;;;;;;;;;;;;;;;;;;55.00;;;;;;;;;;;;;;;;;;;;;;;;;;;;;;;;;;;37.00;37.00;37.00;;;;;;;;;;;;;;47.00;47.00;47.00;;;;17.00;;;;;;;;;;;1025.30;2000.00;196.80;0.00;0.00;225.20;;;;;;;;;;;;;;;;;;;;;;2000.10;2000.10;11;1;;;;;;;;;;;;;;;;;;;;;;;;0.30;0;0;0.00;0.00;;;;;100.00;100.00;100.00;;111.00;111.00;111.00;;100.00;99.00;100.00;;;;;;;;;;;;;0;10.10;11.50;8.20;14.90;15.50;14.30;1728;2114;1040;210;211;1550.30;;;32736010;11.00;;;;;;24.00
1579073400000;2020-01-15T08:30:00.000+0100;;;;;;;;;0.90;-456.60;386.10;385.80;386.10;1339.00;1331.00;1330.00;-1.80;;;;;-1.80;-1.80;;;;;;;;;1.0;;;;;;;;;;;;;;;;;;;;;;;;;;;;;;;;;;;;;;;;;;;;50.00;;;;;;;;;;;;;;;;;;;;;;;;;;;;;;;;;;;;;;39.00;53.00;37.00;12.00;;;;86.00;88.00;82.00;;;;;;;;;1613.80;1506.10;-421.200;-491.300;;;;;;;;;;;;;2000.100;-463.000;;;;;;;;;;88.00;88.00;89.00;;;;;;;;;70545;;;;;;;;;;;;;;1461.700;;;;;;;;;;;;53.00;39.00;;;;;;;;;;;;;;0;0.00;0.00;;212.00;;3.00;-1.90;-6.40;;0.70;-3.70;;;;0.70;;;;9.50;;;;0.80;9.30;6.10;12.40;1.00;9.60;6.30;12.70;1.10;-2.50;3.30;0.80;24.00;;;;19.00;;;;33.00;;;;;;;;41.00;;;;;;;;;;;;57.00;;;;;;;;;;;;;;;;;;;;;;;;;;;;;;;;;;;;;;;;;;;;;;;;;;;;;;;;;;;;;;;;;;;;;;;;;;;;;;;;;;;;;;;;;;;;;;;;;;;;;;;;;;;;;;;;;;;;;;;;;;;;;;;;;;;;;;;;;;;;;;;;;;;;;;;;;;;;;;;;;;;;;;;;;;;;;;;;;;;;;;;;;;;;;;;;;;;;;;;;;;;;;;;;;;;;;;55.00;;;;;;;;;;;;;;;;;;;;;;;;;;;;;;;;;;;37.00;37.00;37.00;;;;;;;;;;;;;;47.00;46.00;47.00;;;;13.10;;;;;;;;;;;811.50;2000.00;279.70;0.00;0.00;294.60;;;;;;;;;;;;;;;;;;;;;;2000.10;2000.10;11;1;;;;;;;;;;;;;;;;;;;;;;;;0.00;0;0;0.00;0.00;;;;;100.00;100.00;100.00;;111.00;111.00;111.00;;100.00;100.00;100.00;;;;;;;;;;;;;0;9.40;11.20;7.10;14.90;15.50;14.30;1471;2105;821;212;210;1550.30;;;32736254;11.00;;;;;;24.00
1579074000000;2020-01-15T08:40:00.000+0100;;;;;;;;;1.00;-467.80;387.80;387.40;387.60;1500.00;1492.00;1491.00;-1.50;;;;;-1.50;-1.50;;;;;;;;;1.0;;;;;;;;;;;;;;;;;;;;;;;;;;;;;;;;;;;;;;;;;;;;50.00;;;;;;;;;;;;;;;;;;;;;;;;;;;;;;;;;;;;;;39.00;53.00;37.00;12.00;;;;85.00;86.00;81.00;;;;;;;;;1587.90;1516.80;-419.600;-517.700;;;;;;;;;;;;;2000.100;-431.000;;;;;;;;;;87.00;87.00;88.00;;;;;;;;;70546;;;;;;;;;;;;;;1661.600;;;;;;;;;;;;53.00;39.00;;;;;;;;;;;;;;0;0.00;0.00;;208.60;;3.00;-0.40;-4.20;;1.00;-3.50;;;;1.70;;;;10.00;;;;0.70;9.70;6.60;13.30;1.00;10.10;7.00;14.70;1.00;-2.50;1.70;0.60;24.00;;;;19.00;;;;34.00;;;;;;;;41.00;;;;;;;;;;;;57.00;;;;;;;;;;;;;;;;;;;;;;;;;;;;;;;;;;;;;;;;;;;;;;;;;;;;;;;;;;;;;;;;;;;;;;;;;;;;;;;;;;;;;;;;;;;;;;;;;;;;;;;;;;;;;;;;;;;;;;;;;;;;;;;;;;;;;;;;;;;;;;;;;;;;;;;;;;;;;;;;;;;;;;;;;;;;;;;;;;;;;;;;;;;;;;;;;;;;;;;;;;;;;;;;;;;;;;55.00;;;;;;;;;;;;;;;;;;;;;;;;;;;;;;;;;;;37.00;37.00;37.00;;;;;;;;;;;;;;46.00;46.00;47.00;;;;10.70;;;;;;;;;;;1118.00;2000.00;200.30;0.00;0.00;214.10;;;;;;;;;;;;;;;;;;;;;;2000.10;2000.10;11;1;;;;;;;;;;;;;;;;;;;;;;;;0.00;0;0;0.00;0.00;;;;;100.00;100.00;100.00;;111.00;111.00;111.00;;100.00;100.00;100.00;;;;;;;;;;;;;0;9.90;12.60;7.70;14.90;15.20;14.60;1672;2111;1125;210;209;1550.30;;;32736532;11.00;;;;;;24.00
1579074600000;2020-01-15T08:50:00.000+0100;;;;;;;;;1.00;-469.90;388.30;388.00;388.20;1597.00;1589.00;1586.00;-0.70;;;;;-0.70;-0.70;;;;;;;;;1.0;;;;;;;;;;;;;;;;;;;;;;;;;;;;;;;;;;;;;;;;;;;;50.00;;;;;;;;;;;;;;;;;;;;;;;;;;;;;;;;;;;;;;39.00;53.00;37.00;12.00;;;;85.00;87.00;82.00;;;;;;;;;1628.50;1490.00;-429.200;-504.200;;;;;;;;;;;;;2000.100;-468.000;;;;;;;;;;88.00;88.00;89.00;;;;;;;;;70546;;;;;;;;;;;;;;1764.500;;;;;;;;;;;;53.00;39.00;;;;;;;;;;;;;;0;0.00;0.00;;210.00;;3.00;-1.10;-2.40;;0.40;-3.40;;;;1.40;;;;10.40;;;;0.80;10.10;7.10;13.70;1.10;10.50;6.40;13.50;1.10;-2.20;4.40;1.40;25.00;;;;19.00;;;;35.00;;;;;;;;41.00;;;;;;;;;;;;57.00;;;;;;;;;;;;;;;;;;;;;;;;;;;;;;;;;;;;;;;;;;;;;;;;;;;;;;;;;;;;;;;;;;;;;;;;;;;;;;;;;;;;;;;;;;;;;;;;;;;;;;;;;;;;;;;;;;;;;;;;;;;;;;;;;;;;;;;;;;;;;;;;;;;;;;;;;;;;;;;;;;;;;;;;;;;;;;;;;;;;;;;;;;;;;;;;;;;;;;;;;;;;;;;;;;;;;;55.00;;;;;;;;;;;;;;;;;;;;;;;;;;;;;;;;;;;37.00;37.00;37.00;;;;;;;;;;;;;;47.00;46.00;47.00;;;;20.30;;;;;;;;;;;1215.80;2000.00;206.10;0.00;0.00;229.10;;;;;;;;;;;;;;;;;;;;;;2000.10;2000.10;11;1;;;;;;;;;;;;;;;;;;;;;;;;0.30;0;0;0.00;0.00;;;;;100.00;100.00;100.00;;111.00;111.00;111.00;;100.00;100.00;100.00;;;;;;;;;;;;;0;10.30;12.50;8.30;14.90;15.50;14.30;1790;2112;1220;210;209;1551.20;;;32736830;11.00;;;;;;24.00
1579075200000;2020-01-15T09:00:00.000+0100;;;;;;;;;1.00;-464.60;387.80;387.60;387.80;1537.00;1528.00;1528.00;-0.90;;;;;-0.90;-0.90;;;;;;;;;1.0;;;;;;;;;;;;;;;;;;;;;;;;;;;;;;;;;;;;;;;;;;;;50.00;;;;;;;;;;;;;;;;;;;;;;;;;;;;;;;;;;;;;;39.00;53.00;37.00;12.00;;;;85.00;87.00;82.00;;;;;;;;;1647.60;1480.10;-409.300;-515.400;;;;;;;;;;;;;2000.100;-462.000;;;;;;;;;;88.00;88.00;89.00;;;;;;;;;70546;;;;;;;;;;;;;;1699.500;;;;;;;;;;;;53.00;39.00;;;;;;;;;;;;;;0;0.00;0.00;;207.20;;3.00;-0.80;-6.80;;1.00;-2.70;;;;1.80;;;;10.20;;;;0.80;10.00;6.80;13.60;1.10;10.30;6.40;13.20;1.10;-2.40;5.70;1.40;25.00;;;;19.00;;;;34.00;;;;;;;;41.00;;;;;;;;;;;;57.00;;;;;;;;;;;;;;;;;;;;;;;;;;;;;;;;;;;;;;;;;;;;;;;;;;;;;;;;;;;;;;;;;;;;;;;;;;;;;;;;;;;;;;;;;;;;;;;;;;;;;;;;;;;;;;;;;;;;;;;;;;;;;;;;;;;;;;;;;;;;;;;;;;;;;;;;;;;;;;;;;;;;;;;;;;;;;;;;;;;;;;;;;;;;;;;;;;;;;;;;;;;;;;;;;;;;;;55.00;;;;;;;;;;;;;;;;;;;;;;;;;;;;;;;;;;;37.00;37.00;37.00;;;;;;;;;;;;;;47.00;46.00;47.00;;;;20.00;;;;;;;;;;;974.00;2000.00;228.40;0.00;0.00;246.20;;;;;;;;;;;;;;;;;;;;;;2000.10;2000.10;11;1;;;;;;;;;;;;;;;;;;;;;;;;0.30;0;0;0.00;0.00;;;;;100.00;100.00;100.00;;111.00;111.00;112.00;;100.00;100.00;100.00;;;;;;;;;;;;;0;10.20;12.30;8.00;14.90;15.80;14.30;1716;2117;988;208;207;1550.30;;;32737116;11.00;;;;;;24.00
1579075800000;2020-01-15T09:10:00.000+0100;;;;;;;;;1.00;-463.00;388.00;387.70;388.00;1502.00;1494.00;1493.00;-1.20;;;;;-1.20;-1.20;;;;;;;;;1.0;;;;;;;;;;;;;;;;;;;;;;;;;;;;;;;;;;;;;;;;;;;;50.00;;;;;;;;;;;;;;;;;;;;;;;;;;;;;;;;;;;;;;39.00;53.00;37.00;12.00;;;;86.00;88.00;83.00;;;;;;;;;1650.20;1484.30;-408.200;-512.600;;;;;;;;;;;;;2000.100;-461.000;;;;;;;;;;89.00;88.00;89.00;;;;;;;;;70546;;;;;;;;;;;;;;1667.400;;;;;;;;;;;;53.00;39.00;;;;;;;;;;;;;;0;0.00;0.00;;205.90;;3.00;0.10;-4.50;;1.00;-2.00;;;;1.80;;;;10.10;;;;0.70;9.80;7.10;12.70;1.00;10.20;7.30;14.20;1.00;-2.30;5.40;1.20;25.00;;;;19.00;;;;31.00;;;;;;;;41.00;;;;;;;;;;;;57.00;;;;;;;;;;;;;;;;;;;;;;;;;;;;;;;;;;;;;;;;;;;;;;;;;;;;;;;;;;;;;;;;;;;;;;;;;;;;;;;;;;;;;;;;;;;;;;;;;;;;;;;;;;;;;;;;;;;;;;;;;;;;;;;;;;;;;;;;;;;;;;;;;;;;;;;;;;;;;;;;;;;;;;;;;;;;;;;;;;;;;;;;;;;;;;;;;;;;;;;;;;;;;;;;;;;;;;55.00;;;;;;;;;;;;;;;;;;;;;;;;;;;;;;;;;;;37.00;37.00;37.00;;;;;;;;;;;;;;47.00;47.00;47.00;;;;16.40;;;;;;;;;;;1123.70;2000.00;208.30;0.00;0.00;221.60;;;;;;;;;;;;;;;;;;;;;;2000.10;2000.10;11;1;;;;;;;;;;;;;;;;;;;;;;;;0.30;0;0;0.00;0.00;;;;;100.00;100.00;101.00;;112.00;112.00;112.00;;100.00;100.00;100.00;;;;;;;;;;;;;0;10.00;12.00;8.30;14.90;15.80;14.30;1677;2109;1139;205;205;1549.70;;;32737396;11.00;;;;;;24.00
1579076400000;2020-01-15T09:20:00.000+0100;;;;;;;;;1.00;-455.90;387.20;386.90;387.20;1465.00;1457.00;1456.00;-1.10;;;;;-1.10;-1.10;;;;;;;;;1.0;;;;;;;;;;;;;;;;;;;;;;;;;;;;;;;;;;;;;;;;;;;;50.00;;;;;;;;;;;;;;;;;;;;;;;;;;;;;;;;;;;;;;39.00;53.00;37.00;12.00;;;;86.00;88.00;82.00;;;;;;;;;1615.00;1490.90;-418.300;-490.000;;;;;;;;;;;;;2000.100;-455.000;;;;;;;;;;88.00;88.00;89.00;;;;;;;;;70546;;;;;;;;;;;;;;1616.400;;;;;;;;;;;;53.00;39.00;;;;;;;;;;;;;;0;0.00;0.00;;203.60;;3.00;-2.10;-6.30;;0.70;-4.50;;;;0.40;;;;10.00;;;;0.90;9.80;6.80;13.70;1.10;10.20;6.30;14.00;1.20;-2.40;5.00;1.30;25.00;;;;19.00;;;;30.00;;;;;;;;41.00;;;;;;;;;;;;57.00;;;;;;;;;;;;;;;;;;;;;;;;;;;;;;;;;;;;;;;;;;;;;;;;;;;;;;;;;;;;;;;;;;;;;;;;;;;;;;;;;;;;;;;;;;;;;;;;;;;;;;;;;;;;;;;;;;;;;;;;;;;;;;;;;;;;;;;;;;;;;;;;;;;;;;;;;;;;;;;;;;;;;;;;;;;;;;;;;;;;;;;;;;;;;;;;;;;;;;;;;;;;;;;;;;;;;;55.00;;;;;;;;;;;;;;;;;;;;;;;;;;;;;;;;;;;37.00;37.00;37.00;;;;;;;;;;;;;;47.00;46.00;47.00;;;;17.30;;;;;;;;;;;957.80;2000.00;267.40;0.00;0.00;284.00;;;;;;;;;;;;;;;;;;;;;;2000.10;2000.10;11;1;;;;;;;;;;;;;;;;;;;;;;;;0.30;0;0;0.00;0.00;;;;;100.00;100.00;101.00;;112.00;112.00;112.00;;100.00;100.00;100.00;;;;;;;;;;;;;0;10.00;11.90;7.60;14.90;15.50;14.30;1630;2112;965;205;202;1550.30;;;32737668;11.00;;;;;;24.00
1579077000000;2020-01-15T09:30:00.000+0100;;;;;;;;;1.00;-461.30;387.30;387.10;387.30;1573.00;1563.00;1562.00;-0.60;;;;;-0.60;-0.60;;;;;;;;;1.0;;;;;;;;;;;;;;;;;;;;;;;;;;;;;;;;;;;;;;;;;;;;50.00;;;;;;;;;;;;;;;;;;;;;;;;;;;;;;;;;;;;;;39.00;53.00;37.00;12.00;;;;85.00;87.00;82.00;;;;;;;;;1653.20;1485.50;-409.900;-496.600;;;;;;;;;;;;;1998.300;-463.000;;;;;;;;;;88.00;88.00;89.00;;;;;;;;;70546;;;;;;;;;;;;;;1746.900;;;;;;;;;;;;53.00;39.00;;;;;;;;;;;;;;0;0.00;0.00;;198.20;;3.00;-0.80;-3.80;;1.70;-2.70;;;;1.60;;;;10.40;;;;0.80;10.10;6.00;13.00;1.10;10.40;7.20;13.70;1.10;-2.40;6.40;1.80;25.00;;;;19.00;;;;31.00;;;;;;;;41.00;;;;;;;;;;;;57.00;;;;;;;;;;;;;;;;;;;;;;;;;;;;;;;;;;;;;;;;;;;;;;;;;;;;;;;;;;;;;;;;;;;;;;;;;;;;;;;;;;;;;;;;;;;;;;;;;;;;;;;;;;;;;;;;;;;;;;;;;;;;;;;;;;;;;;;;;;;;;;;;;;;;;;;;;;;;;;;;;;;;;;;;;;;;;;;;;;;;;;;;;;;;;;;;;;;;;;;;;;;;;;;;;;;;;;55.00;;;;;;;;;;;;;;;;;;;;;;;;;;;;;;;;;;;37.00;37.00;37.00;;;;;;;;;;;;;;47.00;46.00;47.00;;;;19.40;;;;;;;;;;;1093.60;2000.00;214.20;34.00;6.00;226.10;;;;;;;;;;;;;;;;;;;;;;1812.00;2000.10;11;1;;;;;;;;;;;;;;;;;;;;;;;;0.30;0;0;0.00;0.00;;;;;101.00;101.00;101.00;;112.00;112.00;112.00;;100.00;100.00;100.00;;;;;;;;;;;;;0;10.30;12.20;7.50;14.90;15.80;14.30;1759;2110;1117;203;202;1550.30;;;32737962;11.00;;;;;;24.00
1579077600000;2020-01-15T09:40:00.000+0100;;;;;;;;;0.90;-447.70;386.80;386.60;387.00;1308.00;1300.00;1299.00;-1.80;;;;;-1.80;-1.80;;;;;;;;;1.0;;;;;;;;;;;;;;;;;;;;;;;;;;;;;;;;;;;;;;;;;;;;50.00;;;;;;;;;;;;;;;;;;;;;;;;;;;;;;;;;;;;;;39.00;53.00;37.00;12.00;;;;85.00;87.00;82.00;;;;;;;;;1596.20;1482.20;-411.800;-490.300;;;;;;;;;;;;;2000.100;-434.000;;;;;;;;;;87.00;87.00;88.00;;;;;;;;;70547;;;;;;;;;;;;;;1436.200;;;;;;;;;;;;53.00;39.00;;;;;;;;;;;;;;0;0.00;0.00;;202.10;;3.00;-1.50;-4.40;;1.10;-3.80;;;;0.40;;;;9.40;;;;1.00;9.10;5.80;12.20;1.10;9.40;5.40;13.10;1.30;-2.50;2.40;0.60;25.00;;;;19.00;;;;32.00;;;;;;;;41.00;;;;;;;;;;;;57.00;;;;;;;;;;;;;;;;;;;;;;;;;;;;;;;;;;;;;;;;;;;;;;;;;;;;;;;;;;;;;;;;;;;;;;;;;;;;;;;;;;;;;;;;;;;;;;;;;;;;;;;;;;;;;;;;;;;;;;;;;;;;;;;;;;;;;;;;;;;;;;;;;;;;;;;;;;;;;;;;;;;;;;;;;;;;;;;;;;;;;;;;;;;;;;;;;;;;;;;;;;;;;;;;;;;;;;55.00;;;;;;;;;;;;;;;;;;;;;;;;;;;;;;;;;;;37.00;37.00;37.00;;;;;;;;;;;;;;47.00;46.00;47.00;;;;14.00;;;;;;;;;;;620.70;2000.00;300.50;0.00;0.00;306.10;;;;;;;;;;;;;;;;;;;;;;2000.10;2000.10;11;1;;;;;;;;;;;;;;;;;;;;;;;;0.00;0;0;0.00;1.00;;;;;101.00;101.00;101.00;;112.00;112.00;112.00;;100.00;100.00;100.00;;;;;;;;;;;;;0;9.30;11.70;6.70;14.90;15.20;14.30;1440;2101;628;203;201;1547.60;;;32738202;11.00;;;;;;24.00
1579078200000;2020-01-15T09:50:00.000+0100;;;;;;;;;1.00;-453.80;386.00;385.90;386.10;1454.00;1444.00;1444.00;-1.40;;;;;-1.40;-1.40;;;;;;;;;1.0;;;;;;;;;;;;;;;;;;;;;;;;;;;;;;;;;;;;;;;;;;;;50.00;;;;;;;;;;;;;;;;;;;;;;;;;;;;;;;;;;;;;;39.00;53.00;37.00;12.00;;;;84.00;86.00;80.00;;;;;;;;;1631.70;1487.60;-396.400;-520.600;;;;;;;;;;;;;2000.100;-443.000;;;;;;;;;;86.00;87.00;87.00;;;;;;;;;70547;;;;;;;;;;;;;;1598.800;;;;;;;;;;;;53.00;39.00;;;;;;;;;;;;;;0;0.00;0.00;;201.60;;3.00;-1.90;-5.50;;0.60;-3.70;;;;-0.20;;;;9.90;;;;0.90;9.60;6.30;13.30;1.10;10.00;6.00;13.90;1.20;-2.40;3.60;1.00;25.00;;;;19.00;;;;33.00;;;;;;;;41.00;;;;;;;;;;;;57.00;;;;;;;;;;;;;;;;;;;;;;;;;;;;;;;;;;;;;;;;;;;;;;;;;;;;;;;;;;;;;;;;;;;;;;;;;;;;;;;;;;;;;;;;;;;;;;;;;;;;;;;;;;;;;;;;;;;;;;;;;;;;;;;;;;;;;;;;;;;;;;;;;;;;;;;;;;;;;;;;;;;;;;;;;;;;;;;;;;;;;;;;;;;;;;;;;;;;;;;;;;;;;;;;;;;;;;55.00;;;;;;;;;;;;;;;;;;;;;;;;;;;;;;;;;;;37.00;37.00;37.00;;;;;;;;;;;;;;46.00;46.00;47.00;;;;17.00;;;;;;;;;;;788.40;2000.00;262.50;0.00;0.00;279.20;;;;;;;;;;;;;;;;;;;;;;2000.10;2000.10;11;1;;;;;;;;;;;;;;;;;;;;;;;;0.30;0;0;0.00;0.00;;;;;101.00;101.00;101.00;;112.00;112.00;112.00;;100.00;100.00;100.00;;;;;;;;;;;;;0;9.80;12.50;7.30;14.90;15.50;14.30;1611;2108;797;201;199;1550.60;;;32738470;11.00;;;;;;24.00
1579078800000;2020-01-15T10:00:00.000+0100;;;;;;;;;0.90;-434.10;385.20;385.00;385.40;1219.00;1212.00;1209.00;-2.00;;;;;-2.00;-2.00;;;;;;;;;1.0;;;;;;;;;;;;;;;;;;;;;;;;;;;;;;;;;;;;;;;;;;;;50.00;;;;;;;;;;;;;;;;;;;;;;;;;;;;;;;;;;;;;;39.00;52.00;37.00;12.00;;;;83.00;85.00;80.00;;;;;;;;;1599.20;1491.50;-396.900;-470.300;;;;;;;;;;;;;2000.100;-428.000;;;;;;;;;;85.00;86.00;86.00;;;;;;;;;70547;;;;;;;;;;;;;;1323.600;;;;;;;;;;;;53.00;39.00;;;;;;;;;;;;;;0;0.00;0.00;;197.60;;3.00;-0.90;-6.00;;1.20;-3.20;;;;1.60;;;;9.10;;;;1.00;8.80;5.50;12.70;1.20;9.10;5.40;13.70;1.20;-2.50;2.40;0.60;25.00;;;;19.00;;;;34.00;;;;;;;;41.00;;;;;;;;;;;;57.00;;;;;;;;;;;;;;;;;;;;;;;;;;;;;;;;;;;;;;;;;;;;;;;;;;;;;;;;;;;;;;;;;;;;;;;;;;;;;;;;;;;;;;;;;;;;;;;;;;;;;;;;;;;;;;;;;;;;;;;;;;;;;;;;;;;;;;;;;;;;;;;;;;;;;;;;;;;;;;;;;;;;;;;;;;;;;;;;;;;;;;;;;;;;;;;;;;;;;;;;;;;;;;;;;;;;;;55.00;;;;;;;;;;;;;;;;;;;;;;;;;;;;;;;;;;;37.00;37.00;37.00;;;;;;;;;;;;;;46.00;46.00;47.00;;;;14.90;;;;;;;;;;;714.90;2000.00;337.00;0.00;0.00;345.10;;;;;;;;;;;;;;;;;;;;;;2000.10;2000.10;11;1;;;;;;;;;;;;;;;;;;;;;;;;0.00;0;0;0.00;0.00;;;;;101.00;101.00;101.00;;112.00;112.00;112.00;;100.00;100.00;100.00;;;;;;;;;;;;;0;9.00;11.80;6.80;14.90;15.20;14.30;1328;2108;725;199;198;1547.30;;;32738692;11.00;;;;;;24.00
1579079400000;2020-01-15T10:10:00.000+0100;;;;;;;;;1.00;-441.80;384.10;383.80;384.30;1301.00;1294.00;1292.00;-1.90;;;;;-1.90;-1.90;;;;;;;;;1.0;;;;;;;;;;;;;;;;;;;;;;;;;;;;;;;;;;;;;;;;;;;;50.00;;;;;;;;;;;;;;;;;;;;;;;;;;;;;;;;;;;;;;39.00;52.00;37.00;12.00;;;;81.00;83.00;78.00;;;;;;;;;1623.70;1469.70;-405.600;-493.600;;;;;;;;;;;;;2000.100;-424.000;;;;;;;;;;84.00;85.00;85.00;;;;;;;;;70547;;;;;;;;;;;;;;1415.200;;;;;;;;;;;;53.00;39.00;;;;;;;;;;;;;;0;0.00;0.00;;198.70;;3.00;-0.10;-1.80;;1.50;-3.00;;;;1.80;;;;9.40;;;;0.80;9.10;6.40;12.20;1.10;9.50;6.60;12.70;1.10;-2.50;3.30;0.70;25.00;;;;19.00;;;;34.00;;;;;;;;41.00;;;;;;;;;;;;57.00;;;;;;;;;;;;;;;;;;;;;;;;;;;;;;;;;;;;;;;;;;;;;;;;;;;;;;;;;;;;;;;;;;;;;;;;;;;;;;;;;;;;;;;;;;;;;;;;;;;;;;;;;;;;;;;;;;;;;;;;;;;;;;;;;;;;;;;;;;;;;;;;;;;;;;;;;;;;;;;;;;;;;;;;;;;;;;;;;;;;;;;;;;;;;;;;;;;;;;;;;;;;;;;;;;;;;;55.00;;;;;;;;;;;;;;;;;;;;;;;;;;;;;;;;;;;37.00;36.00;37.00;;;;;;;;;;;;;;46.00;46.00;46.00;;;;17.30;;;;;;;;;;;788.70;2000.00;269.90;0.00;0.00;285.00;;;;;;;;;;;;;;;;;;;;;;2000.10;2000.10;11;1;;;;;;;;;;;;;;;;;;;;;;;;0.30;0;0;0.00;0.00;;;;;100.00;100.00;101.00;;112.00;112.00;112.00;;100.00;100.00;100.00;;;;;;;;;;;;;0;9.30;11.50;7.20;14.90;15.50;14.00;1424;2112;798;201;201;1549.70;;;32738928;11.00;;;;;;24.00
1579080000000;2020-01-15T10:20:00.000+0100;;;;;;;;;1.00;-453.60;384.40;384.10;384.50;1473.00;1465.00;1463.00;-1.60;;;;;-1.60;-1.60;;;;;;;;;1.0;;;;;;;;;;;;;;;;;;;;;;;;;;;;;;;;;;;;;;;;;;;;50.00;;;;;;;;;;;;;;;;;;;;;;;;;;;;;;;;;;;;;;39.00;52.00;37.00;12.00;;;;80.00;82.00;77.00;;;;;;;;;1602.50;1499.50;-406.300;-505.000;;;;;;;;;;;;;2000.100;-470.000;;;;;;;;;;85.00;85.00;86.00;;;;;;;;;70547;;;;;;;;;;;;;;1612.300;;;;;;;;;;;;53.00;39.00;;;;;;;;;;;;;;0;0.00;0.00;;202.30;;3.00;-0.80;-8.20;;1.10;-3.10;;;;1.40;;;;9.90;;;;0.80;9.50;6.30;13.10;1.00;9.80;7.00;12.70;1.10;-2.50;2.20;0.60;25.00;;;;19.00;;;;34.00;;;;;;;;41.00;;;;;;;;;;;;57.00;;;;;;;;;;;;;;;;;;;;;;;;;;;;;;;;;;;;;;;;;;;;;;;;;;;;;;;;;;;;;;;;;;;;;;;;;;;;;;;;;;;;;;;;;;;;;;;;;;;;;;;;;;;;;;;;;;;;;;;;;;;;;;;;;;;;;;;;;;;;;;;;;;;;;;;;;;;;;;;;;;;;;;;;;;;;;;;;;;;;;;;;;;;;;;;;;;;;;;;;;;;;;;;;;;;;;;55.00;;;;;;;;;;;;;;;;;;;;;;;;;;;;;;;;;;;37.00;36.00;37.00;;;;;;;;;;;;;;46.00;46.00;46.00;;;;13.10;;;;;;;;;;;1008.60;2000.00;257.00;0.00;0.00;275.40;;;;;;;;;;;;;;;;;;;;;;2000.10;2000.10;11;1;;;;;;;;;;;;;;;;;;;;;;;;0.00;0;0;0.00;0.00;;;;;100.00;100.00;100.00;;111.00;111.00;112.00;;100.00;100.00;100.00;;;;;;;;;;;;;0;9.70;11.60;7.50;14.90;15.50;14.30;1627;2111;1035;204;203;1550.60;;;32739200;11.00;;;;;;24.00
1579080600000;2020-01-15T10:30:00.000+0100;;;;;;;;;0.90;-439.80;382.70;382.50;382.90;1112.00;1105.00;1103.00;-2.10;;;;;-2.10;-2.10;;;;;;;;;1.0;;;;;;;;;;;;;;;;;;;;;;;;;;;;;;;;;;;;;;;;;;;;50.00;;;;;;;;;;;;;;;;;;;;;;;;;;;;;;;;;;;;;;39.00;52.00;36.00;12.00;;;;80.00;82.00;77.00;;;;;;;;;1620.40;1447.60;-391.900;-504.300;;;;;;;;;;;;;2000.100;-439.000;;;;;;;;;;84.00;84.00;85.00;;;;;;;;;70547;;;;;;;;;;;;;;1184.200;;;;;;;;;;;;53.00;39.00;;;;;;;;;;;;;;0;0.00;0.00;;202.90;;3.00;0.20;-0.80;;1.30;-2.40;;;;1.80;;;;8.80;;;;0.90;8.50;5.50;13.10;1.10;8.80;5.60;15.10;1.10;-2.50;1.90;0.50;25.00;;;;19.00;;;;32.00;;;;;;;;41.00;;;;;;;;;;;;57.00;;;;;;;;;;;;;;;;;;;;;;;;;;;;;;;;;;;;;;;;;;;;;;;;;;;;;;;;;;;;;;;;;;;;;;;;;;;;;;;;;;;;;;;;;;;;;;;;;;;;;;;;;;;;;;;;;;;;;;;;;;;;;;;;;;;;;;;;;;;;;;;;;;;;;;;;;;;;;;;;;;;;;;;;;;;;;;;;;;;;;;;;;;;;;;;;;;;;;;;;;;;;;;;;;;;;;;55.00;;;;;;;;;;;;;;;;;;;;;;;;;;;;;;;;;;;37.00;36.00;37.00;;;;;;;;;;;;;;46.00;46.00;46.00;;;;20.90;;;;;;;;;;;496.50;2000.00;265.90;0.00;0.00;274.80;;;;;;;;;;;;;;;;;;;;;;2000.10;2000.10;11;1;;;;;;;;;;;;;;;;;;;;;;;;0.30;0;0;0.00;0.00;;;;;100.00;100.00;100.00;;111.00;111.00;112.00;;100.00;100.00;100.00;;;;;;;;;;;;;0;8.70;12.40;6.60;14.90;15.50;14.00;1188;2113;506;205;205;1543.10;;;32739398;11.00;;;;;;24.00
1579081200000;2020-01-15T10:40:00.000+0100;;;;;;;;;0.90;-412.60;381.40;381.20;381.70;1034.00;1026.00;1024.00;-2.20;;;;;-2.20;-2.20;;;;;;;;;1.0;;;;;;;;;;;;;;;;;;;;;;;;;;;;;;;;;;;;;;;;;;;;50.00;;;;;;;;;;;;;;;;;;;;;;;;;;;;;;;;;;;;;;39.00;52.00;36.00;12.00;;;;77.00;80.00;75.00;;;;;;;;;1591.50;1381.10;-369.900;-457.200;;;;;;;;;;;;;2000.100;-400.000;;;;;;;;;;82.00;82.00;83.00;;;;;;;;;70548;;;;;;;;;;;;;;1096.400;;;;;;;;;;;;53.00;39.00;;;;;;;;;;;;;;0;0.00;0.00;;203.10;;3.00;-0.30;-10.70;;1.50;-2.60;;;;2.40;;;;8.50;;;;0.90;8.20;5.20;11.90;1.10;8.50;4.90;11.90;1.10;-2.50;-1.30;0.20;25.00;;;;19.00;;;;30.00;;;;;;;;41.00;;;;;;;;;;;;56.00;;;;;;;;;;;;;;;;;;;;;;;;;;;;;;;;;;;;;;;;;;;;;;;;;;;;;;;;;;;;;;;;;;;;;;;;;;;;;;;;;;;;;;;;;;;;;;;;;;;;;;;;;;;;;;;;;;;;;;;;;;;;;;;;;;;;;;;;;;;;;;;;;;;;;;;;;;;;;;;;;;;;;;;;;;;;;;;;;;;;;;;;;;;;;;;;;;;;;;;;;;;;;;;;;;;;;;54.00;;;;;;;;;;;;;;;;;;;;;;;;;;;;;;;;;;;37.00;36.00;37.00;;;;;;;;;;;;;;46.00;46.00;46.00;;;;37.00;;;;;;;;;;;595.30;1976.00;282.40;0.00;0.00;283.00;;;;;;;;;;;;;;;;;;;;;;2000.10;2000.10;11;1;;;;;;;;;;;;;;;;;;;;;;;;0.30;0;0;0.00;0.00;;;;;100.00;100.00;100.00;;111.00;111.00;111.00;;100.00;99.00;100.00;;;;;;;;;;;;;0;8.40;11.00;6.40;14.60;15.20;13.10;1097;2000;599;200;200;1530.00;;;32739578;11.00;;;;;;24.00
1579081800000;2020-01-15T10:50:00.000+0100;;;;;;;;;0.90;-395.50;382.10;382.00;382.50;835.00;829.00;828.00;-2.20;;;;;-2.20;-2.20;;;;;;;;;1.0;;;;;;;;;;;;;;;;;;;;;;;;;;;;;;;;;;;;;;;;;;;;50.00;;;;;;;;;;;;;;;;;;;;;;;;;;;;;;;;;;;;;;39.00;51.00;36.00;12.00;;;;74.00;77.00;72.00;;;;;;;;;1560.10;1251.60;-365.800;-421.500;;;;;;;;;;;;;2000.100;-407.000;;;;;;;;;;79.00;80.00;80.00;;;;;;;;;70548;;;;;;;;;;;;;;861.200;;;;;;;;;;;;53.00;38.00;;;;;;;;;;;;;;0;0.00;0.00;;198.00;;3.00;0.40;0.00;;1.60;-2.30;;;;3.40;;;;7.90;;;;0.80;7.60;4.40;12.60;1.00;8.00;4.20;11.50;1.10;-2.40;-1.80;0.10;25.00;;;;20.00;;;;31.00;;;;;;;;41.00;;;;;;;;;;;;56.00;;;;;;;;;;;;;;;;;;;;;;;;;;;;;;;;;;;;;;;;;;;;;;;;;;;;;;;;;;;;;;;;;;;;;;;;;;;;;;;;;;;;;;;;;;;;;;;;;;;;;;;;;;;;;;;;;;;;;;;;;;;;;;;;;;;;;;;;;;;;;;;;;;;;;;;;;;;;;;;;;;;;;;;;;;;;;;;;;;;;;;;;;;;;;;;;;;;;;;;;;;;;;;;;;;;;;;54.00;;;;;;;;;;;;;;;;;;;;;;;;;;;;;;;;;;;36.00;36.00;37.00;;;;;;;;;;;;;;46.00;45.00;46.00;;;;71.90;;;;;;;;;;;327.00;1354.20;193.70;0.00;0.00;193.50;;;;;;;;;;;;;;;;;;;;;;2000.10;2000.10;11;1;;;;;;;;;;;;;;;;;;;;;;;;0.60;0;0;0.00;0.00;;;;;100.00;100.00;100.00;;111.00;111.00;111.00;;99.00;99.00;99.00;;;;;;;;;;;;;0;7.80;10.20;5.10;14.30;14.90;11.90;861;1349;327;196;197;1488.50;;;32739724;11.00;;;;;;24.00
1579082400000;2020-01-15T11:00:00.000+0100;;;;;;;;;0.90;-413.20;385.00;384.80;385.30;998.00;992.00;989.00;-2.20;;;;;-2.20;-2.20;;;;;;;;;1.0;;;;;;;;;;;;;;;;;;;;;;;;;;;;;;;;;;;;;;;;;;;;50.00;;;;;;;;;;;;;;;;;;;;;;;;;;;;;;;;;;;;;;39.00;51.00;36.00;12.00;;;;71.00;74.00;69.00;;;;;;;;;1601.90;1286.20;-385.700;-455.200;;;;;;;;;;;;;2000.100;-403.000;;;;;;;;;;78.00;79.00;79.00;;;;;;;;;70548;;;;;;;;;;;;;;1061.800;;;;;;;;;;;;53.00;38.00;;;;;;;;;;;;;;0;0.00;0.00;;195.20;;3.00;0.50;-4.20;;1.40;-1.70;;;;2.90;;;;8.40;;;;1.00;8.10;5.00;11.70;1.10;8.50;4.60;13.40;1.20;-2.40;-1.70;0.10;25.00;;;;20.00;;;;32.00;;;;;;;;40.00;;;;;;;;;;;;56.00;;;;;;;;;;;;;;;;;;;;;;;;;;;;;;;;;;;;;;;;;;;;;;;;;;;;;;;;;;;;;;;;;;;;;;;;;;;;;;;;;;;;;;;;;;;;;;;;;;;;;;;;;;;;;;;;;;;;;;;;;;;;;;;;;;;;;;;;;;;;;;;;;;;;;;;;;;;;;;;;;;;;;;;;;;;;;;;;;;;;;;;;;;;;;;;;;;;;;;;;;;;;;;;;;;;;;;54.00;;;;;;;;;;;;;;;;;;;;;;;;;;;;;;;;;;;36.00;36.00;37.00;;;;;;;;;;;;;;45.00;45.00;45.00;;;;51.60;;;;;;;;;;;551.90;1979.10;250.60;0.00;0.00;261.80;;;;;;;;;;;;;;;;;;;;;;2000.10;2000.10;11;1;;;;;;;;;;;;;;;;;;;;;;;;0.60;0;0;0.00;0.00;;;;;99.00;99.00;100.00;;110.00;110.00;111.00;;99.00;99.00;99.00;;;;;;;;;;;;;0;8.30;11.00;5.70;14.60;15.50;12.20;1066;2108;561;198;199;1526.70;;;32739900;11.00;;;;;;24.00
1579083000000;2020-01-15T11:10:00.000+0100;;;;;;;;;0.90;-422.70;383.20;383.10;383.40;1168.00;1161.00;1159.00;-2.00;;;;;-2.00;-2.00;;;;;;;;;1.0;;;;;;;;;;;;;;;;;;;;;;;;;;;;;;;;;;;;;;;;;;;;50.00;;;;;;;;;;;;;;;;;;;;;;;;;;;;;;;;;;;;;;39.00;51.00;36.00;12.00;;;;70.00;72.00;67.00;;;;;;;;;1581.30;1414.80;-389.900;-458.400;;;;;;;;;;;;;2000.100;-434.000;;;;;;;;;;79.00;79.00;80.00;;;;;;;;;70548;;;;;;;;;;;;;;1263.900;;;;;;;;;;;;53.00;38.00;;;;;;;;;;;;;;0;0.00;0.00;;199.30;;3.00;-0.80;-4.20;;0.80;-3.40;;;;1.50;;;;9.00;;;;1.00;8.70;6.00;11.80;1.20;9.10;6.00;12.90;1.30;-2.30;-0.70;0.30;25.00;;;;20.00;;;;33.00;;;;;;;;41.00;;;;;;;;;;;;56.00;;;;;;;;;;;;;;;;;;;;;;;;;;;;;;;;;;;;;;;;;;;;;;;;;;;;;;;;;;;;;;;;;;;;;;;;;;;;;;;;;;;;;;;;;;;;;;;;;;;;;;;;;;;;;;;;;;;;;;;;;;;;;;;;;;;;;;;;;;;;;;;;;;;;;;;;;;;;;;;;;;;;;;;;;;;;;;;;;;;;;;;;;;;;;;;;;;;;;;;;;;;;;;;;;;;;;;54.00;;;;;;;;;;;;;;;;;;;;;;;;;;;;;;;;;;;36.00;36.00;37.00;;;;;;;;;;;;;;45.00;45.00;46.00;;;;24.50;;;;;;;;;;;579.30;1979.30;302.80;0.00;0.00;303.80;;;;;;;;;;;;;;;;;;;;;;2000.10;2000.10;11;1;;;;;;;;;;;;;;;;;;;;;;;;0.30;0;0;0.00;0.00;;;;;99.00;99.00;99.00;;110.00;110.00;110.00;;98.00;98.00;99.00;;;;;;;;;;;;;0;8.90;11.50;6.60;14.90;15.20;13.40;1264;2005;592;201;201;1541.30;;;32740112;11.00;;;;;;24.00
1579083600000;2020-01-15T11:20:00.000+0100;;;;;;;;;1.00;-451.30;382.30;382.20;382.30;1513.00;1502.00;1501.00;-1.10;;;;;-1.10;-1.10;;;;;;;;;1.0;;;;;;;;;;;;;;;;;;;;;;;;;;;;;;;;;;;;;;;;;;;;50.00;;;;;;;;;;;;;;;;;;;;;;;;;;;;;;;;;;;;;;39.00;51.00;37.00;12.00;;;;70.00;72.00;67.00;;;;;;;;;1657.10;1484.00;-387.800;-512.500;;;;;;;;;;;;;2000.100;-460.000;;;;;;;;;;81.00;82.00;82.00;;;;;;;;;70548;;;;;;;;;;;;;;1637.100;;;;;;;;;;;;52.00;38.00;;;;;;;;;;;;;;0;0.00;0.00;;201.00;;3.00;0.60;0.60;;0.80;-1.50;;;;2.80;;;;10.10;;;;1.00;9.70;5.50;13.80;1.20;10.10;6.10;13.20;1.30;-2.40;4.30;1.10;25.00;;;;20.00;;;;33.00;;;;;;;;41.00;;;;;;;;;;;;56.00;;;;;;;;;;;;;;;;;;;;;;;;;;;;;;;;;;;;;;;;;;;;;;;;;;;;;;;;;;;;;;;;;;;;;;;;;;;;;;;;;;;;;;;;;;;;;;;;;;;;;;;;;;;;;;;;;;;;;;;;;;;;;;;;;;;;;;;;;;;;;;;;;;;;;;;;;;;;;;;;;;;;;;;;;;;;;;;;;;;;;;;;;;;;;;;;;;;;;;;;;;;;;;;;;;;;;;54.00;;;;;;;;;;;;;;;;;;;;;;;;;;;;;;;;;;;37.00;36.00;37.00;;;;;;;;;;;;;;46.00;45.00;46.00;;;;23.90;;;;;;;;;;;690.00;2000.00;347.20;0.00;0.00;369.20;;;;;;;;;;;;;;;;;;;;;;2000.10;2000.10;11;1;;;;;;;;;;;;;;;;;;;;;;;;0.30;0;0;0.00;0.00;;;;;99.00;99.00;99.00;;110.00;110.00;110.00;;98.00;98.00;98.00;;;;;;;;;;;;;0;9.90;12.00;6.60;14.90;15.80;14.30;1663;2114;707;203;203;1548.50;;;32740390;11.00;;;;;;23.00
1579084200000;2020-01-15T11:30:00.000+0100;;;;;;;;;1.00;-462.00;382.10;382.00;382.10;1592.00;1581.00;1580.00;-0.50;;;;;-0.50;-0.50;;;;;;;;;1.0;;;;;;;;;;;;;;;;;;;;;;;;;;;;;;;;;;;;;;;;;;;;50.00;;;;;;;;;;;;;;;;;;;;;;;;;;;;;;;;;;;;;;39.00;52.00;37.00;12.00;;;;73.00;75.00;70.00;;;;;;;;;1658.00;1464.30;-419.300;-513.500;;;;;;;;;;;;;2000.100;-463.000;;;;;;;;;;85.00;85.00;86.00;;;;;;;;;70548;;;;;;;;;;;;;;1729.700;;;;;;;;;;;;52.00;38.00;;;;;;;;;;;;;;0;0.00;0.00;;201.20;;3.00;0.40;-8.60;;1.00;-1.70;;;;2.20;;;;10.40;;;;0.90;10.10;6.90;14.70;1.20;10.40;7.30;14.00;1.10;-2.40;5.80;1.80;25.00;;;;20.00;;;;34.00;;;;;;;;41.00;;;;;;;;;;;;56.00;;;;;;;;;;;;;;;;;;;;;;;;;;;;;;;;;;;;;;;;;;;;;;;;;;;;;;;;;;;;;;;;;;;;;;;;;;;;;;;;;;;;;;;;;;;;;;;;;;;;;;;;;;;;;;;;;;;;;;;;;;;;;;;;;;;;;;;;;;;;;;;;;;;;;;;;;;;;;;;;;;;;;;;;;;;;;;;;;;;;;;;;;;;;;;;;;;;;;;;;;;;;;;;;;;;;;;55.00;;;;;;;;;;;;;;;;;;;;;;;;;;;;;;;;;;;37.00;36.00;37.00;;;;;;;;;;;;;;46.00;46.00;46.00;;;;27.20;;;;;;;;;;;1043.90;2000.00;228.50;0.00;0.00;252.40;;;;;;;;;;;;;;;;;;;;;;2000.10;2000.10;11;1;;;;;;;;;;;;;;;;;;;;;;;;0.30;0;0;0.00;0.00;;;;;99.00;99.00;99.00;;110.00;110.00;110.00;;98.00;98.00;98.00;;;;;;;;;;;;;0;10.20;12.50;8.20;14.90;15.80;14.00;1754;2115;1048;204;205;1550.60;;;32740682;11.00;;;;;;23.00
1579084800000;2020-01-15T11:40:00.000+0100;;;;;;;;;1.00;-448.00;381.90;381.50;381.80;1426.00;1418.00;1416.00;-1.50;;;;;-1.50;-1.50;;;;;;;;;1.0;;;;;;;;;;;;;;;;;;;;;;;;;;;;;;;;;;;;;;;;;;;;50.00;;;;;;;;;;;;;;;;;;;;;;;;;;;;;;;;;;;;;;39.00;52.00;37.00;12.00;;;;76.00;78.00;73.00;;;;;;;;;1613.80;1497.20;-399.200;-499.200;;;;;;;;;;;;;2000.100;-454.000;;;;;;;;;;86.00;86.00;87.00;;;;;;;;;70549;;;;;;;;;;;;;;1546.800;;;;;;;;;;;;52.00;38.00;;;;;;;;;;;;;;0;0.00;0.00;;200.90;;3.00;1.20;-0.10;;1.10;-0.50;;;;3.10;;;;9.80;;;;0.90;9.50;6.10;13.00;1.20;9.80;6.50;12.80;1.10;-2.50;3.10;1.00;25.00;;;;20.00;;;;35.00;;;;;;;;41.00;;;;;;;;;;;;56.00;;;;;;;;;;;;;;;;;;;;;;;;;;;;;;;;;;;;;;;;;;;;;;;;;;;;;;;;;;;;;;;;;;;;;;;;;;;;;;;;;;;;;;;;;;;;;;;;;;;;;;;;;;;;;;;;;;;;;;;;;;;;;;;;;;;;;;;;;;;;;;;;;;;;;;;;;;;;;;;;;;;;;;;;;;;;;;;;;;;;;;;;;;;;;;;;;;;;;;;;;;;;;;;;;;;;;;55.00;;;;;;;;;;;;;;;;;;;;;;;;;;;;;;;;;;;37.00;37.00;37.00;;;;;;;;;;;;;;46.00;46.00;46.00;;;;15.20;;;;;;;;;;;751.70;2000.00;294.60;0.00;0.00;313.00;;;;;;;;;;;;;;;;;;;;;;2000.10;2000.10;11;1;;;;;;;;;;;;;;;;;;;;;;;;0.00;0;0;0.00;0.00;;;;;99.00;99.00;99.00;;110.00;110.00;110.00;;98.00;98.00;98.00;;;;;;;;;;;;;0;9.70;12.00;7.20;14.90;15.50;14.30;1561;2113;764;206;207;1550.30;;;32740942;11.00;;;;;;24.00
1579085400000;2020-01-15T11:50:00.000+0100;;;;;;;;;1.00;-453.80;381.30;381.10;381.30;1551.00;1541.00;1539.00;-1.10;;;;;-1.10;-1.10;;;;;;;;;1.0;;;;;;;;;;;;;;;;;;;;;;;;;;;;;;;;;;;;;;;;;;;;50.00;;;;;;;;;;;;;;;;;;;;;;;;;;;;;;;;;;;;;;39.00;52.00;37.00;12.00;;;;77.00;79.00;74.00;;;;;;;;;1615.30;1496.30;-379.000;-509.400;;;;;;;;;;;;;2000.100;-427.000;;;;;;;;;;86.00;86.00;87.00;;;;;;;;;70549;;;;;;;;;;;;;;1680.900;;;;;;;;;;;;52.00;38.00;;;;;;;;;;;;;;0;0.00;0.00;;207.30;;3.00;0.80;-5.70;;1.60;-0.40;;;;2.60;;;;10.20;;;;0.70;10.00;6.60;12.70;1.00;10.30;7.30;12.90;1.00;-2.30;3.40;0.90;25.00;;;;20.00;;;;33.00;;;;;;;;41.00;;;;;;;;;;;;56.00;;;;;;;;;;;;;;;;;;;;;;;;;;;;;;;;;;;;;;;;;;;;;;;;;;;;;;;;;;;;;;;;;;;;;;;;;;;;;;;;;;;;;;;;;;;;;;;;;;;;;;;;;;;;;;;;;;;;;;;;;;;;;;;;;;;;;;;;;;;;;;;;;;;;;;;;;;;;;;;;;;;;;;;;;;;;;;;;;;;;;;;;;;;;;;;;;;;;;;;;;;;;;;;;;;;;;;55.00;;;;;;;;;;;;;;;;;;;;;;;;;;;;;;;;;;;37.00;37.00;37.00;;;;;;;;;;;;;;46.00;46.00;46.00;;;;16.40;;;;;;;;;;;987.70;2000.00;242.20;0.00;0.00;265.90;;;;;;;;;;;;;;;;;;;;;;2000.10;2000.10;11;1;;;;;;;;;;;;;;;;;;;;;;;;0.30;0;0;0.00;0.00;;;;;99.00;99.00;99.00;;110.00;110.00;110.00;;98.00;98.00;98.00;;;;;;;;;;;;;0;10.20;11.70;8.30;14.90;15.50;14.30;1704;2108;1009;207;208;1550.90;;;32741226;12.00;;;;;;24.00
1579086000000;2020-01-15T12:00:00.000+0100;;;;;;;;;1.00;-449.70;379.40;379.30;379.60;1388.00;1380.00;1378.00;-1.60;;;;;-1.60;-1.60;;;;;;;;;1.0;;;;;;;;;;;;;;;;;;;;;;;;;;;;;;;;;;;;;;;;;;;;50.00;;;;;;;;;;;;;;;;;;;;;;;;;;;;;;;;;;;;;;39.00;52.00;37.00;13.00;;;;78.00;80.00;75.00;;;;;;;;;1643.10;1493.30;-417.000;-486.500;;;;;;;;;;;;;2000.100;-441.000;;;;;;;;;;86.00;86.00;87.00;;;;;;;;;70549;;;;;;;;;;;;;;1490.600;;;;;;;;;;;;52.00;38.00;;;;;;;;;;;;;;0;0.00;0.00;;207.80;;3.00;-0.30;-1.00;;0.70;-2.00;;;;1.80;;;;9.60;;;;0.80;9.50;6.50;12.70;1.10;9.80;6.40;14.20;1.10;-2.50;3.70;0.80;25.00;;;;20.00;;;;31.00;;;;;;;;41.00;;;;;;;;;;;;57.00;;;;;;;;;;;;;;;;;;;;;;;;;;;;;;;;;;;;;;;;;;;;;;;;;;;;;;;;;;;;;;;;;;;;;;;;;;;;;;;;;;;;;;;;;;;;;;;;;;;;;;;;;;;;;;;;;;;;;;;;;;;;;;;;;;;;;;;;;;;;;;;;;;;;;;;;;;;;;;;;;;;;;;;;;;;;;;;;;;;;;;;;;;;;;;;;;;;;;;;;;;;;;;;;;;;;;;55.00;;;;;;;;;;;;;;;;;;;;;;;;;;;;;;;;;;;37.00;37.00;37.00;;;;;;;;;;;;;;46.00;46.00;46.00;;;;15.80;;;;;;;;;;;843.10;2000.00;295.90;0.00;0.00;316.10;;;;;;;;;;;;;;;;;;;;;;2000.10;2000.10;11;1;;;;;;;;;;;;;;;;;;;;;;;;0.30;0;0;0.00;0.00;;;;;99.00;99.00;99.00;;110.00;110.00;110.00;;98.00;98.00;98.00;;;;;;;;;;;;;0;9.60;12.10;7.40;14.90;15.80;14.30;1505;2110;850;209;209;1550.00;;;32741476;12.00;;;;;;24.00
1579086600000;2020-01-15T12:10:00.000+0100;;;;;;;;;1.00;-455.40;379.20;379.20;379.30;1409.00;1401.00;1398.00;-1.80;;;;;-1.80;-1.80;;;;;;;;;1.0;;;;;;;;;;;;;;;;;;;;;;;;;;;;;;;;;;;;;;;;;;;;50.00;;;;;;;;;;;;;;;;;;;;;;;;;;;;;;;;;;;;;;39.00;52.00;37.00;13.00;;;;78.00;80.00;75.00;;;;;;;;;1592.90;1518.60;-406.400;-492.400;;;;;;;;;;;;;2000.100;-463.000;;;;;;;;;;86.00;86.00;87.00;;;;;;;;;70549;;;;;;;;;;;;;;1520.400;;;;;;;;;;;;52.00;39.00;;;;;;;;;;;;;;0;0.00;0.00;;208.50;;3.00;0.50;0.20;;1.80;-1.30;;;;2.80;;;;9.70;;;;0.70;9.50;5.20;12.50;1.00;9.70;6.40;13.00;1.00;-2.50;0.60;0.50;25.00;;;;20.00;;;;30.00;;;;;;;;41.00;;;;;;;;;;;;57.00;;;;;;;;;;;;;;;;;;;;;;;;;;;;;;;;;;;;;;;;;;;;;;;;;;;;;;;;;;;;;;;;;;;;;;;;;;;;;;;;;;;;;;;;;;;;;;;;;;;;;;;;;;;;;;;;;;;;;;;;;;;;;;;;;;;;;;;;;;;;;;;;;;;;;;;;;;;;;;;;;;;;;;;;;;;;;;;;;;;;;;;;;;;;;;;;;;;;;;;;;;;;;;;;;;;;;;55.00;;;;;;;;;;;;;;;;;;;;;;;;;;;;;;;;;;;37.00;37.00;37.00;;;;;;;;;;;;;;46.00;46.00;46.00;;;;11.90;;;;;;;;;;;848.00;2000.00;237.00;0.00;0.00;247.80;;;;;;;;;;;;;;;;;;;;;;2000.10;2000.10;11;1;;;;;;;;;;;;;;;;;;;;;;;;0.00;0;0;0.00;0.00;;;;;99.00;99.00;99.00;;110.00;110.00;110.00;;98.00;98.00;98.00;;;;;;;;;;;;;0;9.60;11.20;7.30;14.90;15.20;14.60;1527;2104;867;209;209;1550.00;;;32741730;12.00;;;;;;24.00
1579087200000;2020-01-15T12:20:00.000+0100;;;;;;;;;1.00;-452.40;380.60;380.60;380.50;1574.00;1563.00;1563.00;-0.80;;;;;-0.70;-0.70;;;;;;;;;1.0;;;;;;;;;;;;;;;;;;;;;;;;;;;;;;;;;;;;;;;;;;;;50.00;;;;;;;;;;;;;;;;;;;;;;;;;;;;;;;;;;;;;;39.00;52.00;37.00;13.00;;;;79.00;80.00;76.00;;;;;;;;;1638.00;1484.90;-402.900;-529.500;;;;;;;;;;;;;2000.100;-478.000;;;;;;;;;;86.00;86.00;87.00;;;;;;;;;70549;;;;;;;;;;;;;;1709.400;;;;;;;;;;;;53.00;39.00;;;;;;;;;;;;;;0;0.00;0.00;;208.00;;3.00;-0.70;-6.90;;1.00;-2.50;;;;1.40;;;;10.30;;;;0.90;10.00;7.00;13.90;1.20;10.20;6.60;14.40;1.20;-2.40;7.30;1.90;25.00;;;;20.00;;;;31.00;;;;;;;;41.00;;;;;;;;;;;;57.00;;;;;;;;;;;;;;;;;;;;;;;;;;;;;;;;;;;;;;;;;;;;;;;;;;;;;;;;;;;;;;;;;;;;;;;;;;;;;;;;;;;;;;;;;;;;;;;;;;;;;;;;;;;;;;;;;;;;;;;;;;;;;;;;;;;;;;;;;;;;;;;;;;;;;;;;;;;;;;;;;;;;;;;;;;;;;;;;;;;;;;;;;;;;;;;;;;;;;;;;;;;;;;;;;;;;;;55.00;;;;;;;;;;;;;;;;;;;;;;;;;;;;;;;;;;;37.00;37.00;37.00;;;;;;;;;;;;;;46.00;46.00;46.00;;;;20.00;;;;;;;;;;;809.50;2000.00;287.90;0.00;0.00;303.50;;;;;;;;;;;;;;;;;;;;;;2000.10;2000.10;11;1;;;;;;;;;;;;;;;;;;;;;;;;0.30;0;0;0.00;0.00;;;;;99.00;99.00;99.00;;110.00;110.00;110.00;;98.00;98.00;99.00;;;;;;;;;;;;;0;10.10;12.30;8.00;14.90;15.80;14.30;1726;2113;817;205;204;1551.20;;;32742018;12.00;;;;;;24.00
1579087800000;2020-01-15T12:30:00.000+0100;;;;;;;;;1.00;-440.90;380.20;380.30;380.40;1377.00;1367.00;1366.00;-1.60;;;;;-1.70;-1.60;;;;;;;;;1.0;;;;;;;;;;;;;;;;;;;;;;;;;;;;;;;;;;;;;;;;;;;;50.00;;;;;;;;;;;;;;;;;;;;;;;;;;;;;;;;;;;;;;39.00;53.00;37.00;13.00;;;;80.00;82.00;77.00;;;;;;;;;1598.90;1512.10;-407.700;-494.700;;;;;;;;;;;;;2000.100;-430.000;;;;;;;;;;87.00;87.00;88.00;;;;;;;;;70549;;;;;;;;;;;;;;1490.400;;;;;;;;;;;;53.00;39.00;;;;;;;;;;;;;;0;0.00;0.00;;202.50;;3.00;-0.20;-4.40;;1.00;-2.60;;;;1.40;;;;9.60;;;;0.70;9.50;6.80;12.40;1.00;9.70;6.00;12.80;1.00;-2.30;1.30;0.70;26.00;;;;20.00;;;;32.00;;;;;;;;42.00;;;;;;;;;;;;57.00;;;;;;;;;;;;;;;;;;;;;;;;;;;;;;;;;;;;;;;;;;;;;;;;;;;;;;;;;;;;;;;;;;;;;;;;;;;;;;;;;;;;;;;;;;;;;;;;;;;;;;;;;;;;;;;;;;;;;;;;;;;;;;;;;;;;;;;;;;;;;;;;;;;;;;;;;;;;;;;;;;;;;;;;;;;;;;;;;;;;;;;;;;;;;;;;;;;;;;;;;;;;;;;;;;;;;;55.00;;;;;;;;;;;;;;;;;;;;;;;;;;;;;;;;;;;37.00;37.00;37.00;;;;;;;;;;;;;;46.00;46.00;47.00;;;;11.30;;;;;;;;;;;884.10;2000.00;250.90;0.00;0.00;263.20;;;;;;;;;;;;;;;;;;;;;;2000.10;2000.10;11;1;;;;;;;;;;;;;;;;;;;;;;;;0.00;0;0;0.00;0.00;;;;;99.00;99.00;99.00;;110.00;110.00;110.00;;99.00;98.00;99.00;;;;;;;;;;;;;0;9.60;11.60;7.40;14.90;15.20;14.60;1498;2106;905;204;203;1549.40;;;32742268;12.00;;;;;;24.00
1579088400000;2020-01-15T12:40:00.000+0100;;;;;;;;;0.90;-437.70;380.30;380.40;380.50;1276.00;1267.00;1265.00;-1.20;;;;;-1.20;-1.20;;;;;;;;;1.0;;;;;;;;;;;;;;;;;;;;;;;;;;;;;;;;;;;;;;;;;;;;50.00;;;;;;;;;;;;;;;;;;;;;;;;;;;;;;;;;;;;;;39.00;52.00;37.00;13.00;;;;79.00;81.00;76.00;;;;;;;;;1631.70;1429.70;-391.600;-484.200;;;;;;;;;;;;;2000.100;-464.000;;;;;;;;;;85.00;85.00;86.00;;;;;;;;;70550;;;;;;;;;;;;;;1370.300;;;;;;;;;;;;53.00;39.00;;;;;;;;;;;;;;0;0.00;0.00;;203.20;;3.00;1.00;-8.60;;2.40;-1.20;;;;3.50;;;;9.40;;;;1.20;9.20;5.30;13.50;1.40;9.40;5.80;13.40;1.40;-2.40;5.10;1.80;26.00;;;;20.00;;;;33.00;;;;;;;;41.00;;;;;;;;;;;;57.00;;;;;;;;;;;;;;;;;;;;;;;;;;;;;;;;;;;;;;;;;;;;;;;;;;;;;;;;;;;;;;;;;;;;;;;;;;;;;;;;;;;;;;;;;;;;;;;;;;;;;;;;;;;;;;;;;;;;;;;;;;;;;;;;;;;;;;;;;;;;;;;;;;;;;;;;;;;;;;;;;;;;;;;;;;;;;;;;;;;;;;;;;;;;;;;;;;;;;;;;;;;;;;;;;;;;;;55.00;;;;;;;;;;;;;;;;;;;;;;;;;;;;;;;;;;;37.00;37.00;37.00;;;;;;;;;;;;;;46.00;46.00;46.00;;;;27.80;;;;;;;;;;;566.80;2000.00;435.10;0.00;0.00;441.00;;;;;;;;;;;;;;;;;;;;;;2000.10;2000.10;11;1;;;;;;;;;;;;;;;;;;;;;;;;0.30;0;0;0.00;0.00;;;;;99.00;99.00;99.00;;110.00;110.00;110.00;;99.00;99.00;99.00;;;;;;;;;;;;;0;9.30;12.00;6.20;14.90;15.50;13.70;1375;2096;578;200;201;1542.50;;;32742496;13.00;;;;;;24.00
1579089000000;2020-01-15T12:50:00.000+0100;;;;;;;;;0.90;-443.60;380.10;380.30;380.40;1359.00;1350.00;1348.00;-1.50;;;;;-1.50;-1.50;;;;;;;;;1.0;;;;;;;;;;;;;;;;;;;;;;;;;;;;;;;;;;;;;;;;;;;;50.00;;;;;;;;;;;;;;;;;;;;;;;;;;;;;;;;;;;;;;39.00;52.00;37.00;13.00;;;;79.00;81.00;76.00;;;;;;;;;1654.10;1514.80;-397.800;-490.000;;;;;;;;;;;;;2000.100;-420.000;;;;;;;;;;85.00;85.00;86.00;;;;;;;;;70550;;;;;;;;;;;;;;1465.100;;;;;;;;;;;;53.00;39.00;;;;;;;;;;;;;;0;0.00;0.00;;203.20;;3.00;0.20;-2.90;;2.00;-1.90;;;;1.80;;;;9.60;;;;0.90;9.60;5.90;13.60;1.20;9.90;6.30;13.30;1.20;-2.40;5.50;1.20;26.00;;;;20.00;;;;34.00;;;;;;;;41.00;;;;;;;;;;;;57.00;;;;;;;;;;;;;;;;;;;;;;;;;;;;;;;;;;;;;;;;;;;;;;;;;;;;;;;;;;;;;;;;;;;;;;;;;;;;;;;;;;;;;;;;;;;;;;;;;;;;;;;;;;;;;;;;;;;;;;;;;;;;;;;;;;;;;;;;;;;;;;;;;;;;;;;;;;;;;;;;;;;;;;;;;;;;;;;;;;;;;;;;;;;;;;;;;;;;;;;;;;;;;;;;;;;;;;55.00;;;;;;;;;;;;;;;;;;;;;;;;;;;;;;;;;;;37.00;37.00;37.00;;;;;;;;;;;;;;46.00;46.00;46.00;;;;13.70;;;;;;;;;;;622.50;2000.00;331.50;0.00;0.00;340.40;;;;;;;;;;;;;;;;;;;;;;2000.10;2000.10;11;1;;;;;;;;;;;;;;;;;;;;;;;;0.00;0;0;0.00;0.00;;;;;99.00;99.00;99.00;;110.00;110.00;110.00;;99.00;99.00;99.00;;;;;;;;;;;;;0;9.70;12.50;7.40;14.90;15.80;14.60;1471;2108;627;208;208;1550.90;;;32742744;13.00;;;;;;24.00
1579089600000;2020-01-15T13:00:00.000+0100;;;;;;;;;1.00;-459.20;384.30;384.40;384.50;1644.00;1633.00;1633.00;0.70;;;;;0.70;0.70;;;;;;;;;1.0;;;;;;;;;;;;;;;;;;;;;;;;;;;;;;;;;;;;;;;;;;;;50.00;;;;;;;;;;;;;;;;;;;;;;;;;;;;;;;;;;;;;;39.00;53.00;37.00;13.00;;;;79.00;81.00;76.00;;;;;;;;;1652.90;1453.00;-419.700;-530.900;;;;;;;;;;;;;2000.100;-486.000;;;;;;;;;;86.00;87.00;87.00;;;;;;;;;70550;;;;;;;;;;;;;;1808.800;;;;;;;;;;;;53.00;39.00;;;;;;;;;;;;;;0;0.00;0.00;;207.60;;3.00;-1.70;-3.80;;2.30;-3.50;;;;0.40;;;;10.90;;;;0.90;10.70;7.60;14.80;1.20;10.80;7.60;15.20;1.20;-2.10;8.60;2.80;26.00;;;;20.00;;;;35.00;;;;;;;;42.00;;;;;;;;;;;;57.00;;;;;;;;;;;;;;;;;;;;;;;;;;;;;;;;;;;;;;;;;;;;;;;;;;;;;;;;;;;;;;;;;;;;;;;;;;;;;;;;;;;;;;;;;;;;;;;;;;;;;;;;;;;;;;;;;;;;;;;;;;;;;;;;;;;;;;;;;;;;;;;;;;;;;;;;;;;;;;;;;;;;;;;;;;;;;;;;;;;;;;;;;;;;;;;;;;;;;;;;;;;;;;;;;;;;;;55.00;;;;;;;;;;;;;;;;;;;;;;;;;;;;;;;;;;;37.00;37.00;37.00;;;;;;;;;;;;;;46.00;46.00;47.00;;;;26.30;;;;;;;;;;;1216.10;2000.00;212.00;0.00;0.00;224.60;;;;;;;;;;;;;;;;;;;;;;2000.10;2000.10;11;1;;;;;;;;;;;;;;;;;;;;;;;;0.30;0;0;0.00;0.00;;;;;99.00;99.00;99.00;;110.00;110.00;110.00;;99.00;99.00;99.00;;;;;;;;;;;;;0;10.70;13.40;8.60;14.90;15.80;14.00;1829;2110;1223;206;204;1550.30;;;32743046;13.00;;;;;;24.00
1579090200000;2020-01-15T13:10:00.000+0100;;;;;;;;;1.00;-477.10;386.10;386.20;386.20;1711.00;1700.00;1700.00;2.70;;;;;2.70;2.70;;;;;;;;;1.0;;;;;;;;;;;;;;;;;;;;;;;;;;;;;;;;;;;;;;;;;;;;50.00;;;;;;;;;;;;;;;;;;;;;;;;;;;;;;;;;;;;;;39.00;53.00;37.00;13.00;;;;82.00;84.00;79.00;;;;;;;;;1647.60;1475.10;-442.900;-513.300;;;;;;;;;;;;;2000.100;-459.000;;;;;;;;;;89.00;89.00;90.00;;;;;;;;;70550;;;;;;;;;;;;;;1896.100;;;;;;;;;;;;53.00;39.00;;;;;;;;;;;;;;0;0.00;0.00;;199.90;;3.00;-0.20;-3.00;;1.30;-2.30;;;;1.10;;;;11.60;;;;1.00;11.20;6.90;15.20;1.30;11.30;7.00;15.60;1.30;-2.20;11.00;3.30;26.00;;;;21.00;;;;33.00;;;;;;;;42.00;;;;;;;;;;;;57.00;;;;;;;;;;;;;;;;;;;;;;;;;;;;;;;;;;;;;;;;;;;;;;;;;;;;;;;;;;;;;;;;;;;;;;;;;;;;;;;;;;;;;;;;;;;;;;;;;;;;;;;;;;;;;;;;;;;;;;;;;;;;;;;;;;;;;;;;;;;;;;;;;;;;;;;;;;;;;;;;;;;;;;;;;;;;;;;;;;;;;;;;;;;;;;;;;;;;;;;;;;;;;;;;;;;;;;55.00;;;;;;;;;;;;;;;;;;;;;;;;;;;;;;;;;;;37.00;37.00;37.00;;;;;;;;;;;;;;47.00;46.00;47.00;;;;30.10;;;;;;;;;;;1251.30;2000.00;184.80;0.00;0.00;192.60;;;;;;;;;;;;;;;;;;;;;;2000.10;2000.10;11;1;;;;;;;;;;;;;;;;;;;;;;;;0.30;0;0;0.00;0.00;;;;;99.00;99.00;99.00;;110.00;110.00;111.00;;99.00;99.00;99.00;;;;;;;;;;;;;0;11.30;14.60;8.30;14.90;15.80;14.00;1913;2110;1261;202;201;1551.50;;;32743366;13.00;;;;;;25.00
1579090800000;2020-01-15T13:20:00.000+0100;;;;;;;;;1.00;-453.10;384.80;385.00;385.10;1361.00;1352.00;1351.00;-0.60;;;;;-0.60;-0.60;;;;;;;;;1.0;;;;;;;;;;;;;;;;;;;;;;;;;;;;;;;;;;;;;;;;;;;;50.00;;;;;;;;;;;;;;;;;;;;;;;;;;;;;;;;;;;;;;39.00;53.00;37.00;14.00;;;;85.00;86.00;81.00;;;;;;;;;1650.20;1472.10;-374.800;-515.500;;;;;;;;;;;;;2000.100;-428.000;;;;;;;;;;89.00;89.00;90.00;;;;;;;;;70550;;;;;;;;;;;;;;1491.300;;;;;;;;;;;;53.00;39.00;;;;;;;;;;;;;;0;0.00;0.00;;198.80;;3.00;-0.30;-6.10;;2.00;-2.70;;;;2.20;;;;9.80;;;;1.10;9.80;6.60;13.10;1.40;10.10;6.30;13.90;1.30;-2.40;7.10;2.40;26.00;;;;21.00;;;;31.00;;;;;;;;42.00;;;;;;;;;;;;57.00;;;;;;;;;;;;;;;;;;;;;;;;;;;;;;;;;;;;;;;;;;;;;;;;;;;;;;;;;;;;;;;;;;;;;;;;;;;;;;;;;;;;;;;;;;;;;;;;;;;;;;;;;;;;;;;;;;;;;;;;;;;;;;;;;;;;;;;;;;;;;;;;;;;;;;;;;;;;;;;;;;;;;;;;;;;;;;;;;;;;;;;;;;;;;;;;;;;;;;;;;;;;;;;;;;;;;;55.00;;;;;;;;;;;;;;;;;;;;;;;;;;;;;;;;;;;37.00;37.00;37.00;;;;;;;;;;;;;;47.00;47.00;47.00;;;;19.40;;;;;;;;;;;671.00;2000.00;369.80;0.00;0.00;373.30;;;;;;;;;;;;;;;;;;;;;;2000.10;2000.10;11;1;;;;;;;;;;;;;;;;;;;;;;;;0.30;0;0;0.00;0.00;;;;;100.00;99.00;100.00;;111.00;111.00;111.00;;99.00;99.00;99.00;;;;;;;;;;;;;0;9.90;12.60;7.70;14.90;15.80;14.00;1494;2111;675;198;198;1549.40;;;32743614;13.00;;;;;;25.00
1579091400000;2020-01-15T13:30:00.000+0100;;;;;;;;;0.90;-433.90;384.10;384.10;384.40;1166.00;1160.00;1157.00;-1.90;;;;;-1.90;-1.90;;;;;;;;;1.0;;;;;;;;;;;;;;;;;;;;;;;;;;;;;;;;;;;;;;;;;;;;50.00;;;;;;;;;;;;;;;;;;;;;;;;;;;;;;;;;;;;;;39.00;52.00;37.00;14.00;;;;82.00;84.00;80.00;;;;;;;;;1599.50;1370.30;-393.800;-481.000;;;;;;;;;;;;;2000.100;-446.000;;;;;;;;;;86.00;86.00;87.00;;;;;;;;;70550;;;;;;;;;;;;;;1256.800;;;;;;;;;;;;53.00;39.00;;;;;;;;;;;;;;0;0.00;0.00;;188.10;;3.00;0.60;-11.90;;2.20;-2.10;;;;3.30;;;;9.00;;;;1.20;8.90;5.10;13.40;1.40;9.20;4.90;12.90;1.40;-2.50;2.20;0.60;26.00;;;;21.00;;;;30.00;;;;;;;;42.00;;;;;;;;;;;;57.00;;;;;;;;;;;;;;;;;;;;;;;;;;;;;;;;;;;;;;;;;;;;;;;;;;;;;;;;;;;;;;;;;;;;;;;;;;;;;;;;;;;;;;;;;;;;;;;;;;;;;;;;;;;;;;;;;;;;;;;;;;;;;;;;;;;;;;;;;;;;;;;;;;;;;;;;;;;;;;;;;;;;;;;;;;;;;;;;;;;;;;;;;;;;;;;;;;;;;;;;;;;;;;;;;;;;;;55.00;;;;;;;;;;;;;;;;;;;;;;;;;;;;;;;;;;;37.00;37.00;37.00;;;;;;;;;;;;;;46.00;46.00;47.00;;;;40.00;;;;;;;;;;;589.80;2000.00;348.30;0.00;0.00;353.60;;;;;;;;;;;;;;;;;;;;;;2000.10;2000.10;11;1;;;;;;;;;;;;;;;;;;;;;;;;0.30;0;0;0.00;0.00;;;;;100.00;100.00;100.00;;111.00;111.00;111.00;;99.00;99.00;99.00;;;;;;;;;;;;;0;9.00;11.50;6.00;14.60;15.20;13.10;1259;2106;594;195;195;1533.00;;;32743824;13.00;;;;;;25.00
1579092000000;2020-01-15T13:40:00.000+0100;;;;;;;;;1.00;-454.20;384.70;384.70;384.80;1462.00;1453.00;1451.00;-1.10;;;;;-1.10;-1.10;;;;;;;;;1.0;;;;;;;;;;;;;;;;;;;;;;;;;;;;;;;;;;;;;;;;;;;;50.00;;;;;;;;;;;;;;;;;;;;;;;;;;;;;;;;;;;;;;39.00;52.00;37.00;14.00;;;;81.00;83.00;78.00;;;;;;;;;1628.80;1504.60;-408.800;-500.400;;;;;;;;;;;;;2000.100;-452.000;;;;;;;;;;85.00;86.00;86.00;;;;;;;;;70551;;;;;;;;;;;;;;1595.500;;;;;;;;;;;;53.00;39.00;;;;;;;;;;;;;;0;0.00;0.00;;198.00;;3.00;-0.30;-2.50;;4.30;-3.10;;;;2.50;;;;10.00;;;;0.90;9.80;6.40;12.90;1.20;10.10;7.10;15.20;1.20;-2.50;3.70;1.20;26.00;;;;21.00;;;;31.00;;;;;;;;41.00;;;;;;;;;;;;57.00;;;;;;;;;;;;;;;;;;;;;;;;;;;;;;;;;;;;;;;;;;;;;;;;;;;;;;;;;;;;;;;;;;;;;;;;;;;;;;;;;;;;;;;;;;;;;;;;;;;;;;;;;;;;;;;;;;;;;;;;;;;;;;;;;;;;;;;;;;;;;;;;;;;;;;;;;;;;;;;;;;;;;;;;;;;;;;;;;;;;;;;;;;;;;;;;;;;;;;;;;;;;;;;;;;;;;;55.00;;;;;;;;;;;;;;;;;;;;;;;;;;;;;;;;;;;37.00;37.00;37.00;;;;;;;;;;;;;;46.00;46.00;47.00;;;;17.00;;;;;;;;;;;778.20;2000.00;329.60;0.00;0.00;349.30;;;;;;;;;;;;;;;;;;;;;;2000.10;2000.10;11;1;;;;;;;;;;;;;;;;;;;;;;;;0.30;0;0;0.00;0.00;;;;;100.00;100.00;100.00;;111.00;111.00;111.00;;99.00;99.00;99.00;;;;;;;;;;;;;0;10.00;12.10;7.80;14.90;15.50;14.30;1614;2112;779;204;204;1550.60;;;32744094;13.00;;;;;;25.00
1579092600000;2020-01-15T13:50:00.000+0100;;;;;;;;;1.00;-441.90;385.40;385.40;385.60;1449.00;1440.00;1438.00;-1.30;;;;;-1.30;-1.30;;;;;;;;;1.0;;;;;;;;;;;;;;;;;;;;;;;;;;;;;;;;;;;;;;;;;;;;50.00;;;;;;;;;;;;;;;;;;;;;;;;;;;;;;;;;;;;;;39.00;53.00;37.00;14.00;;;;82.00;83.00;78.00;;;;;;;;;1625.50;1496.00;-382.000;-499.700;;;;;;;;;;;;;2000.100;-411.000;;;;;;;;;;86.00;86.00;87.00;;;;;;;;;70551;;;;;;;;;;;;;;1599.000;;;;;;;;;;;;53.00;39.00;;;;;;;;;;;;;;0;0.00;0.00;;206.20;;3.00;0.30;-8.60;;1.50;-1.70;;;;2.70;;;;9.90;;;;0.70;9.80;7.20;12.70;0.90;10.10;7.10;13.00;1.00;-2.10;4.50;1.00;26.00;;;;21.00;;;;32.00;;;;;;;;42.00;;;;;;;;;;;;57.00;;;;;;;;;;;;;;;;;;;;;;;;;;;;;;;;;;;;;;;;;;;;;;;;;;;;;;;;;;;;;;;;;;;;;;;;;;;;;;;;;;;;;;;;;;;;;;;;;;;;;;;;;;;;;;;;;;;;;;;;;;;;;;;;;;;;;;;;;;;;;;;;;;;;;;;;;;;;;;;;;;;;;;;;;;;;;;;;;;;;;;;;;;;;;;;;;;;;;;;;;;;;;;;;;;;;;;55.00;;;;;;;;;;;;;;;;;;;;;;;;;;;;;;;;;;;37.00;37.00;37.00;;;;;;;;;;;;;;47.00;46.00;47.00;;;;14.00;;;;;;;;;;;1003.30;2000.00;235.50;0.00;0.00;244.80;;;;;;;;;;;;;;;;;;;;;;2000.10;2000.10;11;1;;;;;;;;;;;;;;;;;;;;;;;;0.00;0;0;0.00;0.00;;;;;100.00;100.00;100.00;;111.00;111.00;111.00;;99.00;99.00;99.00;;;;;;;;;;;;;0;10.00;11.70;8.20;14.90;15.50;14.30;1606;2107;1008;205;205;1549.70;;;32744362;13.00;;;;;;25.00
1579093200000;2020-01-15T14:00:00.000+0100;;;;;;;;;1.00;-439.00;386.40;386.40;386.70;1465.00;1456.00;1455.00;-1.10;;;;;-1.10;-1.10;;;;;;;;;1.0;;;;;;;;;;;;;;;;;;;;;;;;;;;;;;;;;;;;;;;;;;;;50.00;;;;;;;;;;;;;;;;;;;;;;;;;;;;;;;;;;;;;;39.00;53.00;37.00;14.00;;;;82.00;84.00;79.00;;;;;;;;;1627.60;1491.20;-390.500;-490.300;;;;;;;;;;;;;2000.100;-444.000;;;;;;;;;;87.00;87.00;87.00;;;;;;;;;70551;;;;;;;;;;;;;;1621.700;;;;;;;;;;;;53.00;39.00;;;;;;;;;;;;;;0;0.00;0.00;;204.10;;3.00;0.70;-8.60;;1.40;-1.60;;;;3.20;;;;10.00;;;;0.90;9.80;6.20;13.50;1.10;10.20;7.00;13.10;1.10;-2.50;3.80;1.30;27.00;;;;21.00;;;;34.00;;;;;;;;42.00;;;;;;;;;;;;57.00;;;;;;;;;;;;;;;;;;;;;;;;;;;;;;;;;;;;;;;;;;;;;;;;;;;;;;;;;;;;;;;;;;;;;;;;;;;;;;;;;;;;;;;;;;;;;;;;;;;;;;;;;;;;;;;;;;;;;;;;;;;;;;;;;;;;;;;;;;;;;;;;;;;;;;;;;;;;;;;;;;;;;;;;;;;;;;;;;;;;;;;;;;;;;;;;;;;;;;;;;;;;;;;;;;;;;;55.00;;;;;;;;;;;;;;;;;;;;;;;;;;;;;;;;;;;37.00;37.00;37.00;;;;;;;;;;;;;;47.00;47.00;47.00;;;;14.30;;;;;;;;;;;837.60;2000.00;303.40;0.00;0.00;314.20;;;;;;;;;;;;;;;;;;;;;;2000.10;2000.10;11;1;;;;;;;;;;;;;;;;;;;;;;;;0.00;0;0;0.00;0.00;;;;;100.00;100.00;100.00;;111.00;111.00;111.00;;99.00;99.00;99.00;;;;;;;;;;;;;0;10.00;12.00;8.10;14.90;15.50;14.30;1631;2108;856;203;203;1550.30;;;32744634;13.00;;;;;;25.00
1579093800000;2020-01-15T14:10:00.000+0100;;;;;;;;;0.90;-428.60;382.50;382.60;382.70;1237.00;1229.00;1227.00;-1.80;;;;;-1.80;-1.80;;;;;;;;;1.0;;;;;;;;;;;;;;;;;;;;;;;;;;;;;;;;;;;;;;;;;;;;50.00;;;;;;;;;;;;;;;;;;;;;;;;;;;;;;;;;;;;;;39.00;53.00;37.00;14.00;;;;82.00;84.00;79.00;;;;;;;;;1587.30;1485.80;-383.600;-461.200;;;;;;;;;;;;;2000.100;-418.000;;;;;;;;;;86.00;86.00;87.00;;;;;;;;;70551;;;;;;;;;;;;;;1341.300;;;;;;;;;;;;53.00;40.00;;;;;;;;;;;;;;0;0.00;0.00;;209.80;;3.00;-0.30;-2.90;;1.00;-1.90;;;;1.80;;;;9.20;;;;1.00;9.20;6.30;12.90;1.20;9.50;5.40;13.20;1.20;-2.40;-0.40;0.60;27.00;;;;21.00;;;;34.00;;;;;;;;42.00;;;;;;;;;;;;57.00;;;;;;;;;;;;;;;;;;;;;;;;;;;;;;;;;;;;;;;;;;;;;;;;;;;;;;;;;;;;;;;;;;;;;;;;;;;;;;;;;;;;;;;;;;;;;;;;;;;;;;;;;;;;;;;;;;;;;;;;;;;;;;;;;;;;;;;;;;;;;;;;;;;;;;;;;;;;;;;;;;;;;;;;;;;;;;;;;;;;;;;;;;;;;;;;;;;;;;;;;;;;;;;;;;;;;;55.00;;;;;;;;;;;;;;;;;;;;;;;;;;;;;;;;;;;37.00;37.00;37.00;;;;;;;;;;;;;;47.00;46.00;47.00;;;;13.40;;;;;;;;;;;667.50;1978.90;314.20;0.00;0.00;315.40;;;;;;;;;;;;;;;;;;;;;;2000.10;2000.10;11;1;;;;;;;;;;;;;;;;;;;;;;;;0.00;0;0;0.00;0.00;;;;;100.00;100.00;100.00;;111.00;111.00;111.00;;99.00;99.00;100.00;;;;;;;;;;;;;0;9.40;11.80;6.90;14.90;15.20;14.30;1342;2014;681;207;207;1548.20;;;32744856;13.00;;;;;;25.00
1579094400000;2020-01-15T14:20:00.000+0100;;;;;;;;;1.00;-432.10;381.70;381.70;381.90;1448.00;1439.00;1438.00;-1.40;;;;;-1.40;-1.40;;;;;;;;;1.0;;;;;;;;;;;;;;;;;;;;;;;;;;;;;;;;;;;;;;;;;;;;50.00;;;;;;;;;;;;;;;;;;;;;;;;;;;;;;;;;;;;;;39.00;53.00;37.00;14.00;;;;81.00;83.00;78.00;;;;;;;;;1624.00;1496.60;-398.800;-471.400;;;;;;;;;;;;;2000.100;-431.000;;;;;;;;;;85.00;86.00;86.00;;;;;;;;;70551;;;;;;;;;;;;;;1572.700;;;;;;;;;;;;54.00;39.00;;;;;;;;;;;;;;0;0.00;0.00;;207.10;;3.00;-1.00;-2.40;;1.30;-2.80;;;;1.00;;;;9.90;;;;0.80;9.90;6.80;13.70;1.10;10.10;7.00;13.50;1.00;-2.50;3.90;0.90;27.00;;;;22.00;;;;34.00;;;;;;;;41.00;;;;;;;;;;;;57.00;;;;;;;;;;;;;;;;;;;;;;;;;;;;;;;;;;;;;;;;;;;;;;;;;;;;;;;;;;;;;;;;;;;;;;;;;;;;;;;;;;;;;;;;;;;;;;;;;;;;;;;;;;;;;;;;;;;;;;;;;;;;;;;;;;;;;;;;;;;;;;;;;;;;;;;;;;;;;;;;;;;;;;;;;;;;;;;;;;;;;;;;;;;;;;;;;;;;;;;;;;;;;;;;;;;;;;55.00;;;;;;;;;;;;;;;;;;;;;;;;;;;;;;;;;;;37.00;37.00;37.00;;;;;;;;;;;;;;46.00;46.00;47.00;;;;16.70;;;;;;;;;;;907.80;2000.00;281.90;0.00;0.00;302.40;;;;;;;;;;;;;;;;;;;;;;2000.10;2000.10;11;1;;;;;;;;;;;;;;;;;;;;;;;;0.30;0;0;0.00;0.00;;;;;100.00;100.00;100.00;;111.00;111.00;111.00;;99.00;99.00;99.00;;;;;;;;;;;;;0;10.00;12.20;8.20;14.90;15.50;14.30;1590;2109;922;206;205;1550.30;;;32745122;13.00;;;;;;25.00
1579095000000;2020-01-15T14:30:00.000+0100;;;;;;;;;1.00;-450.40;383.40;383.40;383.50;1571.00;1562.00;1560.00;-0.20;;;;;-0.20;-0.20;;;;;;;;;1.0;;;;;;;;;;;;;;;;;;;;;;;;;;;;;;;;;;;;;;;;;;;;50.00;;;;;;;;;;;;;;;;;;;;;;;;;;;;;;;;;;;;;;39.00;53.00;37.00;14.00;;;;82.00;83.00;79.00;;;;;;;;;1614.40;1505.50;-402.600;-492.700;;;;;;;;;;;;;2000.100;-460.000;;;;;;;;;;87.00;87.00;88.00;;;;;;;;;70551;;;;;;;;;;;;;;1725.300;;;;;;;;;;;;54.00;40.00;;;;;;;;;;;;;;0;0.00;0.00;;202.50;;3.00;0.80;-1.70;;1.30;-1.70;;;;2.70;;;;10.50;;;;1.00;10.30;6.90;14.60;1.20;10.50;7.00;14.20;1.20;-2.40;8.70;2.50;27.00;;;;22.00;;;;32.00;;;;;;;;42.00;;;;;;;;;;;;57.00;;;;;;;;;;;;;;;;;;;;;;;;;;;;;;;;;;;;;;;;;;;;;;;;;;;;;;;;;;;;;;;;;;;;;;;;;;;;;;;;;;;;;;;;;;;;;;;;;;;;;;;;;;;;;;;;;;;;;;;;;;;;;;;;;;;;;;;;;;;;;;;;;;;;;;;;;;;;;;;;;;;;;;;;;;;;;;;;;;;;;;;;;;;;;;;;;;;;;;;;;;;;;;;;;;;;;;55.00;;;;;;;;;;;;;;;;;;;;;;;;;;;;;;;;;;;37.00;37.00;37.00;;;;;;;;;;;;;;47.00;46.00;47.00;;;;16.10;;;;;;;;;;;1007.90;2000.00;261.80;0.00;0.00;272.70;;;;;;;;;;;;;;;;;;;;;;2000.10;2000.10;11;1;;;;;;;;;;;;;;;;;;;;;;;;0.30;0;0;0.00;0.00;;;;;100.00;100.00;100.00;;111.00;111.00;111.00;;99.00;99.00;100.00;;;;;;;;;;;;;0;10.40;13.10;8.10;14.90;15.50;14.30;1740;2096;1014;204;205;1550.30;;;32745412;13.00;;;;;;25.00
1579095600000;2020-01-15T14:40:00.000+0100;;;;;;;;;1.00;-460.10;386.10;385.90;386.00;1661.00;1651.00;1651.00;0.90;;;;;0.90;0.90;;;;;;;;;1.0;;;;;;;;;;;;;;;;;;;;;;;;;;;;;;;;;;;;;;;;;;;;50.00;;;;;;;;;;;;;;;;;;;;;;;;;;;;;;;;;;;;;;39.00;53.00;37.00;14.00;;;;84.00;85.00;80.00;;;;;;;;;1648.70;1484.60;-421.100;-502.100;;;;;;;;;;;;;2000.100;-474.000;;;;;;;;;;88.00;88.00;89.00;;;;;;;;;70552;;;;;;;;;;;;;;1836.000;;;;;;;;;;;;54.00;40.00;;;;;;;;;;;;;;0;0.00;0.00;;207.40;;3.00;0.30;-5.10;;1.50;-2.20;;;;2.30;;;;11.00;;;;0.80;10.80;7.10;13.80;1.10;10.90;8.20;14.80;1.10;-2.20;7.30;2.50;27.00;;;;22.00;;;;30.00;;;;;;;;42.00;;;;;;;;;;;;57.00;;;;;;;;;;;;;;;;;;;;;;;;;;;;;;;;;;;;;;;;;;;;;;;;;;;;;;;;;;;;;;;;;;;;;;;;;;;;;;;;;;;;;;;;;;;;;;;;;;;;;;;;;;;;;;;;;;;;;;;;;;;;;;;;;;;;;;;;;;;;;;;;;;;;;;;;;;;;;;;;;;;;;;;;;;;;;;;;;;;;;;;;;;;;;;;;;;;;;;;;;;;;;;;;;;;;;;55.00;;;;;;;;;;;;;;;;;;;;;;;;;;;;;;;;;;;37.00;37.00;37.00;;;;;;;;;;;;;;47.00;47.00;47.00;;;;23.30;;;;;;;;;;;1168.30;2000.00;208.50;0.00;0.00;222.70;;;;;;;;;;;;;;;;;;;;;;2000.10;2000.10;11;1;;;;;;;;;;;;;;;;;;;;;;;;0.30;0;0;0.00;0.00;;;;;100.00;100.00;100.00;;111.00;111.00;111.00;;100.00;99.00;100.00;;;;;;;;;;;;;0;10.90;12.90;8.50;14.90;15.80;14.30;1858;2110;1184;207;207;1550.30;;;32745722;13.00;;;;;;26.00
1579096200000;2020-01-15T14:50:00.000+0100;;;;;;;;;1.00;-459.40;386.50;386.40;386.50;1700.00;1690.00;1689.00;0.90;;;;;0.90;0.90;;;;;;;;;1.0;;;;;;;;;;;;;;;;;;;;;;;;;;;;;;;;;;;;;;;;;;;;50.00;;;;;;;;;;;;;;;;;;;;;;;;;;;;;;;;;;;;;;39.00;53.00;37.00;14.00;;;;86.00;88.00;83.00;;;;;;;;;1614.70;1478.10;-425.000;-504.500;;;;;;;;;;;;;2000.100;-444.000;;;;;;;;;;90.00;90.00;91.00;;;;;;;;;70552;;;;;;;;;;;;;;1886.800;;;;;;;;;;;;54.00;40.00;;;;;;;;;;;;;;0;0.00;0.00;;213.00;;3.00;-0.30;-12.70;;2.30;-2.60;;;;2.00;;;;11.10;;;;0.70;10.90;7.60;13.80;1.00;11.00;7.40;14.00;1.10;-1.90;6.00;2.00;27.00;;;;22.00;;;;31.00;;;;;;;;42.00;;;;;;;;;;;;57.00;;;;;;;;;;;;;;;;;;;;;;;;;;;;;;;;;;;;;;;;;;;;;;;;;;;;;;;;;;;;;;;;;;;;;;;;;;;;;;;;;;;;;;;;;;;;;;;;;;;;;;;;;;;;;;;;;;;;;;;;;;;;;;;;;;;;;;;;;;;;;;;;;;;;;;;;;;;;;;;;;;;;;;;;;;;;;;;;;;;;;;;;;;;;;;;;;;;;;;;;;;;;;;;;;;;;;;56.00;;;;;;;;;;;;;;;;;;;;;;;;;;;;;;;;;;;37.00;37.00;37.00;;;;;;;;;;;;;;47.00;47.00;47.00;;;;23.90;;;;;;;;;;;1278.80;2000.00;164.00;0.00;0.00;176.50;;;;;;;;;;;;;;;;;;;;;;2000.10;2000.10;11;1;;;;;;;;;;;;;;;;;;;;;;;;0.30;0;0;0.00;0.00;;;;;100.00;100.00;100.00;;111.00;111.00;111.00;;100.00;100.00;100.00;;;;;;;;;;;;;0;11.00;13.20;9.20;14.90;15.50;14.30;1907;2112;1294;209;208;1550.90;;;32746040;13.00;;;;;;26.00
1579096800000;2020-01-15T15:00:00.000+0100;;;;;;;;;1.00;-447.00;385.60;385.40;385.70;1394.00;1385.00;1384.00;-1.60;;;;;-1.60;-1.60;;;;;;;;;1.0;;;;;;;;;;;;;;;;;;;;;;;;;;;;;;;;;;;;;;;;;;;;50.00;;;;;;;;;;;;;;;;;;;;;;;;;;;;;;;;;;;;;;39.00;53.00;37.00;14.00;;;;87.00;89.00;84.00;;;;;;;;;1616.50;1491.80;-410.000;-498.900;;;;;;;;;;;;;2000.100;-463.000;;;;;;;;;;89.00;89.00;90.00;;;;;;;;;70552;;;;;;;;;;;;;;1525.400;;;;;;;;;;;;54.00;40.00;;;;;;;;;;;;;;0;0.00;0.00;;208.30;;3.00;1.10;-0.30;;3.20;-1.00;;;;2.80;;;;9.70;;;;0.80;9.60;6.40;13.90;1.10;9.80;6.80;13.50;1.10;-2.40;3.70;0.90;27.00;;;;22.00;;;;32.00;;;;;;;;42.00;;;;;;;;;;;;57.00;;;;;;;;;;;;;;;;;;;;;;;;;;;;;;;;;;;;;;;;;;;;;;;;;;;;;;;;;;;;;;;;;;;;;;;;;;;;;;;;;;;;;;;;;;;;;;;;;;;;;;;;;;;;;;;;;;;;;;;;;;;;;;;;;;;;;;;;;;;;;;;;;;;;;;;;;;;;;;;;;;;;;;;;;;;;;;;;;;;;;;;;;;;;;;;;;;;;;;;;;;;;;;;;;;;;;;56.00;;;;;;;;;;;;;;;;;;;;;;;;;;;;;;;;;;;37.00;37.00;37.00;;;;;;;;;;;;;;47.00;47.00;47.00;;;;14.90;;;;;;;;;;;905.90;2000.00;291.20;0.00;0.00;308.80;;;;;;;;;;;;;;;;;;;;;;2000.10;2000.10;11;1;;;;;;;;;;;;;;;;;;;;;;;;0.00;0;0;0.00;0.00;;;;;100.00;100.00;101.00;;111.00;111.00;112.00;;100.00;100.00;100.00;;;;;;;;;;;;;0;9.70;12.70;7.70;14.90;15.50;14.30;1538;2111;914;211;212;1551.20;;;32746296;13.00;;;;;;26.00
1579097400000;2020-01-15T15:10:00.000+0100;;;;;;;;;1.00;-459.30;386.10;386.00;386.10;1715.00;1705.00;1704.00;1.20;;;;;1.10;1.20;;;;;;;;;1.0;;;;;;;;;;;;;;;;;;;;;;;;;;;;;;;;;;;;;;;;;;;;50.00;;;;;;;;;;;;;;;;;;;;;;;;;;;;;;;;;;;;;;39.00;53.00;37.00;14.00;;;;87.00;89.00;84.00;;;;;;;;;1647.00;1487.60;-404.500;-512.700;;;;;;;;;;;;;2000.100;-448.000;;;;;;;;;;90.00;90.00;91.00;;;;;;;;;70552;;;;;;;;;;;;;;1900.900;;;;;;;;;;;;54.00;40.00;;;;;;;;;;;;;;0;0.00;0.00;;207.00;;3.00;-1.60;-9.30;;1.40;-4.00;;;;0.20;;;;11.20;;;;0.80;10.90;8.00;15.20;1.10;11.10;8.30;15.60;1.20;-1.80;7.50;2.50;27.00;;;;22.00;;;;33.00;;;;;;;;42.00;;;;;;;;;;;;57.00;;;;;;;;;;;;;;;;;;;;;;;;;;;;;;;;;;;;;;;;;;;;;;;;;;;;;;;;;;;;;;;;;;;;;;;;;;;;;;;;;;;;;;;;;;;;;;;;;;;;;;;;;;;;;;;;;;;;;;;;;;;;;;;;;;;;;;;;;;;;;;;;;;;;;;;;;;;;;;;;;;;;;;;;;;;;;;;;;;;;;;;;;;;;;;;;;;;;;;;;;;;;;;;;;;;;;;56.00;;;;;;;;;;;;;;;;;;;;;;;;;;;;;;;;;;;37.00;37.00;37.00;;;;;;;;;;;;;;47.00;47.00;47.00;;;;24.50;;;;;;;;;;;1357.30;2000.00;138.40;0.00;0.00;151.20;;;;;;;;;;;;;;;;;;;;;;2000.10;2000.10;11;1;;;;;;;;;;;;;;;;;;;;;;;;0.30;0;0;0.00;0.00;;;;;101.00;101.00;101.00;;112.00;112.00;112.00;;100.00;100.00;100.00;;;;;;;;;;;;;0;11.00;13.30;9.00;14.90;15.80;14.30;1923;2111;1362;207;206;1550.30;;;32746616;12.00;;;;;;26.00
1579098000000;2020-01-15T15:20:00.000+0100;;;;;;;;;1.00;-448.10;385.30;385.10;385.30;1604.00;1594.00;1593.00;-0.60;;;;;-0.50;-0.50;;;;;;;;;1.0;;;;;;;;;;;;;;;;;;;;;;;;;;;;;;;;;;;;;;;;;;;;50.00;;;;;;;;;;;;;;;;;;;;;;;;;;;;;;;;;;;;;;39.00;53.00;37.00;13.00;;;;83.00;87.00;80.00;;;;;;;;;1622.50;1501.90;-402.700;-492.100;;;;;;;;;;;;;2000.100;-434.000;;;;;;;;;;90.00;90.00;91.00;;;;;;;;;70552;;;;;;;;;;;;;;1766.200;;;;;;;;;;;;54.00;40.00;;;;;;;;;;;;;;0;0.00;0.00;;206.00;;3.00;0.20;-1.80;;0.60;-1.90;;;;2.20;;;;10.50;;;;0.80;10.30;7.70;13.50;1.00;10.50;7.20;14.20;1.20;-2.00;5.70;1.50;27.00;;;;22.00;;;;34.00;;;;;;;;42.00;;;;;;;;;;;;57.00;;;;;;;;;;;;;;;;;;;;;;;;;;;;;;;;;;;;;;;;;;;;;;;;;;;;;;;;;;;;;;;;;;;;;;;;;;;;;;;;;;;;;;;;;;;;;;;;;;;;;;;;;;;;;;;;;;;;;;;;;;;;;;;;;;;;;;;;;;;;;;;;;;;;;;;;;;;;;;;;;;;;;;;;;;;;;;;;;;;;;;;;;;;;;;;;;;;;;;;;;;;;;;;;;;;;;;56.00;;;;;;;;;;;;;;;;;;;;;;;;;;;;;;;;;;;37.00;37.00;37.00;;;;;;;;;;;;;;47.00;47.00;47.00;;;;19.40;;;;;;;;;;;1143.40;2000.00;208.70;0.00;0.00;228.60;;;;;;;;;;;;;;;;;;;;;;2000.10;2000.10;11;1;;;;;;;;;;;;;;;;;;;;;;;;0.30;0;0;0.00;0.00;;;;;102.00;101.00;103.00;;113.00;112.00;114.00;;102.00;100.00;103.00;;;;;;;;;;;;;0;10.40;12.40;8.20;14.90;15.50;14.30;1789;2110;1149;207;207;1551.20;;;32746914;12.00;;;;;;26.00
1579098600000;2020-01-15T15:30:00.000+0100;;;;;;;;;1.00;-445.40;385.90;385.80;386.00;1547.00;1538.00;1537.00;-0.90;;;;;-0.90;-0.90;;;;;;;;;1.0;;;;;;;;;;;;;;;;;;;;;;;;;;;;;;;;;;;;;;;;;;;;50.00;;;;;;;;;;;;;;;;;;;;;;;;;;;;;;;;;;;;;;39.00;53.00;37.00;13.00;;;;71.00;79.00;68.00;;;;;;;;;1618.60;1479.50;-405.000;-483.300;;;;;;;;;;;;;2000.100;-431.000;;;;;;;;;;90.00;90.00;91.00;;;;;;;;;70552;;;;;;;;;;;;;;1713.900;;;;;;;;;;;;54.00;40.00;;;;;;;;;;;;;;0;0.00;0.00;;207.90;;3.00;-0.70;-2.90;;1.10;-3.30;;;;1.80;;;;10.30;;;;0.70;10.10;6.80;13.50;1.00;10.30;6.10;14.00;1.00;-2.50;4.70;1.20;27.00;;;;22.00;;;;35.00;;;;;;;;42.00;;;;;;;;;;;;57.00;;;;;;;;;;;;;;;;;;;;;;;;;;;;;;;;;;;;;;;;;;;;;;;;;;;;;;;;;;;;;;;;;;;;;;;;;;;;;;;;;;;;;;;;;;;;;;;;;;;;;;;;;;;;;;;;;;;;;;;;;;;;;;;;;;;;;;;;;;;;;;;;;;;;;;;;;;;;;;;;;;;;;;;;;;;;;;;;;;;;;;;;;;;;;;;;;;;;;;;;;;;;;;;;;;;;;;56.00;;;;;;;;;;;;;;;;;;;;;;;;;;;;;;;;;;;37.00;37.00;37.00;;;;;;;;;;;;;;47.00;47.00;47.00;;;;16.40;;;;;;;;;;;1191.80;2000.00;218.10;0.00;0.00;230.70;;;;;;;;;;;;;;;;;;;;;;2000.10;2000.10;11;1;;;;;;;;;;;;;;;;;;;;;;;;0.30;0;0;0.00;0.00;;;;;103.00;103.00;103.00;;114.00;114.00;114.00;;103.00;103.00;103.00;;;;;;;;;;;;;0;10.20;12.20;7.10;14.90;15.50;14.30;1725;2109;1198;207;207;1549.70;;;32747200;12.00;;;;;;26.00
1579099200000;2020-01-15T15:40:00.000+0100;;;;;;;;;1.00;-430.00;386.10;385.90;386.20;1472.00;1463.00;1462.00;-1.00;;;;;-1.00;-1.00;;;;;;;;;1.0;;;;;;;;;;;;;;;;;;;;;;;;;;;;;;;;;;;;;;;;;;;;50.00;;;;;;;;;;;;;;;;;;;;;;;;;;;;;;;;;;;;;;39.00;53.00;37.00;13.00;;;;63.00;73.00;60.00;;;;;;;;;1612.90;1477.50;-375.000;-467.800;;;;;;;;;;;;;2000.100;-480.000;;;;;;;;;;89.00;89.00;90.00;;;;;;;;;70553;;;;;;;;;;;;;;1627.900;;;;;;;;;;;;54.00;40.00;;;;;;;;;;;;;;0;0.00;0.00;;204.90;;3.00;0.20;-15.80;;3.00;-2.40;;;;2.40;;;;10.10;;;;1.00;9.80;6.20;13.20;1.20;10.10;6.30;13.10;1.20;-2.40;5.30;1.60;27.00;;;;22.00;;;;33.00;;;;;;;;42.00;;;;;;;;;;;;57.00;;;;;;;;;;;;;;;;;;;;;;;;;;;;;;;;;;;;;;;;;;;;;;;;;;;;;;;;;;;;;;;;;;;;;;;;;;;;;;;;;;;;;;;;;;;;;;;;;;;;;;;;;;;;;;;;;;;;;;;;;;;;;;;;;;;;;;;;;;;;;;;;;;;;;;;;;;;;;;;;;;;;;;;;;;;;;;;;;;;;;;;;;;;;;;;;;;;;;;;;;;;;;;;;;;;;;;56.00;;;;;;;;;;;;;;;;;;;;;;;;;;;;;;;;;;;37.00;37.00;37.00;;;;;;;;;;;;;;47.00;47.00;47.00;;;;17.60;;;;;;;;;;;867.80;2000.00;321.30;0.00;0.00;332.30;;;;;;;;;;;;;;;;;;;;;;2000.10;2000.10;11;1;;;;;;;;;;;;;;;;;;;;;;;;0.30;0;0;0.00;0.00;;;;;103.00;103.00;104.00;;114.00;114.00;114.00;;103.00;103.00;104.00;;;;;;;;;;;;;0;10.00;12.20;6.80;14.90;15.50;14.30;1639;2106;877;202;202;1548.80;;;32747476;12.00;;;;;;27.00
1579099800000;2020-01-15T15:50:00.000+0100;;;;;;;;;0.90;-425.40;385.70;385.60;385.90;1206.00;1199.00;1197.00;-2.00;;;;;-2.00;-2.00;;;;;;;;;1.0;;;;;;;;;;;;;;;;;;;;;;;;;;;;;;;;;;;;;;;;;;;;50.00;;;;;;;;;;;;;;;;;;;;;;;;;;;;;;;;;;;;;;39.00;53.00;37.00;13.00;;;;57.00;68.00;53.00;;;;;;;;;1583.40;1450.90;-388.400;-480.800;;;;;;;;;;;;;2000.100;-444.000;;;;;;;;;;87.00;87.00;88.00;;;;;;;;;70553;;;;;;;;;;;;;;1316.800;;;;;;;;;;;;54.00;41.00;;;;;;;;;;;;;;0;0.00;0.00;;202.70;;3.00;-1.20;-7.90;;1.10;-3.40;;;;0.70;;;;9.10;;;;0.80;9.00;5.50;11.90;1.00;9.20;5.70;12.40;1.10;-2.40;-0.40;0.40;27.00;;;;22.00;;;;31.00;;;;;;;;42.00;;;;;;;;;;;;57.00;;;;;;;;;;;;;;;;;;;;;;;;;;;;;;;;;;;;;;;;;;;;;;;;;;;;;;;;;;;;;;;;;;;;;;;;;;;;;;;;;;;;;;;;;;;;;;;;;;;;;;;;;;;;;;;;;;;;;;;;;;;;;;;;;;;;;;;;;;;;;;;;;;;;;;;;;;;;;;;;;;;;;;;;;;;;;;;;;;;;;;;;;;;;;;;;;;;;;;;;;;;;;;;;;;;;;;55.00;;;;;;;;;;;;;;;;;;;;;;;;;;;;;;;;;;;37.00;36.00;37.00;;;;;;;;;;;;;;47.00;46.00;47.00;;;;20.30;;;;;;;;;;;651.10;1976.40;304.70;0.00;0.00;306.00;;;;;;;;;;;;;;;;;;;;;;2000.10;2000.10;11;1;;;;;;;;;;;;;;;;;;;;;;;;0.30;0;0;0.00;0.00;;;;;104.00;103.00;104.00;;114.00;114.00;115.00;;103.00;103.00;104.00;;;;;;;;;;;;;0;9.10;11.50;6.60;14.90;15.20;14.00;1318;1996;657;198;197;1545.50;;;32747694;12.00;;;;;;27.00
1579100400000;2020-01-15T16:00:00.000+0100;;;;;;;;;1.00;-431.20;384.80;384.70;385.00;1481.00;1472.00;1471.00;-1.40;;;;;-1.40;-1.40;;;;;;;;;1.0;;;;;;;;;;;;;;;;;;;;;;;;;;;;;;;;;;;;;;;;;;;;50.00;;;;;;;;;;;;;;;;;;;;;;;;;;;;;;;;;;;;;;39.00;53.00;37.00;13.00;;;;59.00;68.00;54.00;;;;;;;;;1596.80;1514.20;-386.100;-478.300;;;;;;;;;;;;;2000.100;-423.000;;;;;;;;;;87.00;87.00;88.00;;;;;;;;;70553;;;;;;;;;;;;;;1636.600;;;;;;;;;;;;54.00;40.00;;;;;;;;;;;;;;0;0.00;0.00;;196.60;;3.00;0.40;-2.40;;0.90;-1.60;;;;2.20;;;;10.00;;;;0.60;9.80;7.00;12.50;0.90;10.20;7.40;13.60;1.00;-2.30;0.40;0.50;27.00;;;;22.00;;;;30.00;;;;;;;;42.00;;;;;;;;;;;;57.00;;;;;;;;;;;;;;;;;;;;;;;;;;;;;;;;;;;;;;;;;;;;;;;;;;;;;;;;;;;;;;;;;;;;;;;;;;;;;;;;;;;;;;;;;;;;;;;;;;;;;;;;;;;;;;;;;;;;;;;;;;;;;;;;;;;;;;;;;;;;;;;;;;;;;;;;;;;;;;;;;;;;;;;;;;;;;;;;;;;;;;;;;;;;;;;;;;;;;;;;;;;;;;;;;;;;;;55.00;;;;;;;;;;;;;;;;;;;;;;;;;;;;;;;;;;;37.00;36.00;37.00;;;;;;;;;;;;;;47.00;47.00;47.00;;;;10.70;;;;;;;;;;;1125.90;2000.00;214.50;0.00;0.00;226.80;;;;;;;;;;;;;;;;;;;;;;2000.10;2000.10;11;1;;;;;;;;;;;;;;;;;;;;;;;;0.00;0;0;0.00;0.00;;;;;102.00;101.00;103.00;;113.00;113.00;114.00;;102.00;101.00;103.00;;;;;;;;;;;;;0;10.00;11.80;8.40;14.90;15.20;14.60;1646;2106;1134;197;197;1549.70;;;32747970;11.00;;;;;;27.00
1579101000000;2020-01-15T16:10:00.000+0100;;;;;;;;;1.00;-422.70;385.50;385.50;385.70;1351.00;1343.00;1341.00;-1.80;;;;;-1.80;-1.80;;;;;;;;;1.0;;;;;;;;;;;;;;;;;;;;;;;;;;;;;;;;;;;;;;;;;;;;50.00;;;;;;;;;;;;;;;;;;;;;;;;;;;;;;;;;;;;;;39.00;53.00;37.00;13.00;;;;65.00;72.00;61.00;;;;;;;;;1578.00;1513.00;-390.300;-450.100;;;;;;;;;;;;;2000.100;-407.000;;;;;;;;;;86.00;86.00;87.00;;;;;;;;;70553;;;;;;;;;;;;;;1495.800;;;;;;;;;;;;54.00;40.00;;;;;;;;;;;;;;0;0.00;0.00;;201.10;;3.00;-0.50;-5.50;;1.20;-2.80;;;;1.70;;;;9.60;;;;0.80;9.30;5.70;12.50;1.00;9.60;5.70;12.60;1.00;-2.40;-0.90;0.30;27.00;;;;21.00;;;;31.00;;;;;;;;41.00;;;;;;;;;;;;57.00;;;;;;;;;;;;;;;;;;;;;;;;;;;;;;;;;;;;;;;;;;;;;;;;;;;;;;;;;;;;;;;;;;;;;;;;;;;;;;;;;;;;;;;;;;;;;;;;;;;;;;;;;;;;;;;;;;;;;;;;;;;;;;;;;;;;;;;;;;;;;;;;;;;;;;;;;;;;;;;;;;;;;;;;;;;;;;;;;;;;;;;;;;;;;;;;;;;;;;;;;;;;;;;;;;;;;;55.00;;;;;;;;;;;;;;;;;;;;;;;;;;;;;;;;;;;37.00;36.00;37.00;;;;;;;;;;;;;;47.00;46.00;47.00;;;;9.80;;;;;;;;;;;893.60;1942.50;212.20;0.00;0.00;211.70;;;;;;;;;;;;;;;;;;;;;;2000.10;2000.10;11;1;;;;;;;;;;;;;;;;;;;;;;;;0.00;0;0;0.00;0.00;;;;;101.00;101.00;101.00;;112.00;112.00;113.00;;101.00;101.00;101.00;;;;;;;;;;;;;0;9.50;11.60;7.10;14.90;15.20;14.60;1496;1939;920;199;198;1548.80;;;32748220;11.00;;;;;;26.00
1579101600000;2020-01-15T16:20:00.000+0100;;;;;;;;;0.90;-405.40;385.60;385.70;385.90;1129.00;1122.00;1120.00;-2.20;;;;;-2.20;-2.20;;;;;;;;;1.0;;;;;;;;;;;;;;;;;;;;;;;;;;;;;;;;;;;;;;;;;;;;50.00;;;;;;;;;;;;;;;;;;;;;;;;;;;;;;;;;;;;;;39.00;52.00;36.00;13.00;;;;68.00;73.00;63.00;;;;;;;;;1574.70;1527.30;-376.900;-439.400;;;;;;;;;;;;;2000.100;-406.000;;;;;;;;;;84.00;84.00;85.00;;;;;;;;;70553;;;;;;;;;;;;;;1233.900;;;;;;;;;;;;54.00;40.00;;;;;;;;;;;;;;0;0.00;0.00;;197.80;;3.00;0.60;-2.90;;0.80;-1.50;;;;3.70;;;;8.90;;;;0.60;8.50;5.00;11.70;0.90;8.90;6.20;11.90;0.90;-2.50;-1.50;0.20;27.00;;;;21.00;;;;32.00;;;;;;;;41.00;;;;;;;;;;;;57.00;;;;;;;;;;;;;;;;;;;;;;;;;;;;;;;;;;;;;;;;;;;;;;;;;;;;;;;;;;;;;;;;;;;;;;;;;;;;;;;;;;;;;;;;;;;;;;;;;;;;;;;;;;;;;;;;;;;;;;;;;;;;;;;;;;;;;;;;;;;;;;;;;;;;;;;;;;;;;;;;;;;;;;;;;;;;;;;;;;;;;;;;;;;;;;;;;;;;;;;;;;;;;;;;;;;;;;55.00;;;;;;;;;;;;;;;;;;;;;;;;;;;;;;;;;;;37.00;36.00;37.00;;;;;;;;;;;;;;46.00;46.00;46.00;;;;7.80;;;;;;;;;;;873.30;1874.40;201.20;0.00;0.00;200.90;;;;;;;;;;;;;;;;;;;;;;2000.10;2000.10;11;1;;;;;;;;;;;;;;;;;;;;;;;;0.00;0;0;0.00;0.00;;;;;101.00;101.00;101.00;;112.00;112.00;112.00;;100.00;100.00;101.00;;;;;;;;;;;;;0;8.70;10.70;7.40;14.90;15.20;14.60;1234;1865;882;198;199;1550.00;;;32748424;11.00;;;;;;25.00
1579102200000;2020-01-15T16:30:00.000+0100;;;;;;;;;0.90;-408.40;385.40;385.40;385.80;1140.00;1133.00;1131.00;-2.20;;;;;-2.20;-2.20;;;;;;;;;1.0;;;;;;;;;;;;;;;;;;;;;;;;;;;;;;;;;;;;;;;;;;;;50.00;;;;;;;;;;;;;;;;;;;;;;;;;;;;;;;;;;;;;;39.00;52.00;36.00;12.00;;;;68.00;73.00;64.00;;;;;;;;;1577.70;1496.60;-381.400;-437.900;;;;;;;;;;;;;2000.100;-412.000;;;;;;;;;;83.00;83.00;83.00;;;;;;;;;70553;;;;;;;;;;;;;;1245.000;;;;;;;;;;;;54.00;40.00;;;;;;;;;;;;;;0;0.00;0.00;;199.50;;3.00;0.00;0.00;;1.60;-2.50;;;;2.30;;;;8.90;;;;0.70;8.50;6.10;11.80;0.90;8.90;6.50;12.10;1.00;-2.40;-1.80;0.20;27.00;;;;21.00;;;;33.00;;;;;;;;41.00;;;;;;;;;;;;57.00;;;;;;;;;;;;;;;;;;;;;;;;;;;;;;;;;;;;;;;;;;;;;;;;;;;;;;;;;;;;;;;;;;;;;;;;;;;;;;;;;;;;;;;;;;;;;;;;;;;;;;;;;;;;;;;;;;;;;;;;;;;;;;;;;;;;;;;;;;;;;;;;;;;;;;;;;;;;;;;;;;;;;;;;;;;;;;;;;;;;;;;;;;;;;;;;;;;;;;;;;;;;;;;;;;;;;;55.00;;;;;;;;;;;;;;;;;;;;;;;;;;;;;;;;;;;36.00;36.00;37.00;;;;;;;;;;;;;;46.00;46.00;46.00;;;;10.70;;;;;;;;;;;819.70;1833.70;206.70;0.00;0.00;206.40;;;;;;;;;;;;;;;;;;;;;;2000.10;2000.10;11;1;;;;;;;;;;;;;;;;;;;;;;;;0.00;0;0;0.00;0.00;;;;;100.00;100.00;101.00;;112.00;111.00;112.00;;100.00;100.00;100.00;;;;;;;;;;;;;0;8.70;10.60;7.00;14.90;15.20;14.30;1245;1824;825;198;198;1547.60;;;32748632;11.00;;;;;;25.00
1579102800000;2020-01-15T16:40:00.000+0100;;;;;;;;;1.00;-415.90;384.90;384.80;385.30;1224.00;1216.00;1215.00;-2.10;;;;;-2.10;-2.10;;;;;;;;;1.0;;;;;;;;;;;;;;;;;;;;;;;;;;;;;;;;;;;;;;;;;;;;50.00;;;;;;;;;;;;;;;;;;;;;;;;;;;;;;;;;;;;;;39.00;52.00;36.00;12.00;;;;69.00;73.00;65.00;;;;;;;;;1573.50;1528.50;-383.400;-436.400;;;;;;;;;;;;;2000.100;-413.000;;;;;;;;;;83.00;83.00;83.00;;;;;;;;;70554;;;;;;;;;;;;;;1342.700;;;;;;;;;;;;54.00;39.00;;;;;;;;;;;;;;0;0.00;0.00;;196.50;;3.00;-1.30;-1.90;;0.50;-4.10;;;;1.50;;;;9.20;;;;0.60;9.00;6.30;12.00;0.90;9.30;6.40;12.10;0.90;-2.40;-1.70;0.30;27.00;;;;21.00;;;;34.00;;;;;;;;41.00;;;;;;;;;;;;57.00;;;;;;;;;;;;;;;;;;;;;;;;;;;;;;;;;;;;;;;;;;;;;;;;;;;;;;;;;;;;;;;;;;;;;;;;;;;;;;;;;;;;;;;;;;;;;;;;;;;;;;;;;;;;;;;;;;;;;;;;;;;;;;;;;;;;;;;;;;;;;;;;;;;;;;;;;;;;;;;;;;;;;;;;;;;;;;;;;;;;;;;;;;;;;;;;;;;;;;;;;;;;;;;;;;;;;;55.00;;;;;;;;;;;;;;;;;;;;;;;;;;;;;;;;;;;36.00;36.00;37.00;;;;;;;;;;;;;;46.00;46.00;46.00;;;;7.80;;;;;;;;;;;924.90;1823.60;183.70;0.00;0.00;183.40;;;;;;;;;;;;;;;;;;;;;;2000.10;2000.10;11;1;;;;;;;;;;;;;;;;;;;;;;;;0.00;0;0;0.00;0.00;;;;;100.00;100.00;100.00;;111.00;111.00;111.00;;99.00;99.00;100.00;;;;;;;;;;;;;0;9.20;10.60;7.30;14.90;15.20;14.60;1343;1813;939;197;196;1549.70;;;32748856;11.00;;;;;;24.00
1579103400000;2020-01-15T16:50:00.000+0100;;;;;;;;;0.90;-431.70;384.60;384.40;384.80;1241.00;1234.00;1232.00;-2.00;;;;;-2.00;-2.00;;;;;;;;;1.0;;;;;;;;;;;;;;;;;;;;;;;;;;;;;;;;;;;;;;;;;;;;50.00;;;;;;;;;;;;;;;;;;;;;;;;;;;;;;;;;;;;;;39.00;52.00;36.00;12.00;;;;69.00;73.00;65.00;;;;;;;;;1570.00;1455.10;-402.400;-462.900;;;;;;;;;;;;;2000.100;-433.000;;;;;;;;;;82.00;82.00;83.00;;;;;;;;;70554;;;;;;;;;;;;;;1356.000;;;;;;;;;;;;54.00;39.00;;;;;;;;;;;;;;0;0.00;0.00;;192.40;;3.00;-2.20;-4.30;;0.70;-4.80;;;;0.30;;;;9.20;;;;0.80;9.10;5.60;11.90;1.00;9.40;6.10;13.30;1.00;-2.40;-0.70;0.30;27.00;;;;21.00;;;;35.00;;;;;;;;41.00;;;;;;;;;;;;56.00;;;;;;;;;;;;;;;;;;;;;;;;;;;;;;;;;;;;;;;;;;;;;;;;;;;;;;;;;;;;;;;;;;;;;;;;;;;;;;;;;;;;;;;;;;;;;;;;;;;;;;;;;;;;;;;;;;;;;;;;;;;;;;;;;;;;;;;;;;;;;;;;;;;;;;;;;;;;;;;;;;;;;;;;;;;;;;;;;;;;;;;;;;;;;;;;;;;;;;;;;;;;;;;;;;;;;;55.00;;;;;;;;;;;;;;;;;;;;;;;;;;;;;;;;;;;36.00;36.00;37.00;;;;;;;;;;;;;;46.00;46.00;46.00;;;;16.40;;;;;;;;;;;761.40;1874.90;232.60;0.00;0.00;232.40;;;;;;;;;;;;;;;;;;;;;;2000.10;2000.10;11;1;;;;;;;;;;;;;;;;;;;;;;;;0.30;0;0;0.00;0.00;;;;;100.00;100.00;100.00;;111.00;111.00;111.00;;99.00;99.00;99.00;;;;;;;;;;;;;0;9.20;11.30;6.60;14.90;14.90;14.00;1356;1864;773;192;190;1547.00;;;32749082;10.00;;;;;;24.00
1579104000000;2020-01-15T17:00:00.000+0100;;;;;;;;;1.00;-439.70;384.40;384.10;384.60;1294.00;1286.00;1284.00;-2.00;;;;;-2.00;-2.00;;;;;;;;;1.0;;;;;;;;;;;;;;;;;;;;;;;;;;;;;;;;;;;;;;;;;;;;50.00;;;;;;;;;;;;;;;;;;;;;;;;;;;;;;;;;;;;;;39.00;52.00;36.00;12.00;;;;70.00;73.00;66.00;;;;;;;;;1575.90;1529.10;-418.600;-462.300;;;;;;;;;;;;;2000.100;-432.000;;;;;;;;;;83.00;83.00;83.00;;;;;;;;;70554;;;;;;;;;;;;;;1416.600;;;;;;;;;;;;53.00;39.00;;;;;;;;;;;;;;0;0.00;0.00;;189.40;;3.00;0.60;-7.40;;1.90;-2.30;;;;3.10;;;;9.40;;;;0.60;9.10;6.80;11.90;0.90;9.40;6.70;11.70;0.90;-2.40;-1.20;0.30;27.00;;;;21.00;;;;33.00;;;;;;;;41.00;;;;;;;;;;;;56.00;;;;;;;;;;;;;;;;;;;;;;;;;;;;;;;;;;;;;;;;;;;;;;;;;;;;;;;;;;;;;;;;;;;;;;;;;;;;;;;;;;;;;;;;;;;;;;;;;;;;;;;;;;;;;;;;;;;;;;;;;;;;;;;;;;;;;;;;;;;;;;;;;;;;;;;;;;;;;;;;;;;;;;;;;;;;;;;;;;;;;;;;;;;;;;;;;;;;;;;;;;;;;;;;;;;;;;55.00;;;;;;;;;;;;;;;;;;;;;;;;;;;;;;;;;;;36.00;36.00;36.00;;;;;;;;;;;;;;46.00;46.00;46.00;;;;8.70;;;;;;;;;;;831.40;1847.40;178.40;0.00;0.00;178.00;;;;;;;;;;;;;;;;;;;;;;2000.10;2000.10;11;1;;;;;;;;;;;;;;;;;;;;;;;;0.00;0;0;0.00;0.00;;;;;99.00;99.00;100.00;;111.00;111.00;111.00;;99.00;99.00;99.00;;;;;;;;;;;;;0;9.20;10.80;7.60;14.90;15.20;14.60;1417;1833;854;188;188;1550.00;;;32749316;10.00;;;;;;24.00
1579104600000;2020-01-15T17:10:00.000+0100;;;;;;;;;1.00;-436.50;384.20;383.90;384.40;1323.00;1315.00;1313.00;-2.10;;;;;-2.10;-2.10;;;;;;;;;1.0;;;;;;;;;;;;;;;;;;;;;;;;;;;;;;;;;;;;;;;;;;;;50.00;;;;;;;;;;;;;;;;;;;;;;;;;;;;;;;;;;;;;;39.00;52.00;36.00;12.00;;;;71.00;74.00;67.00;;;;;;;;;1576.50;1530.60;-390.600;-469.400;;;;;;;;;;;;;2000.100;-430.000;;;;;;;;;;83.00;83.00;84.00;;;;;;;;;70554;;;;;;;;;;;;;;1452.900;;;;;;;;;;;;53.00;39.00;;;;;;;;;;;;;;0;0.00;0.00;;188.20;;3.00;1.50;-4.00;;0.60;-0.60;;;;3.90;;;;9.40;;;;0.50;9.10;6.50;11.90;0.80;9.40;6.50;12.60;0.80;-2.40;-1.60;0.30;26.00;;;;21.00;;;;31.00;;;;;;;;41.00;;;;;;;;;;;;56.00;;;;;;;;;;;;;;;;;;;;;;;;;;;;;;;;;;;;;;;;;;;;;;;;;;;;;;;;;;;;;;;;;;;;;;;;;;;;;;;;;;;;;;;;;;;;;;;;;;;;;;;;;;;;;;;;;;;;;;;;;;;;;;;;;;;;;;;;;;;;;;;;;;;;;;;;;;;;;;;;;;;;;;;;;;;;;;;;;;;;;;;;;;;;;;;;;;;;;;;;;;;;;;;;;;;;;;55.00;;;;;;;;;;;;;;;;;;;;;;;;;;;;;;;;;;;36.00;36.00;36.00;;;;;;;;;;;;;;46.00;46.00;46.00;;;;7.20;;;;;;;;;;;993.00;1807.20;118.60;0.00;0.00;118.00;;;;;;;;;;;;;;;;;;;;;;2000.10;2000.10;11;1;;;;;;;;;;;;;;;;;;;;;;;;0.00;0;0;0.00;0.00;;;;;99.00;99.00;99.00;;110.00;110.00;111.00;;99.00;98.00;99.00;;;;;;;;;;;;;0;9.30;10.90;8.10;14.90;15.20;14.60;1453;1785;1003;188;189;1550.30;;;32749560;10.00;;;;;;24.00
1579105200000;2020-01-15T17:20:00.000+0100;;;;;;;;;1.00;-451.10;385.30;384.90;385.40;1553.00;1544.00;1544.00;-1.40;;;;;-1.40;-1.40;;;;;;;;;1.0;;;;;;;;;;;;;;;;;;;;;;;;;;;;;;;;;;;;;;;;;;;;50.00;;;;;;;;;;;;;;;;;;;;;;;;;;;;;;;;;;;;;;39.00;52.00;37.00;12.00;;;;72.00;75.00;69.00;;;;;;;;;1582.50;1530.00;-422.400;-480.900;;;;;;;;;;;;;2000.100;-453.000;;;;;;;;;;84.00;85.00;85.00;;;;;;;;;70554;;;;;;;;;;;;;;1724.300;;;;;;;;;;;;53.00;39.00;;;;;;;;;;;;;;0;0.00;0.00;;187.40;;3.00;0.00;-2.20;;0.50;-1.90;;;;2.40;;;;10.20;;;;0.60;10.00;6.50;14.50;0.90;10.30;7.00;13.10;1.00;-2.20;-0.40;0.40;26.00;;;;20.00;;;;30.00;;;;;;;;41.00;;;;;;;;;;;;56.00;;;;;;;;;;;;;;;;;;;;;;;;;;;;;;;;;;;;;;;;;;;;;;;;;;;;;;;;;;;;;;;;;;;;;;;;;;;;;;;;;;;;;;;;;;;;;;;;;;;;;;;;;;;;;;;;;;;;;;;;;;;;;;;;;;;;;;;;;;;;;;;;;;;;;;;;;;;;;;;;;;;;;;;;;;;;;;;;;;;;;;;;;;;;;;;;;;;;;;;;;;;;;;;;;;;;;;55.00;;;;;;;;;;;;;;;;;;;;;;;;;;;;;;;;;;;36.00;36.00;37.00;;;;;;;;;;;;;;46.00;46.00;46.00;;;;8.10;;;;;;;;;;;1343.60;1986.60;142.70;0.00;0.00;148.70;;;;;;;;;;;;;;;;;;;;;;2000.10;2000.10;11;1;;;;;;;;;;;;;;;;;;;;;;;;0.00;0;0;0.00;0.00;;;;;99.00;99.00;99.00;;110.00;110.00;110.00;;98.00;98.00;98.00;;;;;;;;;;;;;0;10.10;11.70;8.00;14.90;15.20;14.60;1729;2085;1364;188;188;1550.30;;;32749848;10.00;;;;;;24.00
1579105800000;2020-01-15T17:30:00.000+0100;;;;;;;;;1.00;-455.80;384.20;383.90;384.30;1524.00;1516.00;1515.00;-1.50;;;;;-1.50;-1.50;;;;;;;;;1.0;;;;;;;;;;;;;;;;;;;;;;;;;;;;;;;;;;;;;;;;;;;;50.00;;;;;;;;;;;;;;;;;;;;;;;;;;;;;;;;;;;;;;39.00;52.00;37.00;12.00;;;;74.00;77.00;71.00;;;;;;;;;1580.10;1526.10;-415.700;-477.900;;;;;;;;;;;;;2000.100;-459.000;;;;;;;;;;86.00;86.00;86.00;;;;;;;;;70554;;;;;;;;;;;;;;1684.000;;;;;;;;;;;;53.00;38.00;;;;;;;;;;;;;;0;0.00;0.00;;187.60;;3.00;-0.30;-2.50;;0.60;-2.00;;;;2.20;;;;10.10;;;;0.50;9.90;6.70;12.40;0.90;10.10;7.30;13.30;0.90;-2.20;-0.80;0.30;26.00;;;;20.00;;;;31.00;;;;;;;;41.00;;;;;;;;;;;;57.00;;;;;;;;;;;;;;;;;;;;;;;;;;;;;;;;;;;;;;;;;;;;;;;;;;;;;;;;;;;;;;;;;;;;;;;;;;;;;;;;;;;;;;;;;;;;;;;;;;;;;;;;;;;;;;;;;;;;;;;;;;;;;;;;;;;;;;;;;;;;;;;;;;;;;;;;;;;;;;;;;;;;;;;;;;;;;;;;;;;;;;;;;;;;;;;;;;;;;;;;;;;;;;;;;;;;;;55.00;;;;;;;;;;;;;;;;;;;;;;;;;;;;;;;;;;;36.00;36.00;37.00;;;;;;;;;;;;;;46.00;46.00;46.00;;;;8.10;;;;;;;;;;;1239.20;1978.10;150.90;0.00;0.00;156.00;;;;;;;;;;;;;;;;;;;;;;2000.10;2000.10;11;1;;;;;;;;;;;;;;;;;;;;;;;;0.00;0;0;0.00;0.00;;;;;99.00;99.00;99.00;;110.00;110.00;110.00;;98.00;98.00;98.00;;;;;;;;;;;;;0;10.00;11.60;8.40;14.90;15.20;14.60;1688;2083;1248;188;187;1550.30;;;32750130;10.00;;;;;;23.00
1579106400000;2020-01-15T17:40:00.000+0100;;;;;;;;;1.00;-452.10;384.10;383.90;384.20;1406.00;1398.00;1396.00;-1.70;;;;;-1.70;-1.70;;;;;;;;;1.0;;;;;;;;;;;;;;;;;;;;;;;;;;;;;;;;;;;;;;;;;;;;50.00;;;;;;;;;;;;;;;;;;;;;;;;;;;;;;;;;;;;;;39.00;52.00;36.00;11.00;;;;76.00;78.00;73.00;;;;;;;;;1572.90;1532.40;-423.400;-478.700;;;;;;;;;;;;;2000.100;-444.000;;;;;;;;;;86.00;86.00;87.00;;;;;;;;;70555;;;;;;;;;;;;;;1546.000;;;;;;;;;;;;53.00;38.00;;;;;;;;;;;;;;0;0.00;0.00;;187.00;;3.00;-2.10;-2.60;;0.60;-4.00;;;;0.10;;;;9.70;;;;0.60;9.60;7.30;12.20;0.90;9.80;7.20;12.50;0.90;-2.40;-0.70;0.40;26.00;;;;20.00;;;;32.00;;;;;;;;41.00;;;;;;;;;;;;57.00;;;;;;;;;;;;;;;;;;;;;;;;;;;;;;;;;;;;;;;;;;;;;;;;;;;;;;;;;;;;;;;;;;;;;;;;;;;;;;;;;;;;;;;;;;;;;;;;;;;;;;;;;;;;;;;;;;;;;;;;;;;;;;;;;;;;;;;;;;;;;;;;;;;;;;;;;;;;;;;;;;;;;;;;;;;;;;;;;;;;;;;;;;;;;;;;;;;;;;;;;;;;;;;;;;;;;;55.00;;;;;;;;;;;;;;;;;;;;;;;;;;;;;;;;;;;36.00;36.00;37.00;;;;;;;;;;;;;;46.00;46.00;46.00;;;;7.80;;;;;;;;;;;1038.10;1980.00;188.40;0.00;0.00;188.20;;;;;;;;;;;;;;;;;;;;;;2000.10;2000.10;11;1;;;;;;;;;;;;;;;;;;;;;;;;0.00;0;0;0.00;0.00;;;;;99.00;99.00;99.00;;110.00;110.00;110.00;;98.00;98.00;98.00;;;;;;;;;;;;;0;9.70;11.10;8.00;14.90;15.20;14.60;1547;1973;1045;187;185;1549.70;;;32750386;10.00;;;;;;23.00
1579107000000;2020-01-15T17:50:00.000+0100;;;;;;;;;1.00;-455.70;384.60;384.40;384.80;1341.00;1332.00;1331.00;-2.00;;;;;-2.00;-2.00;;;;;;;;;1.0;;;;;;;;;;;;;;;;;;;;;;;;;;;;;;;;;;;;;;;;;;;;50.00;;;;;;;;;;;;;;;;;;;;;;;;;;;;;;;;;;;;;;39.00;52.00;36.00;11.00;;;;76.00;78.00;73.00;;;;;;;;;1579.50;1526.10;-413.700;-486.300;;;;;;;;;;;;;2000.100;-476.000;;;;;;;;;;85.00;85.00;86.00;;;;;;;;;70555;;;;;;;;;;;;;;1469.600;;;;;;;;;;;;53.00;38.00;;;;;;;;;;;;;;0;0.00;0.00;;181.00;;3.00;1.20;-2.10;;1.00;-0.60;;;;3.40;;;;9.50;;;;0.50;9.20;6.80;11.40;0.80;9.40;7.20;12.40;0.80;-2.40;-1.60;0.20;26.00;;;;20.00;;;;33.00;;;;;;;;41.00;;;;;;;;;;;;57.00;;;;;;;;;;;;;;;;;;;;;;;;;;;;;;;;;;;;;;;;;;;;;;;;;;;;;;;;;;;;;;;;;;;;;;;;;;;;;;;;;;;;;;;;;;;;;;;;;;;;;;;;;;;;;;;;;;;;;;;;;;;;;;;;;;;;;;;;;;;;;;;;;;;;;;;;;;;;;;;;;;;;;;;;;;;;;;;;;;;;;;;;;;;;;;;;;;;;;;;;;;;;;;;;;;;;;;55.00;;;;;;;;;;;;;;;;;;;;;;;;;;;;;;;;;;;36.00;36.00;36.00;;;;;;;;;;;;;;46.00;46.00;46.00;;;;9.00;;;;;;;;;;;984.30;1817.30;155.80;0.00;0.00;155.00;;;;;;;;;;;;;;;;;;;;;;2000.10;2000.10;11;1;;;;;;;;;;;;;;;;;;;;;;;;0.00;0;0;0.00;0.00;;;;;99.00;99.00;99.00;;110.00;110.00;110.00;;98.00;98.00;98.00;;;;;;;;;;;;;0;9.30;10.90;8.00;14.90;15.20;14.60;1470;1807;994;180;182;1550.00;;;32750634;10.00;;;;;;23.00
1579107600000;2020-01-15T18:00:00.000+0100;;;;;;;;;1.00;-464.30;385.20;385.00;385.50;1354.00;1346.00;1344.00;-2.00;;;;;-2.00;-2.00;;;;;;;;;1.0;;;;;;;;;;;;;;;;;;;;;;;;;;;;;;;;;;;;;;;;;;;;50.00;;;;;;;;;;;;;;;;;;;;;;;;;;;;;;;;;;;;;;39.00;52.00;36.00;11.00;;;;75.00;78.00;72.00;;;;;;;;;1584.60;1518.90;-418.700;-502.800;;;;;;;;;;;;;2000.100;-464.000;;;;;;;;;;84.00;84.00;85.00;;;;;;;;;70555;;;;;;;;;;;;;;1478.100;;;;;;;;;;;;53.00;38.00;;;;;;;;;;;;;;0;0.00;0.00;;180.10;;3.00;1.50;-7.40;;1.90;-0.70;;;;3.70;;;;9.50;;;;0.80;9.10;6.80;12.60;1.00;9.40;5.90;12.90;1.10;-2.50;-0.60;0.40;26.00;;;;20.00;;;;34.00;;;;;;;;41.00;;;;;;;;;;;;56.00;;;;;;;;;;;;;;;;;;;;;;;;;;;;;;;;;;;;;;;;;;;;;;;;;;;;;;;;;;;;;;;;;;;;;;;;;;;;;;;;;;;;;;;;;;;;;;;;;;;;;;;;;;;;;;;;;;;;;;;;;;;;;;;;;;;;;;;;;;;;;;;;;;;;;;;;;;;;;;;;;;;;;;;;;;;;;;;;;;;;;;;;;;;;;;;;;;;;;;;;;;;;;;;;;;;;;;55.00;;;;;;;;;;;;;;;;;;;;;;;;;;;;;;;;;;;36.00;36.00;36.00;;;;;;;;;;;;;;46.00;46.00;46.00;;;;11.00;;;;;;;;;;;939.20;2000.00;258.80;0.00;0.00;269.80;;;;;;;;;;;;;;;;;;;;;;2000.10;2000.10;11;1;;;;;;;;;;;;;;;;;;;;;;;;0.00;0;0;0.00;0.00;;;;;99.00;99.00;99.00;;110.00;110.00;110.00;;98.00;98.00;98.00;;;;;;;;;;;;;0;9.30;11.70;7.40;14.90;15.20;14.60;1484;2104;943;180;182;1550.60;;;32750880;9.00;;;;;;23.00
1579108200000;2020-01-15T18:10:00.000+0100;;;;;;;;;1.00;-457.50;386.50;386.10;386.70;1481.00;1473.00;1471.00;-1.60;;;;;-1.60;-1.60;;;;;;;;;1.0;;;;;;;;;;;;;;;;;;;;;;;;;;;;;;;;;;;;;;;;;;;;50.00;;;;;;;;;;;;;;;;;;;;;;;;;;;;;;;;;;;;;;39.00;52.00;37.00;11.00;;;;76.00;78.00;73.00;;;;;;;;;1587.00;1508.80;-425.700;-520.300;;;;;;;;;;;;;2000.100;-454.000;;;;;;;;;;85.00;85.00;86.00;;;;;;;;;70555;;;;;;;;;;;;;;1636.500;;;;;;;;;;;;53.00;38.00;;;;;;;;;;;;;;0;0.00;0.00;;187.20;;3.00;0.00;-3.60;;0.90;-2.50;;;;2.40;;;;9.90;;;;0.70;9.80;7.10;12.70;1.00;10.00;7.10;13.20;1.00;-2.40;0.20;0.40;26.00;;;;20.00;;;;34.00;;;;;;;;41.00;;;;;;;;;;;;57.00;;;;;;;;;;;;;;;;;;;;;;;;;;;;;;;;;;;;;;;;;;;;;;;;;;;;;;;;;;;;;;;;;;;;;;;;;;;;;;;;;;;;;;;;;;;;;;;;;;;;;;;;;;;;;;;;;;;;;;;;;;;;;;;;;;;;;;;;;;;;;;;;;;;;;;;;;;;;;;;;;;;;;;;;;;;;;;;;;;;;;;;;;;;;;;;;;;;;;;;;;;;;;;;;;;;;;;55.00;;;;;;;;;;;;;;;;;;;;;;;;;;;;;;;;;;;36.00;36.00;36.00;;;;;;;;;;;;;;46.00;46.00;46.00;;;;11.30;;;;;;;;;;;1016.90;2000.00;219.30;0.00;0.00;231.20;;;;;;;;;;;;;;;;;;;;;;2000.10;2000.10;11;1;;;;;;;;;;;;;;;;;;;;;;;;0.00;0;0;0.00;0.00;;;;;99.00;99.00;99.00;;110.00;110.00;110.00;;98.00;98.00;98.00;;;;;;;;;;;;;0;9.90;11.70;7.90;14.90;15.20;14.60;1646;2101;1028;188;188;1550.30;;;32751152;9.00;;;;;;23.00
1579108800000;2020-01-15T18:20:00.000+0100;;;;;;;;;0.90;-435.10;386.00;385.80;386.20;1281.00;1273.00;1271.00;-2.00;;;;;-2.00;-2.00;;;;;;;;;1.0;;;;;;;;;;;;;;;;;;;;;;;;;;;;;;;;;;;;;;;;;;;;50.00;;;;;;;;;;;;;;;;;;;;;;;;;;;;;;;;;;;;;;39.00;52.00;36.00;11.00;;;;76.00;78.00;73.00;;;;;;;;;1579.20;1392.70;-394.600;-477.900;;;;;;;;;;;;;2000.100;-422.000;;;;;;;;;;85.00;85.00;85.00;;;;;;;;;70555;;;;;;;;;;;;;;1406.000;;;;;;;;;;;;53.00;38.00;;;;;;;;;;;;;;0;0.00;0.00;;188.60;;3.00;0.60;-3.50;;1.00;-2.20;;;;2.50;;;;9.30;;;;0.90;9.00;6.00;12.60;1.10;9.10;5.20;12.50;1.20;-2.50;-1.00;0.30;25.00;;;;20.00;;;;35.00;;;;;;;;41.00;;;;;;;;;;;;56.00;;;;;;;;;;;;;;;;;;;;;;;;;;;;;;;;;;;;;;;;;;;;;;;;;;;;;;;;;;;;;;;;;;;;;;;;;;;;;;;;;;;;;;;;;;;;;;;;;;;;;;;;;;;;;;;;;;;;;;;;;;;;;;;;;;;;;;;;;;;;;;;;;;;;;;;;;;;;;;;;;;;;;;;;;;;;;;;;;;;;;;;;;;;;;;;;;;;;;;;;;;;;;;;;;;;;;;55.00;;;;;;;;;;;;;;;;;;;;;;;;;;;;;;;;;;;36.00;36.00;36.00;;;;;;;;;;;;;;46.00;46.00;46.00;;;;29.80;;;;;;;;;;;667.10;1979.30;284.40;0.00;0.00;285.60;;;;;;;;;;;;;;;;;;;;;;2000.10;2000.10;11;1;;;;;;;;;;;;;;;;;;;;;;;;0.30;0;0;0.00;0.00;;;;;99.00;99.00;99.00;;110.00;110.00;110.00;;98.00;98.00;98.00;;;;;;;;;;;;;0;9.10;11.50;6.40;14.90;15.20;13.40;1407;2012;685;191;191;1540.10;;;32751388;9.00;;;;;;23.00
1579109400000;2020-01-15T18:30:00.000+0100;;;;;;;;;1.00;-433.00;386.50;386.30;386.60;1455.00;1445.00;1445.00;-1.50;;;;;-1.50;-1.50;;;;;;;;;1.0;;;;;;;;;;;;;;;;;;;;;;;;;;;;;;;;;;;;;;;;;;;;50.00;;;;;;;;;;;;;;;;;;;;;;;;;;;;;;;;;;;;;;39.00;52.00;36.00;11.00;;;;76.00;78.00;73.00;;;;;;;;;1635.30;1510.30;-403.000;-483.100;;;;;;;;;;;;;2000.100;-422.000;;;;;;;;;;85.00;85.00;86.00;;;;;;;;;70555;;;;;;;;;;;;;;1609.000;;;;;;;;;;;;52.00;38.00;;;;;;;;;;;;;;0;0.00;0.00;;195.10;;3.00;-1.50;-4.60;;0.80;-3.90;;;;1.10;;;;9.90;;;;0.70;9.70;5.40;12.80;1.00;10.00;7.60;12.90;0.90;-2.50;3.90;0.70;25.00;;;;19.00;;;;32.00;;;;;;;;41.00;;;;;;;;;;;;56.00;;;;;;;;;;;;;;;;;;;;;;;;;;;;;;;;;;;;;;;;;;;;;;;;;;;;;;;;;;;;;;;;;;;;;;;;;;;;;;;;;;;;;;;;;;;;;;;;;;;;;;;;;;;;;;;;;;;;;;;;;;;;;;;;;;;;;;;;;;;;;;;;;;;;;;;;;;;;;;;;;;;;;;;;;;;;;;;;;;;;;;;;;;;;;;;;;;;;;;;;;;;;;;;;;;;;;;55.00;;;;;;;;;;;;;;;;;;;;;;;;;;;;;;;;;;;36.00;36.00;36.00;;;;;;;;;;;;;;46.00;46.00;46.00;;;;13.40;;;;;;;;;;;934.20;2000.00;232.30;0.00;0.00;247.80;;;;;;;;;;;;;;;;;;;;;;2000.10;2000.10;11;1;;;;;;;;;;;;;;;;;;;;;;;;0.00;0;0;0.00;0.00;;;;;99.00;99.00;99.00;;110.00;110.00;110.00;;98.00;98.00;98.00;;;;;;;;;;;;;0;9.80;11.90;7.90;14.90;15.80;14.60;1621;2113;944;196;195;1550.00;;;32751658;9.00;;;;;;23.00
1579110000000;2020-01-15T18:40:00.000+0100;;;;;;;;;1.00;-424.30;387.20;386.90;387.30;1392.00;1384.00;1381.00;-1.70;;;;;-1.70;-1.70;;;;;;;;;1.0;;;;;;;;;;;;;;;;;;;;;;;;;;;;;;;;;;;;;;;;;;;;50.00;;;;;;;;;;;;;;;;;;;;;;;;;;;;;;;;;;;;;;39.00;52.00;36.00;11.00;;;;76.00;78.00;73.00;;;;;;;;;1582.50;1530.60;-391.200;-458.200;;;;;;;;;;;;;2000.100;-446.000;;;;;;;;;;85.00;85.00;86.00;;;;;;;;;70556;;;;;;;;;;;;;;1547.800;;;;;;;;;;;;52.00;38.00;;;;;;;;;;;;;;0;0.00;0.00;;195.90;;3.00;-1.60;-6.50;;1.10;-4.10;;;;1.20;;;;9.70;;;;0.70;9.70;7.20;13.40;1.00;9.90;5.90;12.80;1.00;-2.50;-0.40;0.50;25.00;;;;19.00;;;;30.00;;;;;;;;41.00;;;;;;;;;;;;56.00;;;;;;;;;;;;;;;;;;;;;;;;;;;;;;;;;;;;;;;;;;;;;;;;;;;;;;;;;;;;;;;;;;;;;;;;;;;;;;;;;;;;;;;;;;;;;;;;;;;;;;;;;;;;;;;;;;;;;;;;;;;;;;;;;;;;;;;;;;;;;;;;;;;;;;;;;;;;;;;;;;;;;;;;;;;;;;;;;;;;;;;;;;;;;;;;;;;;;;;;;;;;;;;;;;;;;;55.00;;;;;;;;;;;;;;;;;;;;;;;;;;;;;;;;;;;36.00;36.00;36.00;;;;;;;;;;;;;;46.00;46.00;46.00;;;;8.40;;;;;;;;;;;1000.40;1979.70;207.20;0.00;0.00;214.70;;;;;;;;;;;;;;;;;;;;;;2000.10;2000.10;11;1;;;;;;;;;;;;;;;;;;;;;;;;0.00;0;0;0.00;0.00;;;;;99.00;99.00;99.00;;110.00;110.00;110.00;;98.00;98.00;98.00;;;;;;;;;;;;;0;9.80;12.20;8.10;14.90;15.20;14.60;1552;2110;1010;196;195;1550.60;;;32751918;9.00;;;;;;23.00
1579110600000;2020-01-15T18:50:00.000+0100;;;;;;;;;1.00;-448.30;387.20;387.00;387.20;1708.00;1697.00;1697.00;-0.10;;;;;-0.10;-0.10;;;;;;;;;1.0;;;;;;;;;;;;;;;;;;;;;;;;;;;;;;;;;;;;;;;;;;;;50.00;;;;;;;;;;;;;;;;;;;;;;;;;;;;;;;;;;;;;;39.00;53.00;37.00;11.00;;;;77.00;79.00;74.00;;;;;;;;;1616.80;1493.60;-417.300;-476.800;;;;;;;;;;;;;2000.100;-450.000;;;;;;;;;;87.00;87.00;88.00;;;;;;;;;70556;;;;;;;;;;;;;;1901.600;;;;;;;;;;;;52.00;38.00;;;;;;;;;;;;;;0;0.00;0.00;;194.30;;3.00;-1.80;-4.50;;0.40;-4.40;;;;1.00;;;;10.80;;;;0.60;10.60;7.80;13.90;1.00;10.80;8.00;15.00;1.00;-1.90;4.00;1.30;25.00;;;;19.00;;;;30.00;;;;;;;;41.00;;;;;;;;;;;;57.00;;;;;;;;;;;;;;;;;;;;;;;;;;;;;;;;;;;;;;;;;;;;;;;;;;;;;;;;;;;;;;;;;;;;;;;;;;;;;;;;;;;;;;;;;;;;;;;;;;;;;;;;;;;;;;;;;;;;;;;;;;;;;;;;;;;;;;;;;;;;;;;;;;;;;;;;;;;;;;;;;;;;;;;;;;;;;;;;;;;;;;;;;;;;;;;;;;;;;;;;;;;;;;;;;;;;;;55.00;;;;;;;;;;;;;;;;;;;;;;;;;;;;;;;;;;;36.00;36.00;37.00;;;;;;;;;;;;;;46.00;46.00;46.00;;;;19.40;;;;;;;;;;;1426.40;2000.00;110.30;0.00;0.00;126.30;;;;;;;;;;;;;;;;;;;;;;2000.10;2000.10;11;1;;;;;;;;;;;;;;;;;;;;;;;;0.30;0;0;0.00;0.00;;;;;99.00;99.00;99.00;;110.00;110.00;110.00;;98.00;98.00;98.00;;;;;;;;;;;;;0;10.70;12.50;8.90;14.90;15.50;14.30;1922;2121;1434;196;195;1551.20;;;32752236;10.00;;;;;;22.00
1579111200000;2020-01-15T19:00:00.000+0100;;;;;;;;;1.00;-455.90;386.60;386.30;386.60;1765.00;1755.00;1754.00;1.70;;;;;1.70;1.70;;;;;;;;;1.0;;;;;;;;;;;;;;;;;;;;;;;;;;;;;;;;;;;;;;;;;;;;50.00;;;;;;;;;;;;;;;;;;;;;;;;;;;;;;;;;;;;;;38.00;53.00;37.00;11.00;;;;81.00;82.00;77.00;;;;;;;;;1631.70;1481.30;-422.700;-480.400;;;;;;;;;;;;;2000.100;-462.000;;;;;;;;;;89.00;89.00;90.00;;;;;;;;;70556;;;;;;;;;;;;;;1972.000;;;;;;;;;;;;52.00;38.00;;;;;;;;;;;;;;0;0.00;0.00;;194.50;;3.00;0.30;-1.80;;0.40;-1.80;;;;2.30;;;;11.40;;;;0.60;11.00;8.00;13.80;1.00;11.20;7.60;14.60;1.10;-1.30;6.30;1.90;25.00;;;;19.00;;;;31.00;;;;;;;;41.00;;;;;;;;;;;;57.00;;;;;;;;;;;;;;;;;;;;;;;;;;;;;;;;;;;;;;;;;;;;;;;;;;;;;;;;;;;;;;;;;;;;;;;;;;;;;;;;;;;;;;;;;;;;;;;;;;;;;;;;;;;;;;;;;;;;;;;;;;;;;;;;;;;;;;;;;;;;;;;;;;;;;;;;;;;;;;;;;;;;;;;;;;;;;;;;;;;;;;;;;;;;;;;;;;;;;;;;;;;;;;;;;;;;;;55.00;;;;;;;;;;;;;;;;;;;;;;;;;;;;;;;;;;;37.00;36.00;37.00;;;;;;;;;;;;;;46.00;46.00;47.00;;;;26.00;;;;;;;;;;;1613.60;2000.00;64.90;0.00;0.00;73.10;;;;;;;;;;;;;;;;;;;;;;2000.10;2000.10;11;1;;;;;;;;;;;;;;;;;;;;;;;;0.30;0;0;0.00;0.00;;;;;99.00;99.00;99.00;;110.00;110.00;110.00;;98.00;98.00;98.00;;;;;;;;;;;;;0;11.10;13.10;9.30;14.90;15.80;14.30;1986;2116;1634;196;197;1550.60;;;32752568;10.00;;;;;;23.00
1579111800000;2020-01-15T19:10:00.000+0100;;;;;;;;;1.00;-463.60;386.50;386.20;386.50;1778.00;1767.00;1766.00;3.20;;;;;3.20;3.20;;;;;;;;;1.0;;;;;;;;;;;;;;;;;;;;;;;;;;;;;;;;;;;;;;;;;;;;50.00;;;;;;;;;;;;;;;;;;;;;;;;;;;;;;;;;;;;;;38.00;53.00;37.00;11.00;;;;84.00;85.00;80.00;;;;;;;;;1622.50;1489.70;-423.200;-499.000;;;;;;;;;;;;;2000.100;-457.000;;;;;;;;;;91.00;91.00;92.00;;;;;;;;;70556;;;;;;;;;;;;;;1994.200;;;;;;;;;;;;52.00;38.00;;;;;;;;;;;;;;0;0.00;0.00;;197.80;;3.00;0.30;-4.30;;0.80;-1.50;;;;2.10;;;;11.80;;;;0.60;11.20;8.20;14.70;1.00;11.40;7.90;15.40;1.00;-0.70;8.30;1.90;25.00;;;;19.00;;;;32.00;;;;;;;;41.00;;;;;;;;;;;;57.00;;;;;;;;;;;;;;;;;;;;;;;;;;;;;;;;;;;;;;;;;;;;;;;;;;;;;;;;;;;;;;;;;;;;;;;;;;;;;;;;;;;;;;;;;;;;;;;;;;;;;;;;;;;;;;;;;;;;;;;;;;;;;;;;;;;;;;;;;;;;;;;;;;;;;;;;;;;;;;;;;;;;;;;;;;;;;;;;;;;;;;;;;;;;;;;;;;;;;;;;;;;;;;;;;;;;;;55.00;;;;;;;;;;;;;;;;;;;;;;;;;;;;;;;;;;;37.00;36.00;37.00;;;;;;;;;;;;;;47.00;46.00;47.00;;;;24.80;;;;;;;;;;;1697.60;2000.00;28.50;0.00;0.00;32.40;;;;;;;;;;;;;;;;;;;;;;2000.10;2000.10;11;1;;;;;;;;;;;;;;;;;;;;;;;;0.30;0;0;0.00;0.00;;;;;99.00;99.00;99.00;;110.00;110.00;111.00;;99.00;98.00;99.00;;;;;;;;;;;;;0;11.30;13.10;9.70;14.90;15.50;14.30;1999;2114;1711;196;197;1551.50;;;32752900;10.00;;;;;;23.00
1579112400000;2020-01-15T19:20:00.000+0100;;;;;;;;;1.00;-469.20;388.20;387.90;388.20;1773.00;1762.00;1762.00;5.80;;;;;5.80;5.80;;;;;;;;;1.0;;;;;;;;;;;;;;;;;;;;;;;;;;;;;;;;;;;;;;;;;;;;50.00;;;;;;;;;;;;;;;;;;;;;;;;;;;;;;;;;;;;;;38.00;53.00;37.00;11.00;;;;87.00;88.00;83.00;;;;;;;;;1647.90;1468.20;-455.500;-481.100;;;;;;;;;;;;;2000.100;-478.000;;;;;;;;;;92.00;92.00;93.00;;;;;;;;;70556;;;;;;;;;;;;;;1999.500;;;;;;;;;;;;52.00;38.00;;;;;;;;;;;;;;0;0.00;0.00;;196.10;;3.00;0.30;-1.90;;0.50;-1.50;;;;2.20;;;;12.60;;;;0.60;12.00;9.40;15.00;1.00;12.20;8.80;16.30;1.10;0.80;9.30;1.50;25.00;;;;19.00;;;;33.00;;;;;;;;41.00;;;;;;;;;;;;57.00;;;;;;;;;;;;;;;;;;;;;;;;;;;;;;;;;;;;;;;;;;;;;;;;;;;;;;;;;;;;;;;;;;;;;;;;;;;;;;;;;;;;;;;;;;;;;;;;;;;;;;;;;;;;;;;;;;;;;;;;;;;;;;;;;;;;;;;;;;;;;;;;;;;;;;;;;;;;;;;;;;;;;;;;;;;;;;;;;;;;;;;;;;;;;;;;;;;;;;;;;;;;;;;;;;;;;;55.00;;;;;;;;;;;;;;;;;;;;;;;;;;;;;;;;;;;37.00;36.00;37.00;;;;;;;;;;;;;;47.00;47.00;47.00;;;;23.00;;;;;;;;;;;1856.40;2000.00;7.60;0.00;0.00;11.80;;;;;;;;;;;;;;;;;;;;;;2000.10;2000.10;11;1;;;;;;;;;;;;;;;;;;;;;;;;0.30;0;0;0.00;0.00;;;;;99.00;99.00;100.00;;111.00;110.00;111.00;;99.00;99.00;99.00;;;;;;;;;;;;;0;12.10;13.60;10.40;14.90;15.80;14.00;2001;2100;1866;196;197;1550.30;;;32753234;10.00;;;;;;23.00
1579113000000;2020-01-15T19:30:00.000+0100;;;;;;;;;1.00;-464.00;388.30;387.90;388.30;1766.00;1756.00;1755.00;3.10;;;;;3.10;3.10;;;;;;;;;1.0;;;;;;;;;;;;;;;;;;;;;;;;;;;;;;;;;;;;;;;;;;;;50.00;;;;;;;;;;;;;;;;;;;;;;;;;;;;;;;;;;;;;;39.00;54.00;37.00;11.00;;;;86.00;88.00;82.00;;;;;;;;;1634.70;1483.70;-437.300;-485.100;;;;;;;;;;;;;2000.100;-460.000;;;;;;;;;;93.00;93.00;94.00;;;;;;;;;70556;;;;;;;;;;;;;;1986.000;;;;;;;;;;;;53.00;39.00;;;;;;;;;;;;;;0;0.00;0.00;;196.50;;3.00;-1.80;-2.50;;0.50;-4.20;;;;-0.40;;;;11.80;;;;0.70;11.40;7.70;14.70;1.10;11.50;8.40;14.90;1.10;-1.40;7.90;2.40;25.00;;;;19.00;;;;34.00;;;;;;;;41.00;;;;;;;;;;;;57.00;;;;;;;;;;;;;;;;;;;;;;;;;;;;;;;;;;;;;;;;;;;;;;;;;;;;;;;;;;;;;;;;;;;;;;;;;;;;;;;;;;;;;;;;;;;;;;;;;;;;;;;;;;;;;;;;;;;;;;;;;;;;;;;;;;;;;;;;;;;;;;;;;;;;;;;;;;;;;;;;;;;;;;;;;;;;;;;;;;;;;;;;;;;;;;;;;;;;;;;;;;;;;;;;;;;;;;56.00;;;;;;;;;;;;;;;;;;;;;;;;;;;;;;;;;;;37.00;36.00;37.00;;;;;;;;;;;;;;47.00;47.00;47.00;;;;23.90;;;;;;;;;;;1648.20;2000.00;44.60;0.00;0.00;50.30;;;;;;;;;;;;;;;;;;;;;;2000.10;2000.10;11;1;;;;;;;;;;;;;;;;;;;;;;;;0.30;0;0;0.00;0.00;;;;;101.00;100.00;102.00;;112.00;111.00;113.00;;100.00;99.00;102.00;;;;;;;;;;;;;0;11.50;13.80;9.40;14.90;15.80;14.30;1994;2110;1664;196;194;1550.30;;;32753566;9.00;;;;;;23.00
1579113600000;2020-01-15T19:40:00.000+0100;;;;;;;;;1.00;-471.50;388.80;388.70;388.80;1771.00;1760.00;1760.00;6.00;;;;;6.00;6.00;;;;;;;;;1.0;;;;;;;;;;;;;;;;;;;;;;;;;;;;;;;;;;;;;;;;;;;;50.00;;;;;;;;;;;;;;;;;;;;;;;;;;;;;;;;;;;;;;39.00;54.00;37.00;11.00;;;;74.00;82.00;71.00;;;;;;;;;1625.80;1453.00;-456.600;-483.700;;;;;;;;;;;;;2000.100;-470.000;;;;;;;;;;93.00;93.00;94.00;;;;;;;;;70557;;;;;;;;;;;;;;1998.400;;;;;;;;;;;;53.00;39.00;;;;;;;;;;;;;;0;0.00;0.00;;193.80;;3.00;-1.60;-7.10;;0.80;-3.40;;;;0.10;;;;12.70;;;;0.70;12.20;9.20;17.00;1.10;12.40;8.60;16.30;1.10;0.80;10.10;1.80;24.00;;;;19.00;;;;34.00;;;;;;;;42.00;;;;;;;;;;;;57.00;;;;;;;;;;;;;;;;;;;;;;;;;;;;;;;;;;;;;;;;;;;;;;;;;;;;;;;;;;;;;;;;;;;;;;;;;;;;;;;;;;;;;;;;;;;;;;;;;;;;;;;;;;;;;;;;;;;;;;;;;;;;;;;;;;;;;;;;;;;;;;;;;;;;;;;;;;;;;;;;;;;;;;;;;;;;;;;;;;;;;;;;;;;;;;;;;;;;;;;;;;;;;;;;;;;;;;56.00;;;;;;;;;;;;;;;;;;;;;;;;;;;;;;;;;;;37.00;36.00;37.00;;;;;;;;;;;;;;47.00;47.00;47.00;;;;27.20;;;;;;;;;;;1820.90;2000.00;12.90;0.00;0.00;19.30;;;;;;;;;;;;;;;;;;;;;;2000.10;2000.10;11;1;;;;;;;;;;;;;;;;;;;;;;;;0.30;0;0;0.00;0.00;;;;;102.00;102.00;103.00;;113.00;113.00;114.00;;102.00;102.00;102.00;;;;;;;;;;;;;0;12.30;14.00;10.00;14.90;15.50;14.00;2001;2113;1835;195;193;1550.60;;;32753900;9.00;;;;;;24.00
1579114200000;2020-01-15T19:50:00.000+0100;;;;;;;;;1.00;-467.60;389.80;389.70;389.80;1742.00;1731.00;1731.00;3.80;;;;;3.80;3.80;;;;;;;;;1.0;;;;;;;;;;;;;;;;;;;;;;;;;;;;;;;;;;;;;;;;;;;;50.00;;;;;;;;;;;;;;;;;;;;;;;;;;;;;;;;;;;;;;39.00;54.00;37.00;11.00;;;;67.00;77.00;63.00;;;;;;;;;1683.70;1459.80;-415.600;-514.100;;;;;;;;;;;;;2000.100;-467.000;;;;;;;;;;93.00;93.00;94.00;;;;;;;;;70557;;;;;;;;;;;;;;1960.300;;;;;;;;;;;;53.00;39.00;;;;;;;;;;;;;;0;0.00;0.00;;190.50;;3.00;0.00;-1.60;;1.10;-2.00;;;;1.80;;;;11.90;;;;0.90;11.30;7.30;14.60;1.20;11.60;8.20;15.80;1.20;-1.50;9.30;2.80;24.00;;;;19.00;;;;35.00;;;;;;;;42.00;;;;;;;;;;;;57.00;;;;;;;;;;;;;;;;;;;;;;;;;;;;;;;;;;;;;;;;;;;;;;;;;;;;;;;;;;;;;;;;;;;;;;;;;;;;;;;;;;;;;;;;;;;;;;;;;;;;;;;;;;;;;;;;;;;;;;;;;;;;;;;;;;;;;;;;;;;;;;;;;;;;;;;;;;;;;;;;;;;;;;;;;;;;;;;;;;;;;;;;;;;;;;;;;;;;;;;;;;;;;;;;;;;;;;56.00;;;;;;;;;;;;;;;;;;;;;;;;;;;;;;;;;;;37.00;36.00;37.00;;;;;;;;;;;;;;47.00;47.00;47.00;;;;33.10;;;;;;;;;;;1479.40;2000.00;97.10;0.00;0.00;102.40;;;;;;;;;;;;;;;;;;;;;;2000.10;2000.10;11;1;;;;;;;;;;;;;;;;;;;;;;;;0.30;0;0;0.00;0.00;;;;;103.00;103.00;103.00;;114.00;114.00;114.00;;103.00;102.00;103.00;;;;;;;;;;;;;0;11.50;13.70;9.30;14.90;16.10;14.00;1973;2117;1488;193;193;1550.00;;;32754228;9.00;;;;;;25.00
1579114800000;2020-01-15T20:00:00.000+0100;;;;;;;;;1.00;-451.80;388.70;388.50;388.70;1707.00;1698.00;1697.00;0.60;;;;;0.60;0.60;;;;;;;;;1.0;;;;;;;;;;;;;;;;;;;;;;;;;;;;;;;;;;;;;;;;;;;;50.00;;;;;;;;;;;;;;;;;;;;;;;;;;;;;;;;;;;;;;39.00;54.00;37.00;10.00;;;;62.00;73.00;57.00;;;;;;;;;1625.80;1488.50;-407.700;-490.400;;;;;;;;;;;;;2000.100;-429.000;;;;;;;;;;93.00;93.00;94.00;;;;;;;;;70557;;;;;;;;;;;;;;1907.800;;;;;;;;;;;;53.00;40.00;;;;;;;;;;;;;;0;0.00;0.00;;194.80;;3.00;1.70;-9.40;;1.80;-0.60;;;;3.60;;;;11.00;;;;0.80;10.50;6.90;15.00;1.10;10.80;7.00;14.50;1.20;-2.10;6.60;2.10;24.00;;;;19.00;;;;33.00;;;;;;;;42.00;;;;;;;;;;;;57.00;;;;;;;;;;;;;;;;;;;;;;;;;;;;;;;;;;;;;;;;;;;;;;;;;;;;;;;;;;;;;;;;;;;;;;;;;;;;;;;;;;;;;;;;;;;;;;;;;;;;;;;;;;;;;;;;;;;;;;;;;;;;;;;;;;;;;;;;;;;;;;;;;;;;;;;;;;;;;;;;;;;;;;;;;;;;;;;;;;;;;;;;;;;;;;;;;;;;;;;;;;;;;;;;;;;;;;56.00;;;;;;;;;;;;;;;;;;;;;;;;;;;;;;;;;;;37.00;36.00;37.00;;;;;;;;;;;;;;47.00;47.00;47.00;;;;22.10;;;;;;;;;;;1472.10;2000.00;122.00;0.00;0.00;134.70;;;;;;;;;;;;;;;;;;;;;;2000.10;2000.10;11;1;;;;;;;;;;;;;;;;;;;;;;;;0.30;0;0;0.00;0.00;;;;;103.00;103.00;103.00;;114.00;114.00;114.00;;103.00;103.00;103.00;;;;;;;;;;;;;0;10.70;12.50;7.90;14.90;15.50;14.30;1929;2117;1478;196;198;1550.90;;;32754550;9.00;;;;;;25.00
1579115400000;2020-01-15T20:10:00.000+0100;;;;;;;;;1.00;-418.00;385.90;385.90;386.20;1418.00;1410.00;1408.00;-1.80;;;;;-1.80;-1.80;;;;;;;;;1.0;;;;;;;;;;;;;;;;;;;;;;;;;;;;;;;;;;;;;;;;;;;;50.00;;;;;;;;;;;;;;;;;;;;;;;;;;;;;;;;;;;;;;39.00;53.00;36.00;10.00;;;;57.00;68.00;53.00;;;;;;;;;1586.40;1530.30;-383.700;-449.000;;;;;;;;;;;;;2000.100;-419.000;;;;;;;;;;91.00;91.00;92.00;;;;;;;;;70557;;;;;;;;;;;;;;1574.200;;;;;;;;;;;;54.00;40.00;;;;;;;;;;;;;;0;0.00;0.00;;198.20;;3.00;-0.30;-0.30;;1.30;-2.90;;;;2.20;;;;9.80;;;;0.60;9.40;6.40;12.40;0.90;9.70;6.20;12.80;0.90;-2.40;-1.00;0.40;24.00;;;;18.00;;;;31.00;;;;;;;;42.00;;;;;;;;;;;;57.00;;;;;;;;;;;;;;;;;;;;;;;;;;;;;;;;;;;;;;;;;;;;;;;;;;;;;;;;;;;;;;;;;;;;;;;;;;;;;;;;;;;;;;;;;;;;;;;;;;;;;;;;;;;;;;;;;;;;;;;;;;;;;;;;;;;;;;;;;;;;;;;;;;;;;;;;;;;;;;;;;;;;;;;;;;;;;;;;;;;;;;;;;;;;;;;;;;;;;;;;;;;;;;;;;;;;;;56.00;;;;;;;;;;;;;;;;;;;;;;;;;;;;;;;;;;;36.00;36.00;37.00;;;;;;;;;;;;;;47.00;47.00;47.00;;;;7.50;;;;;;;;;;;1218.30;2000.00;166.60;0.00;0.00;174.70;;;;;;;;;;;;;;;;;;;;;;2000.10;2000.10;11;1;;;;;;;;;;;;;;;;;;;;;;;;0.00;0;0;0.00;0.00;;;;;103.00;103.00;103.00;;115.00;114.00;115.00;;103.00;103.00;103.00;;;;;;;;;;;;;0;9.60;11.00;8.10;14.90;15.20;14.60;1579;2088;1231;201;201;1549.70;;;32754814;8.00;;;;;;25.00
1579116000000;2020-01-15T20:20:00.000+0100;;;;;;;;;1.00;-442.20;383.30;383.00;383.20;1764.00;1754.00;1753.00;1.00;;;;;1.00;1.00;;;;;;;;;1.0;;;;;;;;;;;;;;;;;;;;;;;;;;;;;;;;;;;;;;;;;;;;50.00;;;;;;;;;;;;;;;;;;;;;;;;;;;;;;;;;;;;;;39.00;53.00;37.00;10.00;;;;57.00;68.00;52.00;;;;;;;;;1642.80;1485.20;-401.100;-476.900;;;;;;;;;;;;;2000.100;-442.000;;;;;;;;;;91.00;91.00;92.00;;;;;;;;;70557;;;;;;;;;;;;;;1950.000;;;;;;;;;;;;54.00;40.00;;;;;;;;;;;;;;0;0.00;0.00;;201.50;;3.00;-1.30;-2.60;;0.50;-3.00;;;;0.20;;;;11.20;;;;0.70;10.70;7.40;16.60;1.10;11.00;7.50;13.90;1.00;-1.70;6.90;2.10;24.00;;;;18.00;;;;30.00;;;;;;;;41.00;;;;;;;;;;;;57.00;;;;;;;;;;;;;;;;;;;;;;;;;;;;;;;;;;;;;;;;;;;;;;;;;;;;;;;;;;;;;;;;;;;;;;;;;;;;;;;;;;;;;;;;;;;;;;;;;;;;;;;;;;;;;;;;;;;;;;;;;;;;;;;;;;;;;;;;;;;;;;;;;;;;;;;;;;;;;;;;;;;;;;;;;;;;;;;;;;;;;;;;;;;;;;;;;;;;;;;;;;;;;;;;;;;;;;56.00;;;;;;;;;;;;;;;;;;;;;;;;;;;;;;;;;;;36.00;36.00;37.00;;;;;;;;;;;;;;47.00;47.00;47.00;;;;23.30;;;;;;;;;;;1490.00;2000.00;94.40;0.00;0.00;103.20;;;;;;;;;;;;;;;;;;;;;;2000.10;2000.10;11;1;;;;;;;;;;;;;;;;;;;;;;;;0.30;0;0;0.00;0.00;;;;;102.00;101.00;103.00;;113.00;113.00;114.00;;102.00;101.00;103.00;;;;;;;;;;;;;0;10.80;12.90;9.00;14.90;15.80;14.30;1969;2111;1499;202;201;1551.80;;;32755142;8.00;;;;;;25.00
1579116600000;2020-01-15T20:30:00.000+0100;;;;;;;;;1.00;-424.30;382.70;382.40;382.70;1571.00;1562.00;1560.00;-1.30;;;;;-1.30;-1.30;;;;;;;;;1.0;;;;;;;;;;;;;;;;;;;;;;;;;;;;;;;;;;;;;;;;;;;;50.00;;;;;;;;;;;;;;;;;;;;;;;;;;;;;;;;;;;;;;39.00;54.00;37.00;10.00;;;;67.00;74.00;61.00;;;;;;;;;1613.50;1495.40;-375.100;-461.800;;;;;;;;;;;;;2000.100;-424.000;;;;;;;;;;91.00;91.00;92.00;;;;;;;;;70557;;;;;;;;;;;;;;1733.600;;;;;;;;;;;;54.00;39.00;;;;;;;;;;;;;;0;0.00;0.00;;200.50;;3.00;1.50;-1.40;;0.60;-1.40;;;;3.70;;;;10.20;;;;0.70;9.80;7.10;13.20;1.00;10.20;6.70;13.20;1.00;-2.20;4.10;1.10;24.00;;;;18.00;;;;31.00;;;;;;;;41.00;;;;;;;;;;;;57.00;;;;;;;;;;;;;;;;;;;;;;;;;;;;;;;;;;;;;;;;;;;;;;;;;;;;;;;;;;;;;;;;;;;;;;;;;;;;;;;;;;;;;;;;;;;;;;;;;;;;;;;;;;;;;;;;;;;;;;;;;;;;;;;;;;;;;;;;;;;;;;;;;;;;;;;;;;;;;;;;;;;;;;;;;;;;;;;;;;;;;;;;;;;;;;;;;;;;;;;;;;;;;;;;;;;;;;56.00;;;;;;;;;;;;;;;;;;;;;;;;;;;;;;;;;;;36.00;36.00;37.00;;;;;;;;;;;;;;47.00;47.00;47.00;;;;13.70;;;;;;;;;;;1133.60;2000.00;195.20;0.00;0.00;206.30;;;;;;;;;;;;;;;;;;;;;;2000.10;2000.10;11;1;;;;;;;;;;;;;;;;;;;;;;;;0.00;0;0;0.00;0.00;;;;;101.00;101.00;101.00;;113.00;112.00;113.00;;100.00;100.00;101.00;;;;;;;;;;;;;0;10.00;11.90;8.30;14.90;15.50;14.30;1744;2108;1144;199;201;1549.70;;;32755434;8.00;;;;;;24.00
1579117200000;2020-01-15T20:40:00.000+0100;;;;;;;;;1.00;-409.00;381.00;380.70;380.90;1373.00;1364.00;1363.00;-1.90;;;;;-1.90;-1.90;;;;;;;;;1.0;;;;;;;;;;;;;;;;;;;;;;;;;;;;;;;;;;;;;;;;;;;;50.00;;;;;;;;;;;;;;;;;;;;;;;;;;;;;;;;;;;;;;39.00;53.00;36.00;10.00;;;;71.00;77.00;66.00;;;;;;;;;1573.80;1526.70;-380.500;-439.400;;;;;;;;;;;;;2000.100;-385.000;;;;;;;;;;89.00;89.00;90.00;;;;;;;;;70558;;;;;;;;;;;;;;1502.900;;;;;;;;;;;;54.00;39.00;;;;;;;;;;;;;;0;0.00;0.00;;201.60;;3.00;1.50;-4.40;;0.80;-1.20;;;;4.20;;;;9.60;;;;0.60;9.20;6.60;12.30;0.80;9.60;7.00;12.40;0.90;-2.40;-0.70;0.30;24.00;;;;18.00;;;;32.00;;;;;;;;41.00;;;;;;;;;;;;57.00;;;;;;;;;;;;;;;;;;;;;;;;;;;;;;;;;;;;;;;;;;;;;;;;;;;;;;;;;;;;;;;;;;;;;;;;;;;;;;;;;;;;;;;;;;;;;;;;;;;;;;;;;;;;;;;;;;;;;;;;;;;;;;;;;;;;;;;;;;;;;;;;;;;;;;;;;;;;;;;;;;;;;;;;;;;;;;;;;;;;;;;;;;;;;;;;;;;;;;;;;;;;;;;;;;;;;;55.00;;;;;;;;;;;;;;;;;;;;;;;;;;;;;;;;;;;36.00;36.00;37.00;;;;;;;;;;;;;;47.00;46.00;47.00;;;;8.10;;;;;;;;;;;1103.90;2000.00;171.60;0.00;0.00;178.50;;;;;;;;;;;;;;;;;;;;;;2000.10;2000.10;11;1;;;;;;;;;;;;;;;;;;;;;;;;0.00;0;0;0.00;0.00;;;;;101.00;100.00;101.00;;112.00;112.00;112.00;;100.00;100.00;100.00;;;;;;;;;;;;;0;9.40;11.00;7.90;14.90;15.20;14.60;1506;2103;1112;199;201;1550.00;;;32755686;8.00;;;;;;23.00
1579117800000;2020-01-15T20:50:00.000+0100;;;;;;;;;1.00;-402.40;380.80;380.50;380.90;1323.00;1315.00;1313.00;-2.00;;;;;-2.00;-2.00;;;;;;;;;1.0;;;;;;;;;;;;;;;;;;;;;;;;;;;;;;;;;;;;;;;;;;;;50.00;;;;;;;;;;;;;;;;;;;;;;;;;;;;;;;;;;;;;;39.00;53.00;36.00;10.00;;;;72.00;77.00;68.00;;;;;;;;;1568.80;1530.90;-373.800;-432.500;;;;;;;;;;;;;2000.100;-395.000;;;;;;;;;;86.00;87.00;87.00;;;;;;;;;70558;;;;;;;;;;;;;;1448.400;;;;;;;;;;;;54.00;39.00;;;;;;;;;;;;;;0;0.00;0.00;;200.80;;3.00;-0.30;-0.30;;1.10;-2.60;;;;2.10;;;;9.40;;;;0.50;9.10;6.70;11.50;0.80;9.40;6.90;11.70;0.80;-2.40;-1.50;0.20;24.00;;;;18.00;;;;33.00;;;;;;;;41.00;;;;;;;;;;;;57.00;;;;;;;;;;;;;;;;;;;;;;;;;;;;;;;;;;;;;;;;;;;;;;;;;;;;;;;;;;;;;;;;;;;;;;;;;;;;;;;;;;;;;;;;;;;;;;;;;;;;;;;;;;;;;;;;;;;;;;;;;;;;;;;;;;;;;;;;;;;;;;;;;;;;;;;;;;;;;;;;;;;;;;;;;;;;;;;;;;;;;;;;;;;;;;;;;;;;;;;;;;;;;;;;;;;;;;55.00;;;;;;;;;;;;;;;;;;;;;;;;;;;;;;;;;;;36.00;36.00;36.00;;;;;;;;;;;;;;46.00;46.00;47.00;;;;6.30;;;;;;;;;;;1091.90;1825.30;123.30;0.00;0.00;122.80;;;;;;;;;;;;;;;;;;;;;;2000.10;2000.10;11;1;;;;;;;;;;;;;;;;;;;;;;;;0.00;0;0;0.00;0.00;;;;;100.00;100.00;101.00;;112.00;112.00;112.00;;100.00;99.00;100.00;;;;;;;;;;;;;0;9.30;10.50;7.80;14.90;14.90;14.60;1449;1821;1105;202;202;1550.00;;;32755926;8.00;;;;;;23.00
1579118400000;2020-01-15T21:00:00.000+0100;;;;;;;;;1.00;-419.30;382.10;381.80;382.00;1550.00;1541.00;1540.00;-1.60;;;;;-1.60;-1.60;;;;;;;;;1.0;;;;;;;;;;;;;;;;;;;;;;;;;;;;;;;;;;;;;;;;;;;;50.00;;;;;;;;;;;;;;;;;;;;;;;;;;;;;;;;;;;;;;39.00;53.00;36.00;10.00;;;;73.00;78.00;69.00;;;;;;;;;1584.30;1528.20;-383.600;-447.300;;;;;;;;;;;;;2000.100;-428.000;;;;;;;;;;86.00;86.00;87.00;;;;;;;;;70558;;;;;;;;;;;;;;1711.600;;;;;;;;;;;;53.00;39.00;;;;;;;;;;;;;;0;0.00;0.00;;202.50;;3.00;0.60;-2.30;;0.50;-2.00;;;;2.90;;;;10.10;;;;0.50;9.70;6.70;12.90;0.80;10.10;7.40;12.20;0.80;-2.20;-0.70;0.40;24.00;;;;18.00;;;;33.00;;;;;;;;41.00;;;;;;;;;;;;57.00;;;;;;;;;;;;;;;;;;;;;;;;;;;;;;;;;;;;;;;;;;;;;;;;;;;;;;;;;;;;;;;;;;;;;;;;;;;;;;;;;;;;;;;;;;;;;;;;;;;;;;;;;;;;;;;;;;;;;;;;;;;;;;;;;;;;;;;;;;;;;;;;;;;;;;;;;;;;;;;;;;;;;;;;;;;;;;;;;;;;;;;;;;;;;;;;;;;;;;;;;;;;;;;;;;;;;;55.00;;;;;;;;;;;;;;;;;;;;;;;;;;;;;;;;;;;36.00;36.00;36.00;;;;;;;;;;;;;;46.00;46.00;46.00;;;;8.10;;;;;;;;;;;1274.50;2000.00;164.20;0.00;0.00;172.90;;;;;;;;;;;;;;;;;;;;;;2000.10;2000.10;11;1;;;;;;;;;;;;;;;;;;;;;;;;0.00;0;0;0.00;0.00;;;;;100.00;100.00;100.00;;112.00;112.00;112.00;;99.00;99.00;100.00;;;;;;;;;;;;;0;9.90;11.10;8.10;14.90;15.20;14.60;1717;2103;1284;204;205;1550.30;;;32756212;8.00;;;;;;22.00
1579119000000;2020-01-15T21:10:00.000+0100;;;;;;;;;1.00;-439.40;383.40;383.20;383.20;1687.00;1677.00;1675.00;-0.90;;;;;-0.90;-0.90;;;;;;;;;1.0;;;;;;;;;;;;;;;;;;;;;;;;;;;;;;;;;;;;;;;;;;;;50.00;;;;;;;;;;;;;;;;;;;;;;;;;;;;;;;;;;;;;;39.00;53.00;37.00;10.00;;;;76.00;80.00;72.00;;;;;;;;;1594.10;1509.70;-406.900;-471.000;;;;;;;;;;;;;2000.100;-424.000;;;;;;;;;;88.00;88.00;89.00;;;;;;;;;70558;;;;;;;;;;;;;;1869.800;;;;;;;;;;;;53.00;38.00;;;;;;;;;;;;;;0;0.00;0.00;;203.30;;3.00;-0.20;-5.90;;0.50;-2.10;;;;1.70;;;;10.60;;;;0.40;10.20;7.80;14.00;0.80;10.60;7.10;14.10;0.80;-1.80;2.40;0.70;24.00;;;;18.00;;;;34.00;;;;;;;;41.00;;;;;;;;;;;;57.00;;;;;;;;;;;;;;;;;;;;;;;;;;;;;;;;;;;;;;;;;;;;;;;;;;;;;;;;;;;;;;;;;;;;;;;;;;;;;;;;;;;;;;;;;;;;;;;;;;;;;;;;;;;;;;;;;;;;;;;;;;;;;;;;;;;;;;;;;;;;;;;;;;;;;;;;;;;;;;;;;;;;;;;;;;;;;;;;;;;;;;;;;;;;;;;;;;;;;;;;;;;;;;;;;;;;;;55.00;;;;;;;;;;;;;;;;;;;;;;;;;;;;;;;;;;;36.00;36.00;37.00;;;;;;;;;;;;;;46.00;46.00;47.00;;;;9.00;;;;;;;;;;;1506.30;2000.00;115.50;0.00;0.00;125.10;;;;;;;;;;;;;;;;;;;;;;2000.10;2000.10;11;1;;;;;;;;;;;;;;;;;;;;;;;;0.00;0;0;0.00;0.00;;;;;100.00;100.00;100.00;;111.00;111.00;112.00;;99.00;99.00;99.00;;;;;;;;;;;;;0;10.40;11.60;9.20;14.90;15.20;14.60;1880;2101;1518;204;204;1550.30;;;32756524;8.00;;;;;;22.00
1579119600000;2020-01-15T21:20:00.000+0100;;;;;;;;;1.00;-456.40;384.70;384.50;384.50;1766.00;1755.00;1754.00;0.10;;;;;0.10;0.10;;;;;;;;;1.0;;;;;;;;;;;;;;;;;;;;;;;;;;;;;;;;;;;;;;;;;;;;50.00;;;;;;;;;;;;;;;;;;;;;;;;;;;;;;;;;;;;;;39.00;53.00;37.00;10.00;;;;80.00;83.00;76.00;;;;;;;;;1601.30;1505.80;-418.800;-485.900;;;;;;;;;;;;;2000.100;-455.000;;;;;;;;;;90.00;90.00;91.00;;;;;;;;;70558;;;;;;;;;;;;;;1963.900;;;;;;;;;;;;53.00;38.00;;;;;;;;;;;;;;0;0.00;0.00;;204.30;;3.00;0.10;-0.20;;0.60;-1.60;;;;2.30;;;;11.00;;;;0.40;10.50;8.20;13.10;0.70;10.90;8.00;13.80;0.80;-1.20;3.70;1.10;23.00;;;;18.00;;;;35.00;;;;;;;;41.00;;;;;;;;;;;;57.00;;;;;;;;;;;;;;;;;;;;;;;;;;;;;;;;;;;;;;;;;;;;;;;;;;;;;;;;;;;;;;;;;;;;;;;;;;;;;;;;;;;;;;;;;;;;;;;;;;;;;;;;;;;;;;;;;;;;;;;;;;;;;;;;;;;;;;;;;;;;;;;;;;;;;;;;;;;;;;;;;;;;;;;;;;;;;;;;;;;;;;;;;;;;;;;;;;;;;;;;;;;;;;;;;;;;;;55.00;;;;;;;;;;;;;;;;;;;;;;;;;;;;;;;;;;;36.00;36.00;37.00;;;;;;;;;;;;;;47.00;46.00;47.00;;;;15.80;;;;;;;;;;;1753.10;2000.00;52.60;0.00;0.00;61.80;;;;;;;;;;;;;;;;;;;;;;2000.10;2000.10;11;1;;;;;;;;;;;;;;;;;;;;;;;;0.30;0;0;0.00;0.00;;;;;100.00;100.00;100.00;;111.00;111.00;112.00;;99.00;99.00;99.00;;;;;;;;;;;;;0;10.70;11.90;9.70;14.90;15.20;14.30;1976;2105;1759;207;207;1550.60;;;32756854;8.00;;;;;;22.00
1579120200000;2020-01-15T21:30:00.000+0100;;;;;;;;;1.00;-449.70;385.00;384.80;384.90;1686.00;1676.00;1675.00;-1.10;;;;;-1.10;-1.10;;;;;;;;;1.0;;;;;;;;;;;;;;;;;;;;;;;;;;;;;;;;;;;;;;;;;;;;50.00;;;;;;;;;;;;;;;;;;;;;;;;;;;;;;;;;;;;;;39.00;53.00;37.00;10.00;;;;83.00;86.00;79.00;;;;;;;;;1583.10;1517.40;-421.600;-471.100;;;;;;;;;;;;;2000.100;-464.000;;;;;;;;;;90.00;90.00;91.00;;;;;;;;;70558;;;;;;;;;;;;;;1874.700;;;;;;;;;;;;53.00;38.00;;;;;;;;;;;;;;0;0.00;0.00;;206.80;;3.00;1.00;-4.80;;1.80;-1.80;;;;3.90;;;;10.60;;;;0.40;10.10;7.10;12.70;0.80;10.50;7.80;12.70;0.80;-1.80;1.00;0.50;23.00;;;;18.00;;;;34.00;;;;;;;;41.00;;;;;;;;;;;;57.00;;;;;;;;;;;;;;;;;;;;;;;;;;;;;;;;;;;;;;;;;;;;;;;;;;;;;;;;;;;;;;;;;;;;;;;;;;;;;;;;;;;;;;;;;;;;;;;;;;;;;;;;;;;;;;;;;;;;;;;;;;;;;;;;;;;;;;;;;;;;;;;;;;;;;;;;;;;;;;;;;;;;;;;;;;;;;;;;;;;;;;;;;;;;;;;;;;;;;;;;;;;;;;;;;;;;;;55.00;;;;;;;;;;;;;;;;;;;;;;;;;;;;;;;;;;;36.00;36.00;37.00;;;;;;;;;;;;;;47.00;47.00;47.00;;;;7.80;;;;;;;;;;;1613.60;2000.00;99.70;0.00;0.00;109.70;;;;;;;;;;;;;;;;;;;;;;2000.10;2000.10;11;1;;;;;;;;;;;;;;;;;;;;;;;;0.00;0;0;0.00;0.00;;;;;100.00;100.00;100.00;;111.00;111.00;112.00;;99.00;99.00;99.00;;;;;;;;;;;;;0;10.30;11.30;8.90;14.90;15.20;14.60;1884;2096;1623;203;204;1550.30;;;32757168;8.00;;;;;;22.00
1579120800000;2020-01-15T21:40:00.000+0100;;;;;;;;;1.00;-443.80;382.90;382.70;382.70;1752.00;1742.00;1741.00;-0.80;;;;;-0.80;-0.80;;;;;;;;;1.0;;;;;;;;;;;;;;;;;;;;;;;;;;;;;;;;;;;;;;;;;;;;50.00;;;;;;;;;;;;;;;;;;;;;;;;;;;;;;;;;;;;;;39.00;53.00;37.00;10.00;;;;85.00;88.00;81.00;;;;;;;;;1585.80;1513.30;-418.400;-472.700;;;;;;;;;;;;;2000.100;-449.000;;;;;;;;;;91.00;91.00;92.00;;;;;;;;;70559;;;;;;;;;;;;;;1943.000;;;;;;;;;;;;53.00;38.00;;;;;;;;;;;;;;0;0.00;0.00;;204.70;;3.00;1.70;0.20;;0.50;-0.60;;;;4.10;;;;10.80;;;;0.40;10.30;7.30;12.70;0.80;10.80;8.20;14.60;0.80;-1.40;2.10;0.60;23.00;;;;18.00;;;;31.00;;;;;;;;41.00;;;;;;;;;;;;57.00;;;;;;;;;;;;;;;;;;;;;;;;;;;;;;;;;;;;;;;;;;;;;;;;;;;;;;;;;;;;;;;;;;;;;;;;;;;;;;;;;;;;;;;;;;;;;;;;;;;;;;;;;;;;;;;;;;;;;;;;;;;;;;;;;;;;;;;;;;;;;;;;;;;;;;;;;;;;;;;;;;;;;;;;;;;;;;;;;;;;;;;;;;;;;;;;;;;;;;;;;;;;;;;;;;;;;;55.00;;;;;;;;;;;;;;;;;;;;;;;;;;;;;;;;;;;36.00;36.00;37.00;;;;;;;;;;;;;;47.00;47.00;47.00;;;;8.70;;;;;;;;;;;1711.10;2000.00;62.60;0.00;0.00;70.00;;;;;;;;;;;;;;;;;;;;;;2000.10;2000.10;11;1;;;;;;;;;;;;;;;;;;;;;;;;0.00;0;0;0.00;0.00;;;;;100.00;100.00;100.00;;112.00;112.00;112.00;;99.00;99.00;99.00;;;;;;;;;;;;;0;10.50;11.70;9.30;14.90;15.20;14.60;1953;2087;1725;204;205;1550.30;;;32757494;8.00;;;;;;22.00
1579121400000;2020-01-15T21:50:00.000+0100;;;;;;;;;1.00;-444.60;383.70;383.50;383.50;1747.00;1736.00;1736.00;-0.30;;;;;-0.30;-0.30;;;;;;;;;1.0;;;;;;;;;;;;;;;;;;;;;;;;;;;;;;;;;;;;;;;;;;;;50.00;;;;;;;;;;;;;;;;;;;;;;;;;;;;;;;;;;;;;;39.00;54.00;37.00;10.00;;;;86.00;89.00;82.00;;;;;;;;;1590.30;1515.70;-425.600;-470.500;;;;;;;;;;;;;2000.100;-437.000;;;;;;;;;;92.00;92.00;93.00;;;;;;;;;70559;;;;;;;;;;;;;;1943.200;;;;;;;;;;;;53.00;38.00;;;;;;;;;;;;;;0;0.00;0.00;;208.20;;3.00;-2.20;-3.00;;0.30;-4.60;;;;-0.60;;;;10.80;;;;0.30;10.60;8.00;13.20;0.80;10.80;8.10;13.50;0.80;-1.30;3.40;0.80;23.00;;;;18.00;;;;30.00;;;;;;;;41.00;;;;;;;;;;;;57.00;;;;;;;;;;;;;;;;;;;;;;;;;;;;;;;;;;;;;;;;;;;;;;;;;;;;;;;;;;;;;;;;;;;;;;;;;;;;;;;;;;;;;;;;;;;;;;;;;;;;;;;;;;;;;;;;;;;;;;;;;;;;;;;;;;;;;;;;;;;;;;;;;;;;;;;;;;;;;;;;;;;;;;;;;;;;;;;;;;;;;;;;;;;;;;;;;;;;;;;;;;;;;;;;;;;;;;55.00;;;;;;;;;;;;;;;;;;;;;;;;;;;;;;;;;;;36.00;36.00;37.00;;;;;;;;;;;;;;47.00;47.00;47.00;;;;9.80;;;;;;;;;;;1721.30;2000.00;63.20;0.00;0.00;68.40;;;;;;;;;;;;;;;;;;;;;;2000.10;2000.10;11;1;;;;;;;;;;;;;;;;;;;;;;;;0.00;0;0;0.00;0.00;;;;;101.00;100.00;102.00;;112.00;112.00;114.00;;100.00;99.00;102.00;;;;;;;;;;;;;0;10.70;11.80;9.90;14.90;15.20;14.60;1951;2091;1729;208;206;1550.00;;;32757820;8.00;;;;;;23.00
1579122000000;2020-01-15T22:00:00.000+0100;;;;;;;;;1.00;-437.60;384.20;384.00;384.20;1657.00;1648.00;1647.00;-1.10;;;;;-1.10;-1.10;;;;;;;;;1.0;;;;;;;;;;;;;;;;;;;;;;;;;;;;;;;;;;;;;;;;;;;;50.00;;;;;;;;;;;;;;;;;;;;;;;;;;;;;;;;;;;;;;39.00;54.00;37.00;10.00;;;;74.00;82.00;70.00;;;;;;;;;1563.70;1535.00;-413.700;-456.300;;;;;;;;;;;;;2000.100;-437.000;;;;;;;;;;91.00;91.00;92.00;;;;;;;;;70559;;;;;;;;;;;;;;1846.100;;;;;;;;;;;;53.00;39.00;;;;;;;;;;;;;;0;0.00;0.00;;204.60;;3.00;-0.30;-2.20;;0.30;-2.80;;;;2.10;;;;10.50;;;;0.40;10.20;7.50;13.20;0.80;10.60;7.60;13.50;0.80;-1.70;-0.40;0.30;23.00;;;;18.00;;;;30.00;;;;;;;;41.00;;;;;;;;;;;;57.00;;;;;;;;;;;;;;;;;;;;;;;;;;;;;;;;;;;;;;;;;;;;;;;;;;;;;;;;;;;;;;;;;;;;;;;;;;;;;;;;;;;;;;;;;;;;;;;;;;;;;;;;;;;;;;;;;;;;;;;;;;;;;;;;;;;;;;;;;;;;;;;;;;;;;;;;;;;;;;;;;;;;;;;;;;;;;;;;;;;;;;;;;;;;;;;;;;;;;;;;;;;;;;;;;;;;;;55.00;;;;;;;;;;;;;;;;;;;;;;;;;;;;;;;;;;;36.00;36.00;37.00;;;;;;;;;;;;;;47.00;47.00;47.00;;;;4.80;;;;;;;;;;;1642.20;1979.80;72.00;0.00;0.00;76.40;;;;;;;;;;;;;;;;;;;;;;2000.10;2000.10;11;1;;;;;;;;;;;;;;;;;;;;;;;;0.00;0;0;0.00;0.00;;;;;103.00;102.00;103.00;;114.00;114.00;114.00;;102.00;102.00;102.00;;;;;;;;;;;;;0;10.40;11.60;9.10;14.90;14.90;14.60;1850;2052;1652;204;204;1550.00;;;32758128;8.00;;;;;;23.00
1579122600000;2020-01-15T22:10:00.000+0100;;;;;;;;;1.00;-448.30;383.10;383.00;383.20;1552.00;1543.00;1542.00;1.40;;;;;1.40;1.40;;;;;;;;;1.0;;;;;;;;;;;;;;;;;;;;;;;;;;;;;;;;;;;;;;;;;;;;50.00;;;;;;;;;;;;;;;;;;;;;;;;;;;;;;;;;;;;;;39.00;53.00;36.00;10.00;;;;65.00;75.00;60.00;;;;;;;;;1558.90;1361.10;-425.500;-471.300;;;;;;;;;;;;;1837.600;-458.000;;;;;;;;;;90.00;90.00;91.00;;;;;;;;;70559;;;;;;;;;;;;;;1715.800;;;;;;;;;;;;53.00;39.00;;;;;;;;;;;;;;0;0.00;0.00;;203.80;;3.00;1.40;-0.90;;0.40;-0.90;;;;3.50;;;;10.80;;;;0.50;10.40;7.90;13.60;0.80;10.70;8.00;14.10;0.90;-1.00;3.80;0.60;23.00;;;;18.00;;;;31.00;;;;;;;;41.00;;;;;;;;;;;;57.00;;;;;;;;;;;;;;;;;;;;;;;;;;;;;;;;;;;;;;;;;;;;;;;;;;;;;;;;;;;;;;;;;;;;;;;;;;;;;;;;;;;;;;;;;;;;;;;;;;;;;;;;;;;;;;;;;;;;;;;;;;;;;;;;;;;;;;;;;;;;;;;;;;;;;;;;;;;;;;;;;;;;;;;;;;;;;;;;;;;;;;;;;;;;;;;;;;;;;;;;;;;;;;;;;;;;;;55.00;;;;;;;;;;;;;;;;;;;;;;;;;;;;;;;;;;;36.00;36.00;36.00;;;;;;;;;;;;;;47.00;46.00;47.00;;;;14.30;;;;;;;;;;;1466.60;1896.10;92.20;6.00;600.00;92.90;;;;;;;;;;;;;;;;;;;;;;1832.70;1892.60;11;1;;;;;;;;;;;;;;;;;;;;;;;;0.00;0;0;0.00;0.00;;;;;103.00;103.00;103.00;;114.00;114.00;114.00;;103.00;102.00;103.00;;;;;;;;;;;;;0;10.50;11.80;9.20;13.70;14.90;13.10;1717;1898;1464;204;205;1424.90;;;32758414;8.00;;;;;;24.00
1579123200000;2020-01-15T22:20:00.000+0100;;;;;;;;;1.00;-457.70;383.00;382.90;383.10;1620.00;1611.00;1610.00;2.50;;;;;2.50;2.50;;;;;;;;;1.0;;;;;;;;;;;;;;;;;;;;;;;;;;;;;;;;;;;;;;;;;;;;50.00;;;;;;;;;;;;;;;;;;;;;;;;;;;;;;;;;;;;;;38.00;53.00;37.00;10.00;;;;58.00;70.00;54.00;;;;;;;;;1479.20;1381.40;-437.600;-477.700;;;;;;;;;;;;;1840.600;-457.000;;;;;;;;;;89.00;89.00;90.00;;;;;;;;;70559;;;;;;;;;;;;;;1796.100;;;;;;;;;;;;53.00;39.00;;;;;;;;;;;;;;0;0.00;0.00;;207.30;;3.00;-0.30;-0.70;;1.10;-2.90;;;;1.50;;;;11.30;;;;0.50;10.90;7.80;13.50;0.90;11.30;8.20;14.10;0.90;1.00;5.10;0.90;23.00;;;;18.00;;;;32.00;;;;;;;;41.00;;;;;;;;;;;;57.00;;;;;;;;;;;;;;;;;;;;;;;;;;;;;;;;;;;;;;;;;;;;;;;;;;;;;;;;;;;;;;;;;;;;;;;;;;;;;;;;;;;;;;;;;;;;;;;;;;;;;;;;;;;;;;;;;;;;;;;;;;;;;;;;;;;;;;;;;;;;;;;;;;;;;;;;;;;;;;;;;;;;;;;;;;;;;;;;;;;;;;;;;;;;;;;;;;;;;;;;;;;;;;;;;;;;;;54.00;;;;;;;;;;;;;;;;;;;;;;;;;;;;;;;;;;;36.00;36.00;36.00;;;;;;;;;;;;;;46.00;46.00;46.00;;;;14.60;;;;;;;;;;;1626.00;1845.10;58.30;6.00;600.00;57.80;;;;;;;;;;;;;;;;;;;;;;1837.10;1845.00;11;1;;;;;;;;;;;;;;;;;;;;;;;;0.00;0;0;0.00;0.00;;;;;103.00;103.00;103.00;;115.00;114.00;115.00;;103.00;103.00;103.00;;;;;;;;;;;;;0;11.10;12.50;9.80;13.70;14.30;13.10;1796;1852;1634;210;209;1426.70;;;32758712;8.00;;;;;;24.00
1579123800000;2020-01-15T22:30:00.000+0100;;;;;;;;;1.00;-460.70;383.50;383.40;383.50;1613.00;1604.00;1603.00;2.20;;;;;2.20;2.20;;;;;;;;;1.0;;;;;;;;;;;;;;;;;;;;;;;;;;;;;;;;;;;;;;;;;;;;50.00;;;;;;;;;;;;;;;;;;;;;;;;;;;;;;;;;;;;;;38.00;53.00;37.00;10.00;;;;55.00;66.00;50.00;;;;;;;;;1482.50;1381.70;-438.500;-477.300;;;;;;;;;;;;;1839.400;-470.000;;;;;;;;;;89.00;89.00;90.00;;;;;;;;;70559;;;;;;;;;;;;;;1789.600;;;;;;;;;;;;53.00;39.00;;;;;;;;;;;;;;0;0.00;0.00;;210.40;;3.00;1.30;-1.60;;0.60;-0.90;;;;3.50;;;;11.20;;;;0.40;10.70;8.30;12.90;0.80;11.00;8.10;14.00;0.90;1.00;6.20;0.80;23.00;;;;18.00;;;;33.00;;;;;;;;41.00;;;;;;;;;;;;56.00;;;;;;;;;;;;;;;;;;;;;;;;;;;;;;;;;;;;;;;;;;;;;;;;;;;;;;;;;;;;;;;;;;;;;;;;;;;;;;;;;;;;;;;;;;;;;;;;;;;;;;;;;;;;;;;;;;;;;;;;;;;;;;;;;;;;;;;;;;;;;;;;;;;;;;;;;;;;;;;;;;;;;;;;;;;;;;;;;;;;;;;;;;;;;;;;;;;;;;;;;;;;;;;;;;;;;;54.00;;;;;;;;;;;;;;;;;;;;;;;;;;;;;;;;;;;36.00;36.00;36.00;;;;;;;;;;;;;;46.00;46.00;46.00;;;;15.50;;;;;;;;;;;1480.20;1842.20;72.80;6.00;600.00;72.10;;;;;;;;;;;;;;;;;;;;;;1836.00;1842.20;11;1;;;;;;;;;;;;;;;;;;;;;;;;0.00;0;0;0.00;0.00;;;;;103.00;102.00;103.00;;114.00;114.00;115.00;;103.00;102.00;103.00;;;;;;;;;;;;;0;10.80;11.90;9.30;13.70;14.30;13.10;1789;1854;1484;210;211;1424.60;;;32759010;8.00;;;;;;24.00
1579124400000;2020-01-15T22:40:00.000+0100;;;;;;;;;1.00;-465.00;383.70;383.60;383.50;1614.00;1605.00;1604.00;2.60;;;;;2.60;2.60;;;;;;;;;1.0;;;;;;;;;;;;;;;;;;;;;;;;;;;;;;;;;;;;;;;;;;;;50.00;;;;;;;;;;;;;;;;;;;;;;;;;;;;;;;;;;;;;;38.00;53.00;36.00;10.00;;;;59.00;69.00;54.00;;;;;;;;;1483.40;1380.20;-437.400;-485.100;;;;;;;;;;;;;1840.100;-464.000;;;;;;;;;;89.00;89.00;90.00;;;;;;;;;70560;;;;;;;;;;;;;;1789.600;;;;;;;;;;;;53.00;39.00;;;;;;;;;;;;;;0;0.00;0.00;;211.30;;3.00;1.30;-3.00;;0.90;-0.70;;;;3.40;;;;11.30;;;;0.50;10.80;7.40;14.30;0.90;11.10;7.40;14.50;0.90;0.60;5.60;1.20;23.00;;;;18.00;;;;34.00;;;;;;;;41.00;;;;;;;;;;;;56.00;;;;;;;;;;;;;;;;;;;;;;;;;;;;;;;;;;;;;;;;;;;;;;;;;;;;;;;;;;;;;;;;;;;;;;;;;;;;;;;;;;;;;;;;;;;;;;;;;;;;;;;;;;;;;;;;;;;;;;;;;;;;;;;;;;;;;;;;;;;;;;;;;;;;;;;;;;;;;;;;;;;;;;;;;;;;;;;;;;;;;;;;;;;;;;;;;;;;;;;;;;;;;;;;;;;;;;54.00;;;;;;;;;;;;;;;;;;;;;;;;;;;;;;;;;;;36.00;36.00;36.00;;;;;;;;;;;;;;46.00;46.00;46.00;;;;17.60;;;;;;;;;;;1466.60;1844.20;75.10;6.00;600.00;74.70;;;;;;;;;;;;;;;;;;;;;;1835.50;1844.20;11;1;;;;;;;;;;;;;;;;;;;;;;;;0.30;0;0;0.00;0.00;;;;;101.00;101.00;102.00;;113.00;112.00;114.00;;100.00;100.00;102.00;;;;;;;;;;;;;0;11.00;12.20;9.40;13.70;14.30;13.10;1790;1855;1474;210;212;1425.80;;;32759308;8.00;;;;;;23.00
1579125000000;2020-01-15T22:50:00.000+0100;;;;;;;;;1.00;-461.10;384.60;384.50;384.40;1537.00;1528.00;1528.00;1.30;;;;;1.30;1.30;;;;;;;;;1.0;;;;;;;;;;;;;;;;;;;;;;;;;;;;;;;;;;;;;;;;;;;;50.00;;;;;;;;;;;;;;;;;;;;;;;;;;;;;;;;;;;;;;38.00;53.00;36.00;10.00;;;;67.00;74.00;61.00;;;;;;;;;1487.30;1375.10;-442.600;-484.000;;;;;;;;;;;;;1837.600;-471.000;;;;;;;;;;89.00;89.00;90.00;;;;;;;;;70560;;;;;;;;;;;;;;1703.600;;;;;;;;;;;;53.00;38.00;;;;;;;;;;;;;;0;0.00;0.00;;217.50;;3.00;0.60;-10.60;;2.10;-2.10;;;;3.30;;;;10.80;;;;0.50;10.40;7.00;13.10;0.90;10.60;7.80;13.60;0.90;0.10;5.60;0.80;23.00;;;;18.00;;;;34.00;;;;;;;;41.00;;;;;;;;;;;;56.00;;;;;;;;;;;;;;;;;;;;;;;;;;;;;;;;;;;;;;;;;;;;;;;;;;;;;;;;;;;;;;;;;;;;;;;;;;;;;;;;;;;;;;;;;;;;;;;;;;;;;;;;;;;;;;;;;;;;;;;;;;;;;;;;;;;;;;;;;;;;;;;;;;;;;;;;;;;;;;;;;;;;;;;;;;;;;;;;;;;;;;;;;;;;;;;;;;;;;;;;;;;;;;;;;;;;;;54.00;;;;;;;;;;;;;;;;;;;;;;;;;;;;;;;;;;;36.00;36.00;36.00;;;;;;;;;;;;;;46.00;46.00;46.00;;;;10.40;;;;;;;;;;;1461.40;1842.30;92.60;6.00;600.00;92.20;;;;;;;;;;;;;;;;;;;;;;1832.70;1842.70;11;1;;;;;;;;;;;;;;;;;;;;;;;;0.00;0;0;0.00;0.00;;;;;100.00;100.00;101.00;;112.00;112.00;112.00;;100.00;100.00;100.00;;;;;;;;;;;;;0;10.50;11.90;9.30;13.70;14.30;13.10;1704;1847;1467;212;213;1424.60;;;32759592;8.00;;;;;;23.00
1579125600000;2020-01-15T23:00:00.000+0100;;;;;;;;;1.00;-451.30;384.70;384.70;384.60;1387.00;1380.00;1379.00;0.70;;;;;0.70;0.70;;;;;;;;;1.0;;;;;;;;;;;;;;;;;;;;;;;;;;;;;;;;;;;;;;;;;;;;50.00;;;;;;;;;;;;;;;;;;;;;;;;;;;;;;;;;;;;;;38.00;52.00;36.00;10.00;;;;70.00;76.00;66.00;;;;;;;;;1440.80;1401.40;-431.700;-475.400;;;;;;;;;;;;;1835.300;-435.000;;;;;;;;;;87.00;87.00;88.00;;;;;;;;;70560;;;;;;;;;;;;;;1528.100;;;;;;;;;;;;52.00;38.00;;;;;;;;;;;;;;0;0.00;0.00;;212.60;;3.00;-0.20;-1.90;;0.40;-2.40;;;;1.90;;;;10.20;;;;0.50;9.90;6.90;13.00;0.80;10.20;7.00;13.10;0.90;-0.80;1.90;0.60;23.00;;;;18.00;;;;35.00;;;;;;;;41.00;;;;;;;;;;;;56.00;;;;;;;;;;;;;;;;;;;;;;;;;;;;;;;;;;;;;;;;;;;;;;;;;;;;;;;;;;;;;;;;;;;;;;;;;;;;;;;;;;;;;;;;;;;;;;;;;;;;;;;;;;;;;;;;;;;;;;;;;;;;;;;;;;;;;;;;;;;;;;;;;;;;;;;;;;;;;;;;;;;;;;;;;;;;;;;;;;;;;;;;;;;;;;;;;;;;;;;;;;;;;;;;;;;;;;54.00;;;;;;;;;;;;;;;;;;;;;;;;;;;;;;;;;;;36.00;36.00;36.00;;;;;;;;;;;;;;46.00;46.00;46.00;;;;6.30;;;;;;;;;;;1176.30;1837.80;127.60;6.00;600.00;127.60;;;;;;;;;;;;;;;;;;;;;;1829.10;1839.10;11;1;;;;;;;;;;;;;;;;;;;;;;;;0.00;0;0;0.00;0.00;;;;;100.00;100.00;100.00;;112.00;112.00;112.00;;99.00;99.00;100.00;;;;;;;;;;;;;0;10.10;11.40;8.70;13.70;13.70;13.40;1528;1841;1187;211;211;1422.20;;;32759850;8.00;;;;;;23.00
1579126200000;2020-01-15T23:10:00.000+0100;;;;;;;;;1.00;-452.70;384.80;384.70;384.70;1383.00;1376.00;1374.00;0.40;;;;;0.40;0.40;;;;;;;;;1.0;;;;;;;;;;;;;;;;;;;;;;;;;;;;;;;;;;;;;;;;;;;;50.00;;;;;;;;;;;;;;;;;;;;;;;;;;;;;;;;;;;;;;38.00;52.00;36.00;10.00;;;;72.00;77.00;67.00;;;;;;;;;1443.10;1404.60;-429.200;-490.400;;;;;;;;;;;;;1833.700;-472.000;;;;;;;;;;86.00;86.00;87.00;;;;;;;;;70560;;;;;;;;;;;;;;1522.600;;;;;;;;;;;;52.00;38.00;;;;;;;;;;;;;;0;0.00;0.00;;210.10;;3.00;1.60;1.00;;0.80;-0.80;;;;3.70;;;;10.10;;;;0.50;9.70;6.70;12.70;0.80;10.10;7.50;13.10;0.90;-1.00;1.80;0.60;22.00;;;;18.00;;;;33.00;;;;;;;;41.00;;;;;;;;;;;;56.00;;;;;;;;;;;;;;;;;;;;;;;;;;;;;;;;;;;;;;;;;;;;;;;;;;;;;;;;;;;;;;;;;;;;;;;;;;;;;;;;;;;;;;;;;;;;;;;;;;;;;;;;;;;;;;;;;;;;;;;;;;;;;;;;;;;;;;;;;;;;;;;;;;;;;;;;;;;;;;;;;;;;;;;;;;;;;;;;;;;;;;;;;;;;;;;;;;;;;;;;;;;;;;;;;;;;;;54.00;;;;;;;;;;;;;;;;;;;;;;;;;;;;;;;;;;;36.00;36.00;36.00;;;;;;;;;;;;;;46.00;46.00;46.00;;;;7.20;;;;;;;;;;;1239.60;1837.50;122.60;6.00;600.00;123.50;;;;;;;;;;;;;;;;;;;;;;1828.60;1839.60;11;1;;;;;;;;;;;;;;;;;;;;;;;;0.00;0;0;0.00;0.00;;;;;100.00;100.00;100.00;;112.00;112.00;112.00;;99.00;99.00;99.00;;;;;;;;;;;;;0;9.90;11.30;8.50;13.70;13.70;13.40;1523;1844;1249;211;213;1421.40;;;32760100;8.00;;;;;;23.00
1579126800000;2020-01-15T23:20:00.000+0100;;;;;;;;;1.00;-461.80;385.80;385.70;385.70;1482.00;1474.00;1472.00;1.10;;;;;1.10;1.10;;;;;;;;;1.0;;;;;;;;;;;;;;;;;;;;;;;;;;;;;;;;;;;;;;;;;;;;50.00;;;;;;;;;;;;;;;;;;;;;;;;;;;;;;;;;;;;;;38.00;52.00;36.00;10.00;;;;73.00;78.00;69.00;;;;;;;;;1457.80;1404.30;-435.600;-483.300;;;;;;;;;;;;;1836.500;-444.000;;;;;;;;;;85.00;85.00;86.00;;;;;;;;;70560;;;;;;;;;;;;;;1642.300;;;;;;;;;;;;52.00;38.00;;;;;;;;;;;;;;0;0.00;0.00;;212.70;;3.00;1.80;-0.30;;0.40;-0.60;;;;4.40;;;;10.60;;;;0.40;10.10;8.10;12.70;0.80;10.50;7.80;13.10;0.80;-0.30;2.90;0.50;22.00;;;;18.00;;;;31.00;;;;;;;;41.00;;;;;;;;;;;;56.00;;;;;;;;;;;;;;;;;;;;;;;;;;;;;;;;;;;;;;;;;;;;;;;;;;;;;;;;;;;;;;;;;;;;;;;;;;;;;;;;;;;;;;;;;;;;;;;;;;;;;;;;;;;;;;;;;;;;;;;;;;;;;;;;;;;;;;;;;;;;;;;;;;;;;;;;;;;;;;;;;;;;;;;;;;;;;;;;;;;;;;;;;;;;;;;;;;;;;;;;;;;;;;;;;;;;;;54.00;;;;;;;;;;;;;;;;;;;;;;;;;;;;;;;;;;;36.00;36.00;36.00;;;;;;;;;;;;;;46.00;46.00;46.00;;;;8.10;;;;;;;;;;;1373.20;1840.60;99.60;6.00;600.00;100.50;;;;;;;;;;;;;;;;;;;;;;1831.70;1840.60;11;1;;;;;;;;;;;;;;;;;;;;;;;;0.00;0;0;0.00;0.00;;;;;100.00;99.00;100.00;;111.00;111.00;112.00;;99.00;99.00;99.00;;;;;;;;;;;;;0;10.30;11.90;9.00;13.70;14.00;13.40;1643;1849;1380;211;213;1423.40;;;32760376;8.00;;;;;;22.00
1579127400000;2020-01-15T23:30:00.000+0100;;;;;;;;;1.00;-445.20;384.40;384.20;384.30;1306.00;1299.00;1296.00;-0.10;;;;;-0.10;-0.10;;;;;;;;;1.0;;;;;;;;;;;;;;;;;;;;;;;;;;;;;;;;;;;;;;;;;;;;50.00;;;;;;;;;;;;;;;;;;;;;;;;;;;;;;;;;;;;;;38.00;52.00;36.00;10.00;;;;75.00;78.00;71.00;;;;;;;;;1433.90;1402.00;-421.000;-469.100;;;;;;;;;;;;;1831.900;-432.000;;;;;;;;;;85.00;85.00;86.00;;;;;;;;;70560;;;;;;;;;;;;;;1430.100;;;;;;;;;;;;52.00;38.00;;;;;;;;;;;;;;0;0.00;0.00;;213.80;;3.00;1.80;-1.10;;0.40;-0.50;;;;4.60;;;;9.80;;;;0.40;9.40;7.20;11.80;0.70;9.70;7.10;12.20;0.80;-1.10;1.30;0.50;22.00;;;;18.00;;;;30.00;;;;;;;;41.00;;;;;;;;;;;;56.00;;;;;;;;;;;;;;;;;;;;;;;;;;;;;;;;;;;;;;;;;;;;;;;;;;;;;;;;;;;;;;;;;;;;;;;;;;;;;;;;;;;;;;;;;;;;;;;;;;;;;;;;;;;;;;;;;;;;;;;;;;;;;;;;;;;;;;;;;;;;;;;;;;;;;;;;;;;;;;;;;;;;;;;;;;;;;;;;;;;;;;;;;;;;;;;;;;;;;;;;;;;;;;;;;;;;;;54.00;;;;;;;;;;;;;;;;;;;;;;;;;;;;;;;;;;;36.00;36.00;36.00;;;;;;;;;;;;;;46.00;46.00;46.00;;;;5.40;;;;;;;;;;;1159.30;1757.40;102.10;6.00;600.00;102.10;;;;;;;;;;;;;;;;;;;;;;1827.30;1836.30;11;1;;;;;;;;;;;;;;;;;;;;;;;;0.00;0;0;0.00;0.00;;;;;99.00;99.00;100.00;;111.00;111.00;111.00;;99.00;98.00;99.00;;;;;;;;;;;;;0;9.50;10.80;8.50;13.70;13.70;13.40;1431;1767;1159;211;213;1419.30;;;32760614;8.00;;;;;;22.00
1579128000000;2020-01-15T23:40:00.000+0100;;;;;;;;;0.90;-430.10;384.80;384.80;384.80;1161.00;1154.00;1153.00;-0.80;;;;;-0.80;-0.80;;;;;;;;;1.0;;;;;;;;;;;;;;;;;;;;;;;;;;;;;;;;;;;;;;;;;;;;50.00;;;;;;;;;;;;;;;;;;;;;;;;;;;;;;;;;;;;;;38.00;51.00;36.00;10.00;;;;74.00;78.00;70.00;;;;;;;;;1433.60;1400.80;-410.900;-456.700;;;;;;;;;;;;;1828.400;-435.000;;;;;;;;;;83.00;83.00;84.00;;;;;;;;;70561;;;;;;;;;;;;;;1262.500;;;;;;;;;;;;51.00;38.00;;;;;;;;;;;;;;0;0.00;0.00;;212.40;;3.00;1.70;1.60;;0.60;-1.40;;;;4.40;;;;9.20;;;;0.40;8.80;6.40;11.70;0.70;9.20;5.90;11.70;0.80;-2.10;0.20;0.50;22.00;;;;18.00;;;;31.00;;;;;;;;40.00;;;;;;;;;;;;55.00;;;;;;;;;;;;;;;;;;;;;;;;;;;;;;;;;;;;;;;;;;;;;;;;;;;;;;;;;;;;;;;;;;;;;;;;;;;;;;;;;;;;;;;;;;;;;;;;;;;;;;;;;;;;;;;;;;;;;;;;;;;;;;;;;;;;;;;;;;;;;;;;;;;;;;;;;;;;;;;;;;;;;;;;;;;;;;;;;;;;;;;;;;;;;;;;;;;;;;;;;;;;;;;;;;;;;;53.00;;;;;;;;;;;;;;;;;;;;;;;;;;;;;;;;;;;36.00;36.00;36.00;;;;;;;;;;;;;;45.00;45.00;46.00;;;;5.70;;;;;;;;;;;1053.10;1551.60;94.90;6.00;600.00;94.70;;;;;;;;;;;;;;;;;;;;;;1823.70;1832.40;11;1;;;;;;;;;;;;;;;;;;;;;;;;0.00;0;0;0.00;0.00;;;;;99.00;99.00;99.00;;111.00;111.00;111.00;;98.00;98.00;98.00;;;;;;;;;;;;;0;9.00;10.40;7.80;13.70;13.70;13.40;1263;1543;1063;211;213;1416.90;;;32760826;8.00;;;;;;22.00
1579128600000;2020-01-15T23:50:00.000+0100;;;;;;;;;0.90;-421.80;384.70;384.70;384.70;1106.00;1099.00;1098.00;-1.10;;;;;-1.10;-1.10;;;;;;;;;1.0;;;;;;;;;;;;;;;;;;;;;;;;;;;;;;;;;;;;;;;;;;;;50.00;;;;;;;;;;;;;;;;;;;;;;;;;;;;;;;;;;;;;;38.00;51.00;36.00;10.00;;;;72.00;76.00;69.00;;;;;;;;;1433.30;1400.80;-405.600;-445.200;;;;;;;;;;;;;1826.800;-418.000;;;;;;;;;;81.00;81.00;82.00;;;;;;;;;70561;;;;;;;;;;;;;;1197.900;;;;;;;;;;;;51.00;37.00;;;;;;;;;;;;;;0;0.00;0.00;;212.60;;3.00;1.50;-1.90;;0.80;-1.40;;;;4.70;;;;9.00;;;;0.40;8.60;6.50;10.60;0.70;9.00;6.00;11.50;0.80;-2.20;0.00;0.50;22.00;;;;18.00;;;;32.00;;;;;;;;40.00;;;;;;;;;;;;55.00;;;;;;;;;;;;;;;;;;;;;;;;;;;;;;;;;;;;;;;;;;;;;;;;;;;;;;;;;;;;;;;;;;;;;;;;;;;;;;;;;;;;;;;;;;;;;;;;;;;;;;;;;;;;;;;;;;;;;;;;;;;;;;;;;;;;;;;;;;;;;;;;;;;;;;;;;;;;;;;;;;;;;;;;;;;;;;;;;;;;;;;;;;;;;;;;;;;;;;;;;;;;;;;;;;;;;;53.00;;;;;;;;;;;;;;;;;;;;;;;;;;;;;;;;;;;36.00;36.00;36.00;;;;;;;;;;;;;;45.00;45.00;45.00;;;;5.70;;;;;;;;;;;984.50;1429.20;84.10;6.00;600.00;83.80;;;;;;;;;;;;;;;;;;;;;;1813.50;1830.40;11;1;;;;;;;;;;;;;;;;;;;;;;;;0.00;0;0;0.00;0.00;;;;;99.00;99.00;99.00;;111.00;110.00;111.00;;98.00;98.00;98.00;;;;;;;;;;;;;0;8.80;10.10;7.30;13.70;13.70;13.40;1198;1423;990;211;213;1415.70;;;32761024;8.00;;;;;;22.00
