Timestamp;DateTime;T Generatorkuehlluft;T Gear Bearing Temperatur HS-ROT;T Wellenlager;Scheinleistung;U ac;I ac;Operation Mode;Turmauslenkung;Grid Production CosPhi (avg);Blindleistung;Spannung L1-N;Spannung L2-N;Spannung L3-N;Strom L1;Strom L2;Strom L3;Pitch Angle 1 (avg);Gondelumdrehung;Generatordrehzahl;DC Modules;Windabweichung 1 sek;Pitch Angle 2 (avg);Pitch Angle 3 (avg);Blattwinkel 1 (Soll);Blattwinkel 2 (Soll);Blattwinkel 3 (Soll);cos phi (Soll);n-Soll 1;n-Soll 2;Drehmoment;Drehmoment (Soll);Max. Operatingstate;Gondelbild;Windabweichung 10 sek;Schnelllaufzahl;Digital 1;Digital 2;Leistungsschalter Zuschaltungen;Triebstr.beschleunigung;Turmbeschleunigung;Anlagenzustand;Gear Bearing High Speed Shaft Generator Temperature (avg);Hydraulikvordruck;T.1(202);T.2(205);T.3(208);T.4(211);T.5(214);T.6(217);T.7(220);T.8(224);T.9(227);T.10(231);T.11(234);Int.Temp.;T.Sub1(202);T.Sub2(205);T.Sub3(208);T.Sub4(211);T.Sub5(214);T.Sub6(217);T.Sub7(220);T.Sub8(224);T.Sub9(227);T.Sub10(231);T.Sub11(234);Intern T.Sub;Windg. 1+2;T. SAMI;A.Ein(236);A.Ein(239);A.Ein(242);A.Ein(245);A.Aus(400);A.Aus(404);Netz Freq.;Grid voltage;Drehstromsteller Soll;Deviation Wind Direction To Nacelle Direction (avg);Leistungsmittelwert 5 Sek;Leistungsmittelwert 30 Sek;zugeschaltete Blindleistung;Leistungsklasse;Zustand Blatt;Anzahl Komp. Stufen;T Stator;Subtotal Energy Generator 1;Subtotal Energy Generator 2;Subtotal Production Time Generator 1;Subtotal Production Time Generator 2;Subtotal Availability Total Hours;Subtotal Availability Total Error;Subtotal Availability;Subtotal Wind Average;Subtotal Wind Maximum;Subtotal Availability Wind OK Hours;Subtotal Availability Braked Hours;Subtotal Availability External Error Hours;Subtotal Availability Grid Error Hours;Total Energy Generator 1;Total Energy Generator 2;Total Production Time Generator 1;Total Production Time Generator 2;Total Availability Total Hours;Total Availability Total Error;Total Availability;Total Wind Average;Total Wind Maximum;Total Availability Wind OK Hours;Total Availability Braked Hours;Total Availability External Error Hours;Total Availability Grid Error Hours;Blattwinkel;T Hydraulic Oil;T Gear Oil;T Generator Cooling Water;T Spin;Generator Slip Ring Top Temperature (avg);FreeForReuse;T Spin Slip Ring;High Voltage Trafo Phase 1 Temperature (avg);High Voltage Trafo Phase 2 Temperature (avg);High Voltage Trafo Phase 3 Temperature (avg);Event;Event Modul;Air Pressure;Niederschlag;Wingeschwindigkeit (Extern);Windrichtungsabweichung Max;Windrichtungsabweichung Min;Windrichtungsabweichung (Extern);Generatordrehzahl Max;Generatordrehzahl Min;Blindleistung Max;Blindleistung Min;Netzspannung Max;Netzspannung Min;Netzstrom;Netzstrom Max;Netzstrom Min;Statorstrom;Blattwinkel Durchschnitt;Blattwinkel Max;Blattwinkel Min;Leistung Bezug;Scheinleistung Bezug;Scheinleistung Bezug Max;Active Power Reference Value;Reactive Power Reference Value;Schwingungssensor 1 X Achse Max;Schwingungssensor 1 Y Achse Max;Schwingungssensor 2 X Achse Max;Schwingungssensor 2 Y Achse Max;Energie Produktion;Energie Bezug;Blindenergie Produktion;Blindenergie Bezug;Gondelposition Sensor;Statortemperatur L1;Statortemperatur L2;Statortemperatur L3;Blatt1 Motortemperatur;Blatt2 Motortemperatur;Blatt3 Motortemperatur;Umrichter (Generator zu Gleich) Temperatur;Umrichter (Gleich zu Netz) Temperatur;Produktionsstunden;Bezugszaehler;Setpoint frequenzy;t (Total);t (Produktionsbetrieb);t (Innerhalb Windgrenzen);Setpoint voltage;Produktion Zaehler-Lebenszeit kWh;Exported active energy;Exported active energy (red. op-mode);Setpoint in percent;Setpoint active power in percent;Internal setpoint max power;Internal setpoint stop WTG;Internal setpoint start WTG;Betriebsstunden Gen. 1;Betriebsstunden Gen. 2;Grid Possible Power (avg);Air Density;Max. Grid Active Power (Setpoint);Min. Grid Active Power (Setpoint);Max. Possible Grid Active Power (Setpoint);Full Power Operation Time;Power Reduced Operation Time;Min. Operatingstate;Wind Speed 2;Wind Speed 3;Wind Direction 2;Relative Humidity;T Generator Bearing DE;T Generator Bearing NDE;Radiation Module [W/m2];Radiation Horizontal [W/m2];Module Temperature;Wind Speed 4;Wind Speed 5;Wind Speed 6;Wind Speed 7;Wind Speed 8;Wind Direction 3;Wind Direction 4;Temperature Outside 2;Availability Wind Sensor 1;Availability Wind Sensor 2;Active Wind Sector In Period LaPM / Boost);Sector Angle Begin In Period (LaPM / Boost);Sector Angle End In Period (LaPM / Boost);Sector Time In Period (LaPM / Boost);Wind Direction Leading To Power Management (LaPM / Boost);Number Of Currently Main Wind Sensor;Active Wind Sensor;Relative Wind Direction (avg);Relative Wind Direction (min);Relative Wind Direction (max);Relative Wind Direction (stddev);Relative Wind Direction Sensor 1 (avg);Relative Wind Direction Sensor 1 (min);Relative Wind Direction Sensor 1 (max);Relative Wind Direction Sensor 1 (stddev);Relative Wind Direction Sensor 2 (avg);Relative Wind Direction Sensor 2 (min);Relative Wind Direction Sensor 2 (max);Relative Wind Direction Sensor 2 (stddev);Estimated Wind Speed (avg);Estimated Wind Speed (min);Estimated Wind Speed (max);Estimated Wind Speed (stddev);Wind Speed (stddev);Wind Speed Sensor 1 (avg);Wind Speed Sensor 1 (min);Wind Speed Sensor 1 (max);Wind Speed Sensor 1 (stddev);Wind Speed Sensor 2 (avg);Wind Speed Sensor 2 (min);Wind Speed Sensor 2 (max);Wind Speed Sensor 2 (stddev);Pitch Angle 1 (min);Pitch Angle 1 (max);Pitch Angle 1 (stddev);Ground Controller Temperature (avg);Ground Controller Temperature (min);Ground Controller Temperature (max);Ground Controller Temperature (std);Hub Controller Temperature (avg);Hub Controller Temperature (min);Hub Controller Temperature (max);Hub Controller Temperature (stddev);Top Controller Temperature (avg);Top Controller Temperature (min);Top Controller Temperature (max);Top Controller Temperature (stddev);VCP Choke Coil Temperature (avg);VCP Choke Coil Temperature (min);VCP Choke Coil Temperature (max);VCP Choke Coil Temperature (stddev);VCP Temperature (avg);VCP Temperature (min);VCP Temperature (max);VCP Temperature (stddev);VCP Wtr Temperatur (avg);VCP Wtr Temperatur (min);VCP Wtr Temperatur (max);VCP Wtr Temperatur (stddev);Gear Bearing Temperature A (avg);Gear Bearing Temperature A (min);Gear Bearing Temperature A (max);Gear Bearing Temperature A (stddev);Gear Bearing Temperature B (avg);Gear Bearing Temperature B (min);Gear Bearing Temperature B (max);Fermenter Niveau;Fermenter Druck;Fermenter ph-Wert;Fermenter Redoxpotential;Fermenter Temperatur 1;Fermenter Gasanalyse CO2;Fermenter Gasanalyse H2S;Fermenter Gasanalyse CH4;Fermenter Gasanalyse O2;Fermenter TS-Gehalt;Fermenter oTS-Gehalt;Fermenter1 Niveau;Fermenter1 Druck;Fermenter1 ph-Wert;Fermenter1 Redoxpotential;Fermenter1 Temperatur 1;Fermenter1 Gasanalyse CO2;Fermenter1 Gasanalyse H2S;Fermenter1 Gasanalyse CH4;Fermenter1 Gasanalyse O2;Fermenter1 TS-Gehalt;Fermenter1 oTS-Gehalt;Fermenter2 Niveau;Fermenter2 Druck;Fermenter2 ph-Wert;Fermenter2 Redoxpotential;Fermenter2 Temperatur 1;Fermenter2 Gasanalyse CO2;Fermenter2 Gasanalyse H2S;Fermenter2 Gasanalyse CH4;Fermenter2 Gasanalyse O2;Fermenter2 TS-Gehalt;Fermenter2 oTS-Gehalt;Fermenter3 Niveau;Fermenter3 Druck;Fermenter3 ph-Wert;Fermenter3 Redoxpotential;Fermenter3 Temperatur 1;Fermenter3 Gasanalyse CO2;Fermenter3 Gasanalyse H2S;Fermenter3 Gasanalyse CH4;Fermenter3 Gasanalyse O2;Fermenter3 TS-Gehalt;Fermenter3 oTS-Gehalt;Fermenter4 Niveau;Fermenter4 Druck;Fermenter4 ph-Wert;Fermenter4 Redoxpotential;Fermenter4 Temperatur 1;Fermenter4 Gasanalyse CO2;Fermenter4 Gasanalyse H2S;Fermenter4 Gasanalyse CH4;Fermenter4 Gasanalyse O2;Fermenter4 TS-Gehalt;Fermenter4 oTS-Gehalt;Fermenter5 Niveau;Fermenter5 Druck;Fermenter5 ph-Wert;Fermenter5 Redoxpotential;Fermenter5 Temperatur 1;Fermenter5 Gasanalyse CO2;Fermenter5 Gasanalyse H2S;Fermenter5 Gasanalyse CH4;Fermenter5 Gasanalyse O2;Fermenter5 TS-Gehalt;Fermenter5 oTS-Gehalt;Nachgaerer Niveau;Nachgaerer Kopfdruckmessung;Nachgaerer Temperatur 1;Nachgaerer TS-Gehalt;Nachgaerer oTS-Gehalt;Nachgaerer1 Niveau;Nachgaerer1 Kopfdruckmessung;Nachgaerer1 Temperatur 1;Nachgaerer1 TS-Gehalt;Nachgaerer1 oTS-Gehalt;Nachgaerer2 Niveau;Nachgaerer2 Kopfdruckmessung;Nachgaerer2 Temperatur 1;Nachgaerer2 TS-Gehalt;Nachgaerer2 oTS-Gehalt;Nachgaerer3 Niveau;Nachgaerer3 Kopfdruckmessung;Nachgaerer3 Temperatur 1;Nachgaerer3 TS-Gehalt;Nachgaerer3 oTS-Gehalt;Nachgaerer4 Niveau;Nachgaerer4 Kopfdruckmessung;Nachgaerer4 Temperatur 1;Nachgaerer4 TS-Gehalt;Nachgaerer4 oTS-Gehalt;Nachgaerer5 Niveau;Nachgaerer5 Kopfdruckmessung;Nachgaerer5 Temperatur 1;Nachgaerer5 TS-Gehalt;Nachgaerer5 oTS-Gehalt;Rohstofflager Fuellstand;Rohstofflager TS-Gehalt;Rohstofflager oTS-Gehalt;Gasspeicher Fuellstand 1;Gasspeicher Gasdruck;Gasspeicher Temperatur;Gasspeicher1 Fuellstand 1;Gasspeicher1 Gasdruck;Gasspeicher1 Temperatur;Gasspeicher2 Fuellstand 1;Gasspeicher2 Gasdruck;Gasspeicher2 Temperatur;Gasspeicher3 Fuellstand 1;Gasspeicher3 Gasdruck;Gasspeicher3 Temperatur;Gasspeicher4 Fuellstand 1;Gasspeicher4 Gasdruck;Gasspeicher4 Temperatur;Gasspeicher5 Fuellstand 1;Gasspeicher5 Gasdruck;Gasspeicher5 Temperatur;BHKW Leistung;BHKW Gasdurchfluss;BHKW Vorlauftemperatur Fermenter;BHKW Ruecklauftemperatur Fermenter;BHKW Gasanalyse CO2;BHKW Gasanalyse H2S;BHKW Gasanalyse O2;BHKW Gasanalyse CH4;BHKW Gasanalyse H2;BHKW1 Leistung;BHKW1 Gasdurchfluss;BHKW1 Vorlauftemperatur Fermenter;BHKW1 Ruecklauftemperatur Fermenter;BHKW1 Gasanalyse CO2;BHKW1 Gasanalyse H2S;BHKW1 Gasanalyse O2;BHKW1 Gasanalyse CH4;BHKW1 Gasanalyse H2;BHKW2 Leistung;BHKW2 Gasdurchfluss;BHKW2 Vorlauftemperatur Fermenter;BHKW2 Ruecklauftemperatur Fermenter;BHKW2 Gasanalyse CO2;BHKW2 Gasanalyse H2S;BHKW2 Gasanalyse O2;BHKW2 Gasanalyse CH4;BHKW2 Gasanalyse H2;BHKW3 Leistung;BHKW3 Gasdurchfluss;BHKW3 Vorlauftemperatur Fermenter;BHKW3 Ruecklauftemperatur Fermenter;BHKW3 Gasanalyse CO2;BHKW3 Gasanalyse H2S;BHKW3 Gasanalyse O2;BHKW3 Gasanalyse CH4;BHKW3 Gasanalyse H2;BHKW4 Leistung;BHKW4 Gasdurchfluss;BHKW4 Vorlauftemperatur Fermenter;BHKW4 Ruecklauftemperatur Fermenter;BHKW4 Gasanalyse CO2;BHKW4 Gasanalyse H2S;BHKW4 Gasanalyse O2;BHKW4 Gasanalyse CH4;BHKW4 Gasanalyse H2;BHKW5 Leistung;BHKW5 Gasdurchfluss;BHKW5 Vorlauftemperatur Fermenter;BHKW5 Ruecklauftemperatur Fermenter;BHKW5 Gasanalyse CO2;BHKW5 Gasanalyse H2S;BHKW5 Gasanalyse O2;BHKW5 Gasanalyse CH4;BHKW5 Gasanalyse H2;ZM-Pumpe Druckmessung;ZM-Pumpe Temperatur;ZM-Pumpe Durchflussmessung;Durchflussmenge;Leitapparat;Oberpegel;Pegel;BHKW Gesamtleistungsbezug Eigenbedarf;BHKW Gasverbrauch heute;BHKW Gasverbrauch gesamt;Fuellstand Vorgrube;Niederschlag max;Niederschlag min;T Mittelspannungstrafo Windung U ;T Mittelspannungstrafo Windung V;T Mittelspannungstrafo Windung W ;T Mittelspannungstrafo Umbegung;Ice Level;External setpoint power factor;Free For Reuse;Water Flow Rate;Upstream Water Level;Downstream Water Level;Weir Water Level;Setpoint power from grid operator;Setpoint power from direct marketer;Setpoint power from customer;Vmin;Vmax;Vout;Iout;%Wout;Freq;%Cap;Vbat;TupsC;%VAout;Setpoint active power controller;Wind Average of Running plants;Gear Bearing Temperature B (stddev);Gear Bearing Temperature C (avg);Gear Bearing Temperature C (min);Gear Bearing Temperature C (max);Gear Bearing Temperature C (stddev);Gear Bearing Hollow Shaft Generator Temperature (avg);Gear Bearing Hollow Shaft Generator Temperature (min);Gear Bearing Hollow Shaft Generator Temperature (max);Gear Bearing Hollow Shaft Generator Temperature (stddev);Gear Bearing Hollow Shaft Rotor Temperature (avg);Gear Bearing Hollow Shaft Rotor Temperature (min);Gear Bearing Hollow Shaft Rotor Temperature (max);Gear Bearing Hollow Shaft Rotor Temperature (stddev);Gear Bearing High Speed Generator Temperature (min);Gear Bearing High Speed Generator Temperature (max);Gear Bearing High Speed Generator Temperature (stddev);Gear Bearing High Speed Middle Temperature (avg);Gear Bearing High Speed Middle Temperature (min);Gear Bearing High Speed Middle Temperature (max);Gear Bearing High Speed Middle Temperature (stddev);Gear Bearing High Speed Rotor Temperature (avg);Gear Bearing High Speed Rotor Temperature (min);Gear Bearing High Speed Rotor Temperature (max);Gear Bearing High Speed Rotor Temperature (stddev);Gear Bearing Intermediate Shaft 1 Temperature (avg);Gear Bearing Intermediate Shaft 1 Temperature (min);Gear Bearing Intermediate Shaft 1 Temperature (max);Gear Bearing Intermediate Shaft 1 Temperature (stddev);Gear Bearing Intermediate Shaft 2 Temperature (avg);Gear Bearing Intermediate Shaft 2 Temperature (min);Gear Bearing Intermediate Shaft 2 Temperature (max);Gear Bearing Intermediate Shaft 2 Temperature (stddev);Gear Bearing Intermediate Shaft 3 Temperature (avg);Gear Bearing Intermediate Shaft 3 Temperature (min);Gear Bearing Intermediate Shaft 3 Temperature (max);Gear Bearing Intermediate Shaft 3 Temperature (stddev);Gear Cooling Water Temperature (avg);Gear Cooling Water Temperature (min);Gear Cooling Water Temperature (max);Gear Cooling Water Temperature (stddev);Gear Lubrication Oil Temperature (avg);Gear Lubrication Oil Temperature (min);Gear Lubrication Oil Temperature (max);Gear Lubrication Oil Temperature (stddev);Gear Main Bearing Temperature (avg);Gear Main Bearing Temperature (min);Gear Main Bearing Temperature (max);Gear Main Bearing Temperature (stddev);Gear Main Tank Oil Temperature (avg);Gear Main Tank Oil Temperature (min);Gear Main Tank Oil Temperature (max);Gear Main Tank Oil Temperature (stddev);Gear Oil Inlet Temperature (avg);Gear Oil Inlet Temperature (min);Gear Oil Inlet Temperature (max);Gear Oil Inlet Temperature (stddev);Generator RPM (min);Generator RPM (max);Generator RPM (stddev);Generator Slip Ring Top Temperature (min);Generator Slip Ring Top Temperature (max);Generator Slip Ring Top Temperature (stddev);Grid Busbar Temperature (avg);Grid Busbar Temperature (min);Grid Busbar Temperature (max);Grid Busbar Temperature (stddev);Grid Production CosPhi (min);Grid Production CosPhi (max);Grid Production CosPhi (stddev);Grid Possible Power (min);Grid Possible Power (max);Grid Possible Power (stddev);Grid Produced Power Internal Derate State;Grid Produced Power Internal Derate Time;Grid Produced Power Standard Deviation;Grid Rotor (Inverter) Phase 1 Current (avg);Grid Rotor (Inverter) Phase 1 Current (min);Grid Rotor (Inverter) Phase 1 Current (max);Grid Rotor (Inverter) Phase 1 Current (stddec);Grid Rotor (Inverter) Phase 1 Temperature (avg);Grid Rotor (Inverter) Phase 2 Current (avg);Grid Rotor (Inverter) Phase 2 Current (min);Grid Rotor (Inverter) Phase 2 Current (max);Grid Rotor (Inverter) Phase 2 Current (stddev);Grid Rotor (Inverter) Phase 2 Temperature (avg);Grid Rotor (Inverter) Phase 2 Temperature (min);Grid Rotor (Inverter) Phase 2 Temperature (max);Grid Rotor (Inverter) Phase 2 Temperature (stddev);Grid Rotor (Inverter) Phase 3 Current (avg);Grid Rotor (Inverter) Phase 3 Current (min);Grid Rotor (Inverter) Phase 3 Current (max);Grid Rotor (Inverter) Phase 3 Current (stddev);Grid Rotor (Inverter) Phase 3 Temperature (avg);Grid Rotor (Inverter) Phase 3 Temperature (min);Grid Rotor (Inverter) Phase 3 Temperature (max);Grid Rotor (Inverter) Phase 3 Temperature (stddev);Active Power Reference Value (min);Active Power Reference Value (max);Active Power Setting Source;Reactive Power Setting Source;VCRS Chopper Temperature (avg);High Voltage Trafo Air Outlet Temperature (avg);High Voltage Trafo Core Temperature 1 (avg);High Voltage Trafo Core Temperature 1 (min);High Voltage Trafo Core Temperature 1 (max);High Voltage Trafo Core Temperature 1 (stddev);High Voltage Trafo Core Temperature 2 (avg);High Voltage Trafo Core Temperature 2 (min);High Voltage Trafo Core Temperature 2 (max);High Voltage Trafo Core Temperature 2 (stddev);High Voltage Trafo Phase 1 Temperature (min);High Voltage Trafo Phase 1 Temperature (max);High Voltage Trafo Phase 1 Temperature (stddev);High Voltage Trafo Phase 2 Temperature (min);High Voltage Trafo Phase 2 Temperature (max);High Voltage Trafo Phase 2 Temperature (stddev);High Voltage Trafo Phase 3 Temperature (min);High Voltage Trafo Phase 3 Temperature (max);High Voltage Trafo Phase 3 Temperature (stddev);Nacelle Damper Temperature (avg);Nacelle Damper Temperature (min);Nacelle Damper Temperature (max);Nacelle Damper Temperature (stddev);Rotor RPM (stddev);First Active Alarm Parameter 1;First Active Alarm Parameter 2;Tower Acceleration X Axis;Tower Acceleration Y Axis;Yaw Motors Temperature (avg);Yaw Motors Temperature (min);Yaw Motors Temperature (max);Yaw Motors Temperature (stddev);High Voltage Trafo Phase 1 Core Temperature (avg);High Voltage Trafo Phase 1 Core Temperature (min);High Voltage Trafo Phase 1 Core Temperature (max);High Voltage Trafo Phase 1 Core Temperature (stddev);High Voltage Trafo Phase 2 Core Temperature (avg);High Voltage Trafo Phase 2 Core Temperature (min);High Voltage Trafo Phase 2 Core Temperature (max);High Voltage Trafo Phase 2 Core Temperature (stddev);High Voltage Trafo Phase 3 Core Temperature (avg);High Voltage Trafo Phase 3 Core Temperature (min);High Voltage Trafo Phase 3 Core Temperature (max);High Voltage Trafo Phase 3 Core Temperature (stddev);PowerBoost gain (absolute) [kWh];Nacelle Orientation (max) [degrees];Nacelle Orientation (min) [degrees];Regulator power reference [kW];DMI power demand [kW];Utility power demand [kW];Visibility Range (avg);Visibility Range (min);Visibility Range (max);T Outside Ground Level (avg);Calculated By ROTORsoft;Fehlernummer;Windgeschwindigkeit;Windgeschwindigkeit Max;Windgeschwindigkeit Min;Rotor RPM (avg);Rotor RPM (max);Rotor RPM (min);Leistung;Leistung Max;Leistung Min;Gondelposition;Windrichtung;Generator RPM (avg);Stop Fault;Schwingung;Produktion Zaehler;T Outside Nacelle Level (avg);T Gen1;T Gen2;T Getriebe;T Lager A;T Lager B;T Inside Nacelle (avg)
1444604400000;2015-10-12T00:00:00.000+0100;;60.00;;;;;;;1.00;3.30;409.80;409.70;409.80;1003.00;994.00;1004.00;;;;;;;;;;;;;;;;;;;;;;;;;;;;;;;;;;;;;;;;;;;;;;;;;;;;;;;;;;;;50.00;;;;;;;;;;;;;;;;;;;;;;;;;;;;;;;;;;;;;;36.00;51.00;;8.00;23.00;;;60.00;65.00;61.00;;;;;;;;;;;;;;;;;;;;;;;;;;;;;;;;;;;;66.00;68.00;67.00;;;;;37.00;;;;;;;;;;;;;;;;;;1229.800;;;;;;;;;;;;;;;;;;;;;;;;;;;;;;;;;;;;;;;;;;;;;;;;;;;;;;;;;;;;;;;;;;;;;;;;;;;;;;;;;;;;;;;;;;;;;;;;;;;;;;;;;;;;;;;;;;;;;;;;;;;;;;;;;;;;;;;;;;;;;;;;;;;;;;;;;;;;;;;;;;;;;;;;;;;;;;;;;;;;;;;;;;;;;;;;;;;;;;;;;;;;;;;;;;;;;;;;;;;;;;;;;;;;;;;;;;;;;;;;;;;;;;;;;;;;;;;;;;;;;;;;;;;;;;;;;;;;;;;;;;;;;;;;;;;;;;;;;;;;;;;;;;;;;;;;;;;;;;;;;;;;;;;;;;;;;;;;;;;;;;;;;;;;;;;;;;;;;;;;;;;;;;;;;;;;;;;;;;;;;;;;;;;;;;;;;;;;;;;;;;;;;;;;;;;;;;;;;;;;;;;;;;;;;;;;;;;;;;;;;;;;;;;;;;;;;;;;;;0;9.40;12.20;7.20;13.50;13.60;13.00;1230;1380;1078;85;88;1518.70;;;20501837;5.00;;;;43.00;35.00;19.00
1444605000000;2015-10-12T00:10:00.000+0100;;60.00;;;;;;;1.00;26.20;410.40;410.30;410.30;992.00;984.00;994.00;;;;;;;;;;;;;;;;;;;;;;;;;;;;;;;;;;;;;;;;;;;;;;;;;;;;;;;;;;;;50.00;;;;;;;;;;;;;;;;;;;;;;;;;;;;;;;;;;;;;;36.00;51.00;;8.00;23.00;;;60.00;66.00;61.00;;;;;;;;;;;;;;;;;;;;;;;;;;;;;;;;;;;;66.00;68.00;67.00;;;;;37.00;;;;;;;;;;;;;;;;;;1217.700;;;;;;;;;;;;;;;;;;;;;;;;;;;;;;;;;;;;;;;;;;;;;;;;;;;;;;;;;;;;;;;;;;;;;;;;;;;;;;;;;;;;;;;;;;;;;;;;;;;;;;;;;;;;;;;;;;;;;;;;;;;;;;;;;;;;;;;;;;;;;;;;;;;;;;;;;;;;;;;;;;;;;;;;;;;;;;;;;;;;;;;;;;;;;;;;;;;;;;;;;;;;;;;;;;;;;;;;;;;;;;;;;;;;;;;;;;;;;;;;;;;;;;;;;;;;;;;;;;;;;;;;;;;;;;;;;;;;;;;;;;;;;;;;;;;;;;;;;;;;;;;;;;;;;;;;;;;;;;;;;;;;;;;;;;;;;;;;;;;;;;;;;;;;;;;;;;;;;;;;;;;;;;;;;;;;;;;;;;;;;;;;;;;;;;;;;;;;;;;;;;;;;;;;;;;;;;;;;;;;;;;;;;;;;;;;;;;;;;;;;;;;;;;;;;;;;;;;;;0;9.30;11.40;7.40;13.40;13.60;13.10;1218;1374;1103;85;87;1515.10;;;20502039;5.00;;;;42.00;35.00;19.00
1444605600000;2015-10-12T00:20:00.000+0100;;60.00;;;;;;;1.00;0.00;408.50;408.40;408.50;1030.00;1021.00;1031.00;;;;;;;;;;;;;;;;;;;;;;;;;;;;;;;;;;;;;;;;;;;;;;;;;;;;;;;;;;;;50.00;;;;;;;;;;;;;;;;;;;;;;;;;;;;;;;;;;;;;;36.00;51.00;;8.00;23.00;;;61.00;66.00;62.00;;;;;;;;;;;;;;;;;;;;;;;;;;;;;;;;;;;;66.00;68.00;67.00;;;;;37.00;;;;;;;;;;;;;;;;;;1259.100;;;;;;;;;;;;;;;;;;;;;;;;;;;;;;;;;;;;;;;;;;;;;;;;;;;;;;;;;;;;;;;;;;;;;;;;;;;;;;;;;;;;;;;;;;;;;;;;;;;;;;;;;;;;;;;;;;;;;;;;;;;;;;;;;;;;;;;;;;;;;;;;;;;;;;;;;;;;;;;;;;;;;;;;;;;;;;;;;;;;;;;;;;;;;;;;;;;;;;;;;;;;;;;;;;;;;;;;;;;;;;;;;;;;;;;;;;;;;;;;;;;;;;;;;;;;;;;;;;;;;;;;;;;;;;;;;;;;;;;;;;;;;;;;;;;;;;;;;;;;;;;;;;;;;;;;;;;;;;;;;;;;;;;;;;;;;;;;;;;;;;;;;;;;;;;;;;;;;;;;;;;;;;;;;;;;;;;;;;;;;;;;;;;;;;;;;;;;;;;;;;;;;;;;;;;;;;;;;;;;;;;;;;;;;;;;;;;;;;;;;;;;;;;;;;;;;;;;;;0;9.50;12.70;7.30;13.50;13.70;13.10;1259;1385;1148;85;87;1520.00;;;20502249;5.00;;;;42.00;35.00;19.00
1444606200000;2015-10-12T00:30:00.000+0100;;60.00;;;;;;;1.00;0.00;408.70;408.50;408.60;1093.00;1084.00;1094.00;;;;;;;;;;;;;;;;;;;;;;;;;;;;;;;;;;;;;;;;;;;;;;;;;;;;;;;;;;;;50.00;;;;;;;;;;;;;;;;;;;;;;;;;;;;;;;;;;;;;;36.00;51.00;;8.00;23.00;;;61.00;67.00;62.00;;;;;;;;;;;;;;;;;;;;;;;;;;;;;;;;;;;;66.00;68.00;67.00;;;;;38.00;;;;;;;;;;;;;;;;;;1336.700;;;;;;;;;;;;;;;;;;;;;;;;;;;;;;;;;;;;;;;;;;;;;;;;;;;;;;;;;;;;;;;;;;;;;;;;;;;;;;;;;;;;;;;;;;;;;;;;;;;;;;;;;;;;;;;;;;;;;;;;;;;;;;;;;;;;;;;;;;;;;;;;;;;;;;;;;;;;;;;;;;;;;;;;;;;;;;;;;;;;;;;;;;;;;;;;;;;;;;;;;;;;;;;;;;;;;;;;;;;;;;;;;;;;;;;;;;;;;;;;;;;;;;;;;;;;;;;;;;;;;;;;;;;;;;;;;;;;;;;;;;;;;;;;;;;;;;;;;;;;;;;;;;;;;;;;;;;;;;;;;;;;;;;;;;;;;;;;;;;;;;;;;;;;;;;;;;;;;;;;;;;;;;;;;;;;;;;;;;;;;;;;;;;;;;;;;;;;;;;;;;;;;;;;;;;;;;;;;;;;;;;;;;;;;;;;;;;;;;;;;;;;;;;;;;;;;;;;;;0;9.90;12.90;7.50;13.50;13.60;13.30;1337;1462;1207;85;89;1526.40;;;20502471;5.00;;;;42.00;35.00;19.00
1444606800000;2015-10-12T00:40:00.000+0100;;60.00;;;;;;;1.00;0.00;408.00;407.80;407.90;1124.00;1115.00;1125.00;;;;;;;;;;;;;;;;;;;;;;;;;;;;;;;;;;;;;;;;;;;;;;;;;;;;;;;;;;;;50.00;;;;;;;;;;;;;;;;;;;;;;;;;;;;;;;;;;;;;;37.00;52.00;;7.00;23.00;;;62.00;67.00;63.00;;;;;;;;;;;;;;;;;;;;;;;;;;;;;;;;;;;;67.00;69.00;68.00;;;;;38.00;;;;;;;;;;;;;;;;;;1371.700;;;;;;;;;;;;;;;;;;;;;;;;;;;;;;;;;;;;;;;;;;;;;;;;;;;;;;;;;;;;;;;;;;;;;;;;;;;;;;;;;;;;;;;;;;;;;;;;;;;;;;;;;;;;;;;;;;;;;;;;;;;;;;;;;;;;;;;;;;;;;;;;;;;;;;;;;;;;;;;;;;;;;;;;;;;;;;;;;;;;;;;;;;;;;;;;;;;;;;;;;;;;;;;;;;;;;;;;;;;;;;;;;;;;;;;;;;;;;;;;;;;;;;;;;;;;;;;;;;;;;;;;;;;;;;;;;;;;;;;;;;;;;;;;;;;;;;;;;;;;;;;;;;;;;;;;;;;;;;;;;;;;;;;;;;;;;;;;;;;;;;;;;;;;;;;;;;;;;;;;;;;;;;;;;;;;;;;;;;;;;;;;;;;;;;;;;;;;;;;;;;;;;;;;;;;;;;;;;;;;;;;;;;;;;;;;;;;;;;;;;;;;;;;;;;;;;;;;;;0;10.50;13.30;8.30;13.60;13.70;13.40;1372;1509;1189;90;93;1531.90;;;20502701;5.00;;;;43.00;35.00;19.00
1444607400000;2015-10-12T00:50:00.000+0100;;60.00;;;;;;;1.00;0.00;408.70;408.50;408.70;1067.00;1058.00;1068.00;;;;;;;;;;;;;;;;;;;;;;;;;;;;;;;;;;;;;;;;;;;;;;;;;;;;;;;;;;;;50.00;;;;;;;;;;;;;;;;;;;;;;;;;;;;;;;;;;;;;;37.00;52.00;;7.00;23.00;;;63.00;68.00;64.00;;;;;;;;;;;;;;;;;;;;;;;;;;;;;;;;;;;;67.00;69.00;68.00;;;;;38.00;;;;;;;;;;;;;;;;;;1304.300;;;;;;;;;;;;;;;;;;;;;;;;;;;;;;;;;;;;;;;;;;;;;;;;;;;;;;;;;;;;;;;;;;;;;;;;;;;;;;;;;;;;;;;;;;;;;;;;;;;;;;;;;;;;;;;;;;;;;;;;;;;;;;;;;;;;;;;;;;;;;;;;;;;;;;;;;;;;;;;;;;;;;;;;;;;;;;;;;;;;;;;;;;;;;;;;;;;;;;;;;;;;;;;;;;;;;;;;;;;;;;;;;;;;;;;;;;;;;;;;;;;;;;;;;;;;;;;;;;;;;;;;;;;;;;;;;;;;;;;;;;;;;;;;;;;;;;;;;;;;;;;;;;;;;;;;;;;;;;;;;;;;;;;;;;;;;;;;;;;;;;;;;;;;;;;;;;;;;;;;;;;;;;;;;;;;;;;;;;;;;;;;;;;;;;;;;;;;;;;;;;;;;;;;;;;;;;;;;;;;;;;;;;;;;;;;;;;;;;;;;;;;;;;;;;;;;;;;;;0;9.90;13.10;7.40;13.60;13.70;13.30;1304;1422;1108;92;90;1530.10;;;20502917;5.00;;;;43.00;35.00;19.00
1444608000000;2015-10-12T01:00:00.000+0100;;60.00;;;;;;;1.00;0.00;409.00;408.90;409.00;1023.00;1014.00;1025.00;;;;;;;;;;;;;;;;;;;;;;;;;;;;;;;;;;;;;;;;;;;;;;;;;;;;;;;;;;;;50.00;;;;;;;;;;;;;;;;;;;;;;;;;;;;;;;;;;;;;;37.00;51.00;;8.00;23.00;;;63.00;69.00;64.00;;;;;;;;;;;;;;;;;;;;;;;;;;;;;;;;;;;;67.00;69.00;68.00;;;;;37.00;;;;;;;;;;;;;;;;;;1251.900;;;;;;;;;;;;;;;;;;;;;;;;;;;;;;;;;;;;;;;;;;;;;;;;;;;;;;;;;;;;;;;;;;;;;;;;;;;;;;;;;;;;;;;;;;;;;;;;;;;;;;;;;;;;;;;;;;;;;;;;;;;;;;;;;;;;;;;;;;;;;;;;;;;;;;;;;;;;;;;;;;;;;;;;;;;;;;;;;;;;;;;;;;;;;;;;;;;;;;;;;;;;;;;;;;;;;;;;;;;;;;;;;;;;;;;;;;;;;;;;;;;;;;;;;;;;;;;;;;;;;;;;;;;;;;;;;;;;;;;;;;;;;;;;;;;;;;;;;;;;;;;;;;;;;;;;;;;;;;;;;;;;;;;;;;;;;;;;;;;;;;;;;;;;;;;;;;;;;;;;;;;;;;;;;;;;;;;;;;;;;;;;;;;;;;;;;;;;;;;;;;;;;;;;;;;;;;;;;;;;;;;;;;;;;;;;;;;;;;;;;;;;;;;;;;;;;;;;;;0;9.30;11.90;7.00;13.50;13.60;13.20;1252;1355;1156;92;86;1521.90;;;20503125;5.00;;;;43.00;35.00;19.00
1444608600000;2015-10-12T01:10:00.000+0100;;60.00;;;;;;;1.00;50.00;410.50;410.30;410.30;1068.00;1060.00;1071.00;;;;;;;;;;;;;;;;;;;;;;;;;;;;;;;;;;;;;;;;;;;;;;;;;;;;;;;;;;;;50.00;;;;;;;;;;;;;;;;;;;;;;;;;;;;;;;;;;;;;;37.00;52.00;;7.00;23.00;;;63.00;69.00;64.00;;;;;;;;;;;;;;;;;;;;;;;;;;;;;;;;;;;;67.00;69.00;68.00;;;;;38.00;;;;;;;;;;;;;;;;;;1311.500;;;;;;;;;;;;;;;;;;;;;;;;;;;;;;;;;;;;;;;;;;;;;;;;;;;;;;;;;;;;;;;;;;;;;;;;;;;;;;;;;;;;;;;;;;;;;;;;;;;;;;;;;;;;;;;;;;;;;;;;;;;;;;;;;;;;;;;;;;;;;;;;;;;;;;;;;;;;;;;;;;;;;;;;;;;;;;;;;;;;;;;;;;;;;;;;;;;;;;;;;;;;;;;;;;;;;;;;;;;;;;;;;;;;;;;;;;;;;;;;;;;;;;;;;;;;;;;;;;;;;;;;;;;;;;;;;;;;;;;;;;;;;;;;;;;;;;;;;;;;;;;;;;;;;;;;;;;;;;;;;;;;;;;;;;;;;;;;;;;;;;;;;;;;;;;;;;;;;;;;;;;;;;;;;;;;;;;;;;;;;;;;;;;;;;;;;;;;;;;;;;;;;;;;;;;;;;;;;;;;;;;;;;;;;;;;;;;;;;;;;;;;;;;;;;;;;;;;;;0;9.70;12.30;7.80;13.50;13.70;13.30;1312;1433;1186;92;90;1527.90;;;20503343;5.00;;;;43.00;35.00;19.00
1444609200000;2015-10-12T01:20:00.000+0100;;60.00;;;;;;;1.00;0.00;409.30;409.20;409.20;1046.00;1038.00;1049.00;;;;;;;;;;;;;;;;;;;;;;;;;;;;;;;;;;;;;;;;;;;;;;;;;;;;;;;;;;;;50.00;;;;;;;;;;;;;;;;;;;;;;;;;;;;;;;;;;;;;;37.00;52.00;;7.00;23.00;;;64.00;69.00;65.00;;;;;;;;;;;;;;;;;;;;;;;;;;;;;;;;;;;;67.00;69.00;69.00;;;;;37.00;;;;;;;;;;;;;;;;;;1281.500;;;;;;;;;;;;;;;;;;;;;;;;;;;;;;;;;;;;;;;;;;;;;;;;;;;;;;;;;;;;;;;;;;;;;;;;;;;;;;;;;;;;;;;;;;;;;;;;;;;;;;;;;;;;;;;;;;;;;;;;;;;;;;;;;;;;;;;;;;;;;;;;;;;;;;;;;;;;;;;;;;;;;;;;;;;;;;;;;;;;;;;;;;;;;;;;;;;;;;;;;;;;;;;;;;;;;;;;;;;;;;;;;;;;;;;;;;;;;;;;;;;;;;;;;;;;;;;;;;;;;;;;;;;;;;;;;;;;;;;;;;;;;;;;;;;;;;;;;;;;;;;;;;;;;;;;;;;;;;;;;;;;;;;;;;;;;;;;;;;;;;;;;;;;;;;;;;;;;;;;;;;;;;;;;;;;;;;;;;;;;;;;;;;;;;;;;;;;;;;;;;;;;;;;;;;;;;;;;;;;;;;;;;;;;;;;;;;;;;;;;;;;;;;;;;;;;;;;;;0;9.60;12.10;7.60;13.50;13.70;13.20;1282;1402;1141;92;88;1525.50;;;20503559;5.00;;;;43.00;35.00;19.00
1444609800000;2015-10-12T01:30:00.000+0100;;60.00;;;;;;;1.00;0.00;409.70;409.60;409.60;1007.00;998.00;1009.00;;;;;;;;;;;;;;;;;;;;;;;;;;;;;;;;;;;;;;;;;;;;;;;;;;;;;;;;;;;;50.00;;;;;;;;;;;;;;;;;;;;;;;;;;;;;;;;;;;;;;36.00;51.00;;7.00;23.00;;;64.00;69.00;65.00;;;;;;;;;;;;;;;;;;;;;;;;;;;;;;;;;;;;67.00;69.00;68.00;;;;;37.00;;;;;;;;;;;;;;;;;;1234.300;;;;;;;;;;;;;;;;;;;;;;;;;;;;;;;;;;;;;;;;;;;;;;;;;;;;;;;;;;;;;;;;;;;;;;;;;;;;;;;;;;;;;;;;;;;;;;;;;;;;;;;;;;;;;;;;;;;;;;;;;;;;;;;;;;;;;;;;;;;;;;;;;;;;;;;;;;;;;;;;;;;;;;;;;;;;;;;;;;;;;;;;;;;;;;;;;;;;;;;;;;;;;;;;;;;;;;;;;;;;;;;;;;;;;;;;;;;;;;;;;;;;;;;;;;;;;;;;;;;;;;;;;;;;;;;;;;;;;;;;;;;;;;;;;;;;;;;;;;;;;;;;;;;;;;;;;;;;;;;;;;;;;;;;;;;;;;;;;;;;;;;;;;;;;;;;;;;;;;;;;;;;;;;;;;;;;;;;;;;;;;;;;;;;;;;;;;;;;;;;;;;;;;;;;;;;;;;;;;;;;;;;;;;;;;;;;;;;;;;;;;;;;;;;;;;;;;;;;;0;9.40;11.50;6.80;13.50;13.60;13.30;1234;1350;1089;92;87;1524.60;;;20503763;4.00;;;;43.00;35.00;19.00
1444610400000;2015-10-12T01:40:00.000+0100;;60.00;;;;;;;1.00;17.60;409.70;409.60;409.60;972.00;964.00;974.00;;;;;;;;;;;;;;;;;;;;;;;;;;;;;;;;;;;;;;;;;;;;;;;;;;;;;;;;;;;;50.00;;;;;;;;;;;;;;;;;;;;;;;;;;;;;;;;;;;;;;36.00;51.00;;7.00;23.00;;;63.00;69.00;64.00;;;;;;;;;;;;;;;;;;;;;;;;;;;;;;;;;;;;66.00;69.00;68.00;;;;;37.00;;;;;;;;;;;;;;;;;;1191.400;;;;;;;;;;;;;;;;;;;;;;;;;;;;;;;;;;;;;;;;;;;;;;;;;;;;;;;;;;;;;;;;;;;;;;;;;;;;;;;;;;;;;;;;;;;;;;;;;;;;;;;;;;;;;;;;;;;;;;;;;;;;;;;;;;;;;;;;;;;;;;;;;;;;;;;;;;;;;;;;;;;;;;;;;;;;;;;;;;;;;;;;;;;;;;;;;;;;;;;;;;;;;;;;;;;;;;;;;;;;;;;;;;;;;;;;;;;;;;;;;;;;;;;;;;;;;;;;;;;;;;;;;;;;;;;;;;;;;;;;;;;;;;;;;;;;;;;;;;;;;;;;;;;;;;;;;;;;;;;;;;;;;;;;;;;;;;;;;;;;;;;;;;;;;;;;;;;;;;;;;;;;;;;;;;;;;;;;;;;;;;;;;;;;;;;;;;;;;;;;;;;;;;;;;;;;;;;;;;;;;;;;;;;;;;;;;;;;;;;;;;;;;;;;;;;;;;;;;;0;9.30;12.20;7.70;13.50;13.60;13.20;1192;1313;1100;92;87;1522.00;;;20503961;4.00;;;;43.00;35.00;19.00
1444611000000;2015-10-12T01:50:00.000+0100;;60.00;;;;;;;1.00;11.80;409.20;409.10;409.10;967.00;959.00;969.00;;;;;;;;;;;;;;;;;;;;;;;;;;;;;;;;;;;;;;;;;;;;;;;;;;;;;;;;;;;;50.00;;;;;;;;;;;;;;;;;;;;;;;;;;;;;;;;;;;;;;36.00;51.00;;7.00;23.00;;;63.00;68.00;64.00;;;;;;;;;;;;;;;;;;;;;;;;;;;;;;;;;;;;66.00;68.00;67.00;;;;;37.00;;;;;;;;;;;;;;;;;;1184.200;;;;;;;;;;;;;;;;;;;;;;;;;;;;;;;;;;;;;;;;;;;;;;;;;;;;;;;;;;;;;;;;;;;;;;;;;;;;;;;;;;;;;;;;;;;;;;;;;;;;;;;;;;;;;;;;;;;;;;;;;;;;;;;;;;;;;;;;;;;;;;;;;;;;;;;;;;;;;;;;;;;;;;;;;;;;;;;;;;;;;;;;;;;;;;;;;;;;;;;;;;;;;;;;;;;;;;;;;;;;;;;;;;;;;;;;;;;;;;;;;;;;;;;;;;;;;;;;;;;;;;;;;;;;;;;;;;;;;;;;;;;;;;;;;;;;;;;;;;;;;;;;;;;;;;;;;;;;;;;;;;;;;;;;;;;;;;;;;;;;;;;;;;;;;;;;;;;;;;;;;;;;;;;;;;;;;;;;;;;;;;;;;;;;;;;;;;;;;;;;;;;;;;;;;;;;;;;;;;;;;;;;;;;;;;;;;;;;;;;;;;;;;;;;;;;;;;;;;;0;9.40;12.00;7.10;13.50;13.60;13.20;1184;1292;1066;92;88;1524.00;;;20504159;4.00;;;;43.00;34.00;19.00
1444611600000;2015-10-12T02:00:00.000+0100;;60.00;;;;;;;1.00;0.00;408.40;408.40;408.40;953.00;944.00;955.00;;;;;;;;;;;;;;;;;;;;;;;;;;;;;;;;;;;;;;;;;;;;;;;;;;;;;;;;;;;;50.00;;;;;;;;;;;;;;;;;;;;;;;;;;;;;;;;;;;;;;36.00;51.00;;7.00;22.00;;;63.00;68.00;64.00;;;;;;;;;;;;;;;;;;;;;;;;;;;;;;;;;;;;66.00;68.00;67.00;;;;;37.00;;;;;;;;;;;;;;;;;;1164.300;;;;;;;;;;;;;;;;;;;;;;;;;;;;;;;;;;;;;;;;;;;;;;;;;;;;;;;;;;;;;;;;;;;;;;;;;;;;;;;;;;;;;;;;;;;;;;;;;;;;;;;;;;;;;;;;;;;;;;;;;;;;;;;;;;;;;;;;;;;;;;;;;;;;;;;;;;;;;;;;;;;;;;;;;;;;;;;;;;;;;;;;;;;;;;;;;;;;;;;;;;;;;;;;;;;;;;;;;;;;;;;;;;;;;;;;;;;;;;;;;;;;;;;;;;;;;;;;;;;;;;;;;;;;;;;;;;;;;;;;;;;;;;;;;;;;;;;;;;;;;;;;;;;;;;;;;;;;;;;;;;;;;;;;;;;;;;;;;;;;;;;;;;;;;;;;;;;;;;;;;;;;;;;;;;;;;;;;;;;;;;;;;;;;;;;;;;;;;;;;;;;;;;;;;;;;;;;;;;;;;;;;;;;;;;;;;;;;;;;;;;;;;;;;;;;;;;;;;;0;9.30;11.90;7.10;13.50;13.70;13.20;1164;1290;1028;92;88;1520.00;;;20504353;4.00;;;;43.00;34.00;19.00
1444612200000;2015-10-12T02:10:00.000+0100;;60.00;;;;;;;1.00;0.00;408.50;408.40;408.40;940.00;932.00;942.00;;;;;;;;;;;;;;;;;;;;;;;;;;;;;;;;;;;;;;;;;;;;;;;;;;;;;;;;;;;;50.00;;;;;;;;;;;;;;;;;;;;;;;;;;;;;;;;;;;;;;36.00;51.00;;7.00;22.00;;;62.00;67.00;63.00;;;;;;;;;;;;;;;;;;;;;;;;;;;;;;;;;;;;65.00;67.00;66.00;;;;;37.00;;;;;;;;;;;;;;;;;;1149.000;;;;;;;;;;;;;;;;;;;;;;;;;;;;;;;;;;;;;;;;;;;;;;;;;;;;;;;;;;;;;;;;;;;;;;;;;;;;;;;;;;;;;;;;;;;;;;;;;;;;;;;;;;;;;;;;;;;;;;;;;;;;;;;;;;;;;;;;;;;;;;;;;;;;;;;;;;;;;;;;;;;;;;;;;;;;;;;;;;;;;;;;;;;;;;;;;;;;;;;;;;;;;;;;;;;;;;;;;;;;;;;;;;;;;;;;;;;;;;;;;;;;;;;;;;;;;;;;;;;;;;;;;;;;;;;;;;;;;;;;;;;;;;;;;;;;;;;;;;;;;;;;;;;;;;;;;;;;;;;;;;;;;;;;;;;;;;;;;;;;;;;;;;;;;;;;;;;;;;;;;;;;;;;;;;;;;;;;;;;;;;;;;;;;;;;;;;;;;;;;;;;;;;;;;;;;;;;;;;;;;;;;;;;;;;;;;;;;;;;;;;;;;;;;;;;;;;;;;;0;9.30;12.00;7.60;13.50;13.60;13.20;1149;1263;1065;92;89;1519.40;;;20504547;4.00;;;;42.00;34.00;18.00
1444612800000;2015-10-12T02:20:00.000+0100;;60.00;;;;;;;1.00;0.00;409.20;409.20;409.20;888.00;880.00;890.00;;;;;;;;;;;;;;;;;;;;;;;;;;;;;;;;;;;;;;;;;;;;;;;;;;;;;;;;;;;;50.00;;;;;;;;;;;;;;;;;;;;;;;;;;;;;;;;;;;;;;36.00;51.00;;7.00;22.00;;;62.00;67.00;63.00;;;;;;;;;;;;;;;;;;;;;;;;;;;;;;;;;;;;65.00;66.00;66.00;;;;;37.00;;;;;;;;;;;;;;;;;;1087.200;;;;;;;;;;;;;;;;;;;;;;;;;;;;;;;;;;;;;;;;;;;;;;;;;;;;;;;;;;;;;;;;;;;;;;;;;;;;;;;;;;;;;;;;;;;;;;;;;;;;;;;;;;;;;;;;;;;;;;;;;;;;;;;;;;;;;;;;;;;;;;;;;;;;;;;;;;;;;;;;;;;;;;;;;;;;;;;;;;;;;;;;;;;;;;;;;;;;;;;;;;;;;;;;;;;;;;;;;;;;;;;;;;;;;;;;;;;;;;;;;;;;;;;;;;;;;;;;;;;;;;;;;;;;;;;;;;;;;;;;;;;;;;;;;;;;;;;;;;;;;;;;;;;;;;;;;;;;;;;;;;;;;;;;;;;;;;;;;;;;;;;;;;;;;;;;;;;;;;;;;;;;;;;;;;;;;;;;;;;;;;;;;;;;;;;;;;;;;;;;;;;;;;;;;;;;;;;;;;;;;;;;;;;;;;;;;;;;;;;;;;;;;;;;;;;;;;;;;;0;8.90;11.60;6.90;13.40;13.60;13.10;1087;1190;874;92;87;1514.80;;;20504725;4.00;;;;42.00;34.00;18.00
1444613400000;2015-10-12T02:30:00.000+0100;;59.00;;;;;;;1.00;25.60;409.70;409.70;409.70;881.00;872.00;883.00;;;;;;;;;;;;;;;;;;;;;;;;;;;;;;;;;;;;;;;;;;;;;;;;;;;;;;;;;;;;50.00;;;;;;;;;;;;;;;;;;;;;;;;;;;;;;;;;;;;;;36.00;51.00;;7.00;21.00;;;61.00;66.00;62.00;;;;;;;;;;;;;;;;;;;;;;;;;;;;;;;;;;;;64.00;66.00;65.00;;;;;37.00;;;;;;;;;;;;;;;;;;1079.100;;;;;;;;;;;;;;;;;;;;;;;;;;;;;;;;;;;;;;;;;;;;;;;;;;;;;;;;;;;;;;;;;;;;;;;;;;;;;;;;;;;;;;;;;;;;;;;;;;;;;;;;;;;;;;;;;;;;;;;;;;;;;;;;;;;;;;;;;;;;;;;;;;;;;;;;;;;;;;;;;;;;;;;;;;;;;;;;;;;;;;;;;;;;;;;;;;;;;;;;;;;;;;;;;;;;;;;;;;;;;;;;;;;;;;;;;;;;;;;;;;;;;;;;;;;;;;;;;;;;;;;;;;;;;;;;;;;;;;;;;;;;;;;;;;;;;;;;;;;;;;;;;;;;;;;;;;;;;;;;;;;;;;;;;;;;;;;;;;;;;;;;;;;;;;;;;;;;;;;;;;;;;;;;;;;;;;;;;;;;;;;;;;;;;;;;;;;;;;;;;;;;;;;;;;;;;;;;;;;;;;;;;;;;;;;;;;;;;;;;;;;;;;;;;;;;;;;;;;0;8.70;10.60;7.00;13.40;13.60;13.20;1079;1209;993;90;85;1510.00;;;20504907;4.00;;;;41.00;34.00;18.00
1444614000000;2015-10-12T02:40:00.000+0100;;59.00;;;;;;;1.00;0.00;409.20;409.20;409.20;911.00;903.00;912.00;;;;;;;;;;;;;;;;;;;;;;;;;;;;;;;;;;;;;;;;;;;;;;;;;;;;;;;;;;;;50.00;;;;;;;;;;;;;;;;;;;;;;;;;;;;;;;;;;;;;;36.00;51.00;;7.00;21.00;;;60.00;65.00;61.00;;;;;;;;;;;;;;;;;;;;;;;;;;;;;;;;;;;;64.00;65.00;65.00;;;;;37.00;;;;;;;;;;;;;;;;;;1115.000;;;;;;;;;;;;;;;;;;;;;;;;;;;;;;;;;;;;;;;;;;;;;;;;;;;;;;;;;;;;;;;;;;;;;;;;;;;;;;;;;;;;;;;;;;;;;;;;;;;;;;;;;;;;;;;;;;;;;;;;;;;;;;;;;;;;;;;;;;;;;;;;;;;;;;;;;;;;;;;;;;;;;;;;;;;;;;;;;;;;;;;;;;;;;;;;;;;;;;;;;;;;;;;;;;;;;;;;;;;;;;;;;;;;;;;;;;;;;;;;;;;;;;;;;;;;;;;;;;;;;;;;;;;;;;;;;;;;;;;;;;;;;;;;;;;;;;;;;;;;;;;;;;;;;;;;;;;;;;;;;;;;;;;;;;;;;;;;;;;;;;;;;;;;;;;;;;;;;;;;;;;;;;;;;;;;;;;;;;;;;;;;;;;;;;;;;;;;;;;;;;;;;;;;;;;;;;;;;;;;;;;;;;;;;;;;;;;;;;;;;;;;;;;;;;;;;;;;;;0;8.60;11.00;6.50;13.20;13.40;13.00;1115;1217;1015;85;83;1491.30;;;20505091;3.00;;;;41.00;33.00;18.00
1444614600000;2015-10-12T02:50:00.000+0100;;59.00;;;;;;;1.00;27.40;409.80;409.80;409.80;916.00;908.00;917.00;;;;;;;;;;;;;;;;;;;;;;;;;;;;;;;;;;;;;;;;;;;;;;;;;;;;;;;;;;;;50.00;;;;;;;;;;;;;;;;;;;;;;;;;;;;;;;;;;;;;;36.00;51.00;;7.00;21.00;;;60.00;65.00;61.00;;;;;;;;;;;;;;;;;;;;;;;;;;;;;;;;;;;;63.00;65.00;65.00;;;;;37.00;;;;;;;;;;;;;;;;;;1122.500;;;;;;;;;;;;;;;;;;;;;;;;;;;;;;;;;;;;;;;;;;;;;;;;;;;;;;;;;;;;;;;;;;;;;;;;;;;;;;;;;;;;;;;;;;;;;;;;;;;;;;;;;;;;;;;;;;;;;;;;;;;;;;;;;;;;;;;;;;;;;;;;;;;;;;;;;;;;;;;;;;;;;;;;;;;;;;;;;;;;;;;;;;;;;;;;;;;;;;;;;;;;;;;;;;;;;;;;;;;;;;;;;;;;;;;;;;;;;;;;;;;;;;;;;;;;;;;;;;;;;;;;;;;;;;;;;;;;;;;;;;;;;;;;;;;;;;;;;;;;;;;;;;;;;;;;;;;;;;;;;;;;;;;;;;;;;;;;;;;;;;;;;;;;;;;;;;;;;;;;;;;;;;;;;;;;;;;;;;;;;;;;;;;;;;;;;;;;;;;;;;;;;;;;;;;;;;;;;;;;;;;;;;;;;;;;;;;;;;;;;;;;;;;;;;;;;;;;;;0;8.60;11.20;5.40;13.20;13.40;12.90;1123;1258;951;85;83;1495.50;;;20505281;3.00;;;;40.00;33.00;18.00
1444615200000;2015-10-12T03:00:00.000+0100;;59.00;;;;;;;1.00;0.00;409.20;409.20;409.20;917.00;908.00;919.00;;;;;;;;;;;;;;;;;;;;;;;;;;;;;;;;;;;;;;;;;;;;;;;;;;;;;;;;;;;;50.00;;;;;;;;;;;;;;;;;;;;;;;;;;;;;;;;;;;;;;36.00;51.00;;7.00;21.00;;;60.00;65.00;60.00;;;;;;;;;;;;;;;;;;;;;;;;;;;;;;;;;;;;64.00;65.00;64.00;;;;;37.00;;;;;;;;;;;;;;;;;;1122.600;;;;;;;;;;;;;;;;;;;;;;;;;;;;;;;;;;;;;;;;;;;;;;;;;;;;;;;;;;;;;;;;;;;;;;;;;;;;;;;;;;;;;;;;;;;;;;;;;;;;;;;;;;;;;;;;;;;;;;;;;;;;;;;;;;;;;;;;;;;;;;;;;;;;;;;;;;;;;;;;;;;;;;;;;;;;;;;;;;;;;;;;;;;;;;;;;;;;;;;;;;;;;;;;;;;;;;;;;;;;;;;;;;;;;;;;;;;;;;;;;;;;;;;;;;;;;;;;;;;;;;;;;;;;;;;;;;;;;;;;;;;;;;;;;;;;;;;;;;;;;;;;;;;;;;;;;;;;;;;;;;;;;;;;;;;;;;;;;;;;;;;;;;;;;;;;;;;;;;;;;;;;;;;;;;;;;;;;;;;;;;;;;;;;;;;;;;;;;;;;;;;;;;;;;;;;;;;;;;;;;;;;;;;;;;;;;;;;;;;;;;;;;;;;;;;;;;;;;;0;8.50;10.90;6.50;13.30;13.50;13.00;1123;1230;986;85;81;1499.00;;;20505467;3.00;;;;39.00;33.00;18.00
1444615800000;2015-10-12T03:10:00.000+0100;;59.00;;;;;;;1.00;0.00;408.20;408.20;408.20;990.00;981.00;992.00;;;;;;;;;;;;;;;;;;;;;;;;;;;;;;;;;;;;;;;;;;;;;;;;;;;;;;;;;;;;50.00;;;;;;;;;;;;;;;;;;;;;;;;;;;;;;;;;;;;;;36.00;51.00;;7.00;21.00;;;59.00;65.00;60.00;;;;;;;;;;;;;;;;;;;;;;;;;;;;;;;;;;;;63.00;65.00;64.00;;;;;37.00;;;;;;;;;;;;;;;;;;1209.800;;;;;;;;;;;;;;;;;;;;;;;;;;;;;;;;;;;;;;;;;;;;;;;;;;;;;;;;;;;;;;;;;;;;;;;;;;;;;;;;;;;;;;;;;;;;;;;;;;;;;;;;;;;;;;;;;;;;;;;;;;;;;;;;;;;;;;;;;;;;;;;;;;;;;;;;;;;;;;;;;;;;;;;;;;;;;;;;;;;;;;;;;;;;;;;;;;;;;;;;;;;;;;;;;;;;;;;;;;;;;;;;;;;;;;;;;;;;;;;;;;;;;;;;;;;;;;;;;;;;;;;;;;;;;;;;;;;;;;;;;;;;;;;;;;;;;;;;;;;;;;;;;;;;;;;;;;;;;;;;;;;;;;;;;;;;;;;;;;;;;;;;;;;;;;;;;;;;;;;;;;;;;;;;;;;;;;;;;;;;;;;;;;;;;;;;;;;;;;;;;;;;;;;;;;;;;;;;;;;;;;;;;;;;;;;;;;;;;;;;;;;;;;;;;;;;;;;;;;0;9.00;11.60;6.90;13.30;13.60;13.00;1210;1315;1098;85;84;1504.70;;;20505667;3.00;;;;39.00;33.00;17.00
1444616400000;2015-10-12T03:20:00.000+0100;;59.00;;;;;;;1.00;30.00;409.00;408.90;408.90;1007.00;998.00;1008.00;;;;;;;;;;;;;;;;;;;;;;;;;;;;;;;;;;;;;;;;;;;;;;;;;;;;;;;;;;;;50.00;;;;;;;;;;;;;;;;;;;;;;;;;;;;;;;;;;;;;;36.00;51.00;;6.00;21.00;;;60.00;65.00;61.00;;;;;;;;;;;;;;;;;;;;;;;;;;;;;;;;;;;;63.00;65.00;65.00;;;;;37.00;;;;;;;;;;;;;;;;;;1230.800;;;;;;;;;;;;;;;;;;;;;;;;;;;;;;;;;;;;;;;;;;;;;;;;;;;;;;;;;;;;;;;;;;;;;;;;;;;;;;;;;;;;;;;;;;;;;;;;;;;;;;;;;;;;;;;;;;;;;;;;;;;;;;;;;;;;;;;;;;;;;;;;;;;;;;;;;;;;;;;;;;;;;;;;;;;;;;;;;;;;;;;;;;;;;;;;;;;;;;;;;;;;;;;;;;;;;;;;;;;;;;;;;;;;;;;;;;;;;;;;;;;;;;;;;;;;;;;;;;;;;;;;;;;;;;;;;;;;;;;;;;;;;;;;;;;;;;;;;;;;;;;;;;;;;;;;;;;;;;;;;;;;;;;;;;;;;;;;;;;;;;;;;;;;;;;;;;;;;;;;;;;;;;;;;;;;;;;;;;;;;;;;;;;;;;;;;;;;;;;;;;;;;;;;;;;;;;;;;;;;;;;;;;;;;;;;;;;;;;;;;;;;;;;;;;;;;;;;;;0;9.10;11.50;7.00;13.40;13.60;13.10;1231;1380;1114;85;86;1508.90;;;20505873;3.00;;;;39.00;33.00;17.00
1444617000000;2015-10-12T03:30:00.000+0100;;60.00;;;;;;;1.00;0.00;408.30;408.20;408.20;1036.00;1027.00;1037.00;;;;;;;;;;;;;;;;;;;;;;;;;;;;;;;;;;;;;;;;;;;;;;;;;;;;;;;;;;;;50.00;;;;;;;;;;;;;;;;;;;;;;;;;;;;;;;;;;;;;;36.00;51.00;;6.00;21.00;;;60.00;65.00;61.00;;;;;;;;;;;;;;;;;;;;;;;;;;;;;;;;;;;;64.00;66.00;65.00;;;;;37.00;;;;;;;;;;;;;;;;;;1265.400;;;;;;;;;;;;;;;;;;;;;;;;;;;;;;;;;;;;;;;;;;;;;;;;;;;;;;;;;;;;;;;;;;;;;;;;;;;;;;;;;;;;;;;;;;;;;;;;;;;;;;;;;;;;;;;;;;;;;;;;;;;;;;;;;;;;;;;;;;;;;;;;;;;;;;;;;;;;;;;;;;;;;;;;;;;;;;;;;;;;;;;;;;;;;;;;;;;;;;;;;;;;;;;;;;;;;;;;;;;;;;;;;;;;;;;;;;;;;;;;;;;;;;;;;;;;;;;;;;;;;;;;;;;;;;;;;;;;;;;;;;;;;;;;;;;;;;;;;;;;;;;;;;;;;;;;;;;;;;;;;;;;;;;;;;;;;;;;;;;;;;;;;;;;;;;;;;;;;;;;;;;;;;;;;;;;;;;;;;;;;;;;;;;;;;;;;;;;;;;;;;;;;;;;;;;;;;;;;;;;;;;;;;;;;;;;;;;;;;;;;;;;;;;;;;;;;;;;;;0;9.30;12.10;7.20;13.40;13.60;13.10;1265;1454;1145;85;88;1512.00;;;20506085;3.00;;;;39.00;33.00;17.00
1444617600000;2015-10-12T03:40:00.000+0100;;60.00;;;;;;;1.00;0.00;407.80;407.70;407.70;1011.00;1003.00;1013.00;;;;;;;;;;;;;;;;;;;;;;;;;;;;;;;;;;;;;;;;;;;;;;;;;;;;;;;;;;;;50.00;;;;;;;;;;;;;;;;;;;;;;;;;;;;;;;;;;;;;;36.00;51.00;;6.00;21.00;;;60.00;65.00;61.00;;;;;;;;;;;;;;;;;;;;;;;;;;;;;;;;;;;;64.00;66.00;65.00;;;;;37.00;;;;;;;;;;;;;;;;;;1233.800;;;;;;;;;;;;;;;;;;;;;;;;;;;;;;;;;;;;;;;;;;;;;;;;;;;;;;;;;;;;;;;;;;;;;;;;;;;;;;;;;;;;;;;;;;;;;;;;;;;;;;;;;;;;;;;;;;;;;;;;;;;;;;;;;;;;;;;;;;;;;;;;;;;;;;;;;;;;;;;;;;;;;;;;;;;;;;;;;;;;;;;;;;;;;;;;;;;;;;;;;;;;;;;;;;;;;;;;;;;;;;;;;;;;;;;;;;;;;;;;;;;;;;;;;;;;;;;;;;;;;;;;;;;;;;;;;;;;;;;;;;;;;;;;;;;;;;;;;;;;;;;;;;;;;;;;;;;;;;;;;;;;;;;;;;;;;;;;;;;;;;;;;;;;;;;;;;;;;;;;;;;;;;;;;;;;;;;;;;;;;;;;;;;;;;;;;;;;;;;;;;;;;;;;;;;;;;;;;;;;;;;;;;;;;;;;;;;;;;;;;;;;;;;;;;;;;;;;;;0;9.20;11.80;7.20;13.40;13.60;13.10;1234;1374;1105;85;87;1511.40;;;20506289;3.00;;;;39.00;33.00;17.00
1444618200000;2015-10-12T03:50:00.000+0100;;60.00;;;;;;;1.00;0.00;407.30;407.20;407.30;1023.00;1015.00;1024.00;;;;;;;;;;;;;;;;;;;;;;;;;;;;;;;;;;;;;;;;;;;;;;;;;;;;;;;;;;;;50.00;;;;;;;;;;;;;;;;;;;;;;;;;;;;;;;;;;;;;;36.00;51.00;;6.00;21.00;;;60.00;65.00;61.00;;;;;;;;;;;;;;;;;;;;;;;;;;;;;;;;;;;;64.00;66.00;65.00;;;;;37.00;;;;;;;;;;;;;;;;;;1247.000;;;;;;;;;;;;;;;;;;;;;;;;;;;;;;;;;;;;;;;;;;;;;;;;;;;;;;;;;;;;;;;;;;;;;;;;;;;;;;;;;;;;;;;;;;;;;;;;;;;;;;;;;;;;;;;;;;;;;;;;;;;;;;;;;;;;;;;;;;;;;;;;;;;;;;;;;;;;;;;;;;;;;;;;;;;;;;;;;;;;;;;;;;;;;;;;;;;;;;;;;;;;;;;;;;;;;;;;;;;;;;;;;;;;;;;;;;;;;;;;;;;;;;;;;;;;;;;;;;;;;;;;;;;;;;;;;;;;;;;;;;;;;;;;;;;;;;;;;;;;;;;;;;;;;;;;;;;;;;;;;;;;;;;;;;;;;;;;;;;;;;;;;;;;;;;;;;;;;;;;;;;;;;;;;;;;;;;;;;;;;;;;;;;;;;;;;;;;;;;;;;;;;;;;;;;;;;;;;;;;;;;;;;;;;;;;;;;;;;;;;;;;;;;;;;;;;;;;;;0;9.20;12.00;7.10;13.40;13.60;13.10;1247;1411;1069;85;87;1511.40;;;20506497;3.00;;;;39.00;33.00;17.00
1444618800000;2015-10-12T04:00:00.000+0100;;60.00;;;;;;;1.00;0.00;408.30;408.20;408.30;1061.00;1053.00;1062.00;;;;;;;;;;;;;;;;;;;;;;;;;;;;;;;;;;;;;;;;;;;;;;;;;;;;;;;;;;;;50.00;;;;;;;;;;;;;;;;;;;;;;;;;;;;;;;;;;;;;;36.00;51.00;;6.00;21.00;;;61.00;66.00;62.00;;;;;;;;;;;;;;;;;;;;;;;;;;;;;;;;;;;;65.00;66.00;66.00;;;;;37.00;;;;;;;;;;;;;;;;;;1296.500;;;;;;;;;;;;;;;;;;;;;;;;;;;;;;;;;;;;;;;;;;;;;;;;;;;;;;;;;;;;;;;;;;;;;;;;;;;;;;;;;;;;;;;;;;;;;;;;;;;;;;;;;;;;;;;;;;;;;;;;;;;;;;;;;;;;;;;;;;;;;;;;;;;;;;;;;;;;;;;;;;;;;;;;;;;;;;;;;;;;;;;;;;;;;;;;;;;;;;;;;;;;;;;;;;;;;;;;;;;;;;;;;;;;;;;;;;;;;;;;;;;;;;;;;;;;;;;;;;;;;;;;;;;;;;;;;;;;;;;;;;;;;;;;;;;;;;;;;;;;;;;;;;;;;;;;;;;;;;;;;;;;;;;;;;;;;;;;;;;;;;;;;;;;;;;;;;;;;;;;;;;;;;;;;;;;;;;;;;;;;;;;;;;;;;;;;;;;;;;;;;;;;;;;;;;;;;;;;;;;;;;;;;;;;;;;;;;;;;;;;;;;;;;;;;;;;;;;;;0;9.60;12.50;7.30;13.40;13.60;13.20;1296;1446;1174;85;88;1518.40;;;20506713;3.00;;;;39.00;33.00;17.00
1444619400000;2015-10-12T04:10:00.000+0100;;60.00;;;;;;;1.00;0.00;407.10;406.80;406.90;1031.00;1025.00;1034.00;;;;;;;;;;;;;;;;;;;;;;;;;;;;;;;;;;;;;;;;;;;;;;;;;;;;;;;;;;;;50.00;;;;;;;;;;;;;;;;;;;;;;;;;;;;;;;;;;;;;;36.00;51.00;;6.00;21.00;;;61.00;66.00;62.00;;;;;;;;;;;;;;;;;;;;;;;;;;;;;;;;;;;;65.00;66.00;66.00;;;;;37.00;;;;;;;;;;;;;;;;;;1257.300;;;;;;;;;;;;;;;;;;;;;;;;;;;;;;;;;;;;;;;;;;;;;;;;;;;;;;;;;;;;;;;;;;;;;;;;;;;;;;;;;;;;;;;;;;;;;;;;;;;;;;;;;;;;;;;;;;;;;;;;;;;;;;;;;;;;;;;;;;;;;;;;;;;;;;;;;;;;;;;;;;;;;;;;;;;;;;;;;;;;;;;;;;;;;;;;;;;;;;;;;;;;;;;;;;;;;;;;;;;;;;;;;;;;;;;;;;;;;;;;;;;;;;;;;;;;;;;;;;;;;;;;;;;;;;;;;;;;;;;;;;;;;;;;;;;;;;;;;;;;;;;;;;;;;;;;;;;;;;;;;;;;;;;;;;;;;;;;;;;;;;;;;;;;;;;;;;;;;;;;;;;;;;;;;;;;;;;;;;;;;;;;;;;;;;;;;;;;;;;;;;;;;;;;;;;;;;;;;;;;;;;;;;;;;;;;;;;;;;;;;;;;;;;;;;;;;;;;;;0;9.20;11.60;6.90;13.40;13.60;13.10;1257;1389;1139;85;86;1513.20;;;20506923;3.00;;;;39.00;33.00;17.00
1444620000000;2015-10-12T04:20:00.000+0100;;60.00;;;;;;;1.00;0.00;407.20;406.90;407.00;1034.00;1029.00;1037.00;;;;;;;;;;;;;;;;;;;;;;;;;;;;;;;;;;;;;;;;;;;;;;;;;;;;;;;;;;;;50.00;;;;;;;;;;;;;;;;;;;;;;;;;;;;;;;;;;;;;;36.00;51.00;;6.00;21.00;;;61.00;66.00;62.00;;;;;;;;;;;;;;;;;;;;;;;;;;;;;;;;;;;;65.00;67.00;66.00;;;;;37.00;;;;;;;;;;;;;;;;;;1261.200;;;;;;;;;;;;;;;;;;;;;;;;;;;;;;;;;;;;;;;;;;;;;;;;;;;;;;;;;;;;;;;;;;;;;;;;;;;;;;;;;;;;;;;;;;;;;;;;;;;;;;;;;;;;;;;;;;;;;;;;;;;;;;;;;;;;;;;;;;;;;;;;;;;;;;;;;;;;;;;;;;;;;;;;;;;;;;;;;;;;;;;;;;;;;;;;;;;;;;;;;;;;;;;;;;;;;;;;;;;;;;;;;;;;;;;;;;;;;;;;;;;;;;;;;;;;;;;;;;;;;;;;;;;;;;;;;;;;;;;;;;;;;;;;;;;;;;;;;;;;;;;;;;;;;;;;;;;;;;;;;;;;;;;;;;;;;;;;;;;;;;;;;;;;;;;;;;;;;;;;;;;;;;;;;;;;;;;;;;;;;;;;;;;;;;;;;;;;;;;;;;;;;;;;;;;;;;;;;;;;;;;;;;;;;;;;;;;;;;;;;;;;;;;;;;;;;;;;;;0;9.40;11.90;7.20;13.40;13.60;13.10;1261;1376;1120;85;87;1515.00;;;20507133;3.00;;;;39.00;33.00;17.00
1444620600000;2015-10-12T04:30:00.000+0100;;60.00;;;;;;;1.00;0.00;408.00;407.70;407.80;1040.00;1035.00;1043.00;;;;;;;;;;;;;;;;;;;;;;;;;;;;;;;;;;;;;;;;;;;;;;;;;;;;;;;;;;;;50.00;;;;;;;;;;;;;;;;;;;;;;;;;;;;;;;;;;;;;;36.00;51.00;;6.00;21.00;;;61.00;67.00;62.00;;;;;;;;;;;;;;;;;;;;;;;;;;;;;;;;;;;;65.00;67.00;66.00;;;;;37.00;;;;;;;;;;;;;;;;;;1271.900;;;;;;;;;;;;;;;;;;;;;;;;;;;;;;;;;;;;;;;;;;;;;;;;;;;;;;;;;;;;;;;;;;;;;;;;;;;;;;;;;;;;;;;;;;;;;;;;;;;;;;;;;;;;;;;;;;;;;;;;;;;;;;;;;;;;;;;;;;;;;;;;;;;;;;;;;;;;;;;;;;;;;;;;;;;;;;;;;;;;;;;;;;;;;;;;;;;;;;;;;;;;;;;;;;;;;;;;;;;;;;;;;;;;;;;;;;;;;;;;;;;;;;;;;;;;;;;;;;;;;;;;;;;;;;;;;;;;;;;;;;;;;;;;;;;;;;;;;;;;;;;;;;;;;;;;;;;;;;;;;;;;;;;;;;;;;;;;;;;;;;;;;;;;;;;;;;;;;;;;;;;;;;;;;;;;;;;;;;;;;;;;;;;;;;;;;;;;;;;;;;;;;;;;;;;;;;;;;;;;;;;;;;;;;;;;;;;;;;;;;;;;;;;;;;;;;;;;;;0;9.30;11.90;7.00;13.40;13.70;13.10;1272;1395;1155;85;87;1511.40;;;20507345;3.00;;;;39.00;33.00;17.00
1444621200000;2015-10-12T04:40:00.000+0100;;60.00;;;;;;;1.00;32.30;409.30;408.90;409.10;1040.00;1036.00;1042.00;;;;;;;;;;;;;;;;;;;;;;;;;;;;;;;;;;;;;;;;;;;;;;;;;;;;;;;;;;;;50.00;;;;;;;;;;;;;;;;;;;;;;;;;;;;;;;;;;;;;;36.00;51.00;;6.00;21.00;;;61.00;67.00;62.00;;;;;;;;;;;;;;;;;;;;;;;;;;;;;;;;;;;;65.00;67.00;66.00;;;;;37.00;;;;;;;;;;;;;;;;;;1274.700;;;;;;;;;;;;;;;;;;;;;;;;;;;;;;;;;;;;;;;;;;;;;;;;;;;;;;;;;;;;;;;;;;;;;;;;;;;;;;;;;;;;;;;;;;;;;;;;;;;;;;;;;;;;;;;;;;;;;;;;;;;;;;;;;;;;;;;;;;;;;;;;;;;;;;;;;;;;;;;;;;;;;;;;;;;;;;;;;;;;;;;;;;;;;;;;;;;;;;;;;;;;;;;;;;;;;;;;;;;;;;;;;;;;;;;;;;;;;;;;;;;;;;;;;;;;;;;;;;;;;;;;;;;;;;;;;;;;;;;;;;;;;;;;;;;;;;;;;;;;;;;;;;;;;;;;;;;;;;;;;;;;;;;;;;;;;;;;;;;;;;;;;;;;;;;;;;;;;;;;;;;;;;;;;;;;;;;;;;;;;;;;;;;;;;;;;;;;;;;;;;;;;;;;;;;;;;;;;;;;;;;;;;;;;;;;;;;;;;;;;;;;;;;;;;;;;;;;;;0;9.20;11.80;6.80;13.40;13.60;13.20;1275;1382;1135;85;85;1514.20;;;20507557;3.00;;;;39.00;33.00;17.00
1444621800000;2015-10-12T04:50:00.000+0100;;60.00;;;;;;;1.00;28.40;409.00;408.60;408.70;978.00;974.00;980.00;;;;;;;;;;;;;;;;;;;;;;;;;;;;;;;;;;;;;;;;;;;;;;;;;;;;;;;;;;;;50.00;;;;;;;;;;;;;;;;;;;;;;;;;;;;;;;;;;;;;;36.00;51.00;;6.00;21.00;;;61.00;67.00;62.00;;;;;;;;;;;;;;;;;;;;;;;;;;;;;;;;;;;;65.00;67.00;66.00;;;;;37.00;;;;;;;;;;;;;;;;;;1197.700;;;;;;;;;;;;;;;;;;;;;;;;;;;;;;;;;;;;;;;;;;;;;;;;;;;;;;;;;;;;;;;;;;;;;;;;;;;;;;;;;;;;;;;;;;;;;;;;;;;;;;;;;;;;;;;;;;;;;;;;;;;;;;;;;;;;;;;;;;;;;;;;;;;;;;;;;;;;;;;;;;;;;;;;;;;;;;;;;;;;;;;;;;;;;;;;;;;;;;;;;;;;;;;;;;;;;;;;;;;;;;;;;;;;;;;;;;;;;;;;;;;;;;;;;;;;;;;;;;;;;;;;;;;;;;;;;;;;;;;;;;;;;;;;;;;;;;;;;;;;;;;;;;;;;;;;;;;;;;;;;;;;;;;;;;;;;;;;;;;;;;;;;;;;;;;;;;;;;;;;;;;;;;;;;;;;;;;;;;;;;;;;;;;;;;;;;;;;;;;;;;;;;;;;;;;;;;;;;;;;;;;;;;;;;;;;;;;;;;;;;;;;;;;;;;;;;;;;;;0;9.00;11.50;6.90;13.40;13.60;13.00;1198;1357;1065;85;81;1509.10;;;20507757;2.00;;;;39.00;33.00;17.00
1444622400000;2015-10-12T05:00:00.000+0100;;60.00;;;;;;;1.00;24.40;407.90;407.50;407.70;975.00;972.00;977.00;;;;;;;;;;;;;;;;;;;;;;;;;;;;;;;;;;;;;;;;;;;;;;;;;;;;;;;;;;;;50.00;;;;;;;;;;;;;;;;;;;;;;;;;;;;;;;;;;;;;;36.00;51.00;;6.00;21.00;;;61.00;67.00;62.00;;;;;;;;;;;;;;;;;;;;;;;;;;;;;;;;;;;;64.00;66.00;65.00;;;;;37.00;;;;;;;;;;;;;;;;;;1191.100;;;;;;;;;;;;;;;;;;;;;;;;;;;;;;;;;;;;;;;;;;;;;;;;;;;;;;;;;;;;;;;;;;;;;;;;;;;;;;;;;;;;;;;;;;;;;;;;;;;;;;;;;;;;;;;;;;;;;;;;;;;;;;;;;;;;;;;;;;;;;;;;;;;;;;;;;;;;;;;;;;;;;;;;;;;;;;;;;;;;;;;;;;;;;;;;;;;;;;;;;;;;;;;;;;;;;;;;;;;;;;;;;;;;;;;;;;;;;;;;;;;;;;;;;;;;;;;;;;;;;;;;;;;;;;;;;;;;;;;;;;;;;;;;;;;;;;;;;;;;;;;;;;;;;;;;;;;;;;;;;;;;;;;;;;;;;;;;;;;;;;;;;;;;;;;;;;;;;;;;;;;;;;;;;;;;;;;;;;;;;;;;;;;;;;;;;;;;;;;;;;;;;;;;;;;;;;;;;;;;;;;;;;;;;;;;;;;;;;;;;;;;;;;;;;;;;;;;;;0;8.90;11.30;6.60;13.40;13.60;12.90;1191;1367;1029;85;79;1511.20;;;20507955;2.00;;;;39.00;33.00;17.00
1444623000000;2015-10-12T05:10:00.000+0100;;59.00;;;;;;;1.00;47.70;406.60;406.30;406.40;928.00;925.00;930.00;;;;;;;;;;;;;;;;;;;;;;;;;;;;;;;;;;;;;;;;;;;;;;;;;;;;;;;;;;;;50.00;;;;;;;;;;;;;;;;;;;;;;;;;;;;;;;;;;;;;;36.00;51.00;;6.00;20.00;;;61.00;66.00;62.00;;;;;;;;;;;;;;;;;;;;;;;;;;;;;;;;;;;;64.00;66.00;65.00;;;;;37.00;;;;;;;;;;;;;;;;;;1129.700;;;;;;;;;;;;;;;;;;;;;;;;;;;;;;;;;;;;;;;;;;;;;;;;;;;;;;;;;;;;;;;;;;;;;;;;;;;;;;;;;;;;;;;;;;;;;;;;;;;;;;;;;;;;;;;;;;;;;;;;;;;;;;;;;;;;;;;;;;;;;;;;;;;;;;;;;;;;;;;;;;;;;;;;;;;;;;;;;;;;;;;;;;;;;;;;;;;;;;;;;;;;;;;;;;;;;;;;;;;;;;;;;;;;;;;;;;;;;;;;;;;;;;;;;;;;;;;;;;;;;;;;;;;;;;;;;;;;;;;;;;;;;;;;;;;;;;;;;;;;;;;;;;;;;;;;;;;;;;;;;;;;;;;;;;;;;;;;;;;;;;;;;;;;;;;;;;;;;;;;;;;;;;;;;;;;;;;;;;;;;;;;;;;;;;;;;;;;;;;;;;;;;;;;;;;;;;;;;;;;;;;;;;;;;;;;;;;;;;;;;;;;;;;;;;;;;;;;;;0;8.70;11.10;6.60;13.30;13.50;13.00;1130;1244;1003;85;80;1503.20;;;20508145;2.00;;;;39.00;33.00;17.00
1444623600000;2015-10-12T05:20:00.000+0100;;59.00;;;;;;;1.00;0.00;411.80;411.40;411.50;894.00;892.00;896.00;;;;;;;;;;;;;;;;;;;;;;;;;;;;;;;;;;;;;;;;;;;;;;;;;;;;;;;;;;;;50.00;;;;;;;;;;;;;;;;;;;;;;;;;;;;;;;;;;;;;;36.00;51.00;;6.00;20.00;;;60.00;65.00;61.00;;;;;;;;;;;;;;;;;;;;;;;;;;;;;;;;;;;;63.00;65.00;64.00;;;;;37.00;;;;;;;;;;;;;;;;;;1103.900;;;;;;;;;;;;;;;;;;;;;;;;;;;;;;;;;;;;;;;;;;;;;;;;;;;;;;;;;;;;;;;;;;;;;;;;;;;;;;;;;;;;;;;;;;;;;;;;;;;;;;;;;;;;;;;;;;;;;;;;;;;;;;;;;;;;;;;;;;;;;;;;;;;;;;;;;;;;;;;;;;;;;;;;;;;;;;;;;;;;;;;;;;;;;;;;;;;;;;;;;;;;;;;;;;;;;;;;;;;;;;;;;;;;;;;;;;;;;;;;;;;;;;;;;;;;;;;;;;;;;;;;;;;;;;;;;;;;;;;;;;;;;;;;;;;;;;;;;;;;;;;;;;;;;;;;;;;;;;;;;;;;;;;;;;;;;;;;;;;;;;;;;;;;;;;;;;;;;;;;;;;;;;;;;;;;;;;;;;;;;;;;;;;;;;;;;;;;;;;;;;;;;;;;;;;;;;;;;;;;;;;;;;;;;;;;;;;;;;;;;;;;;;;;;;;;;;;;;;0;8.60;10.70;6.40;13.30;13.60;13.00;1104;1265;965;85;79;1501.90;;;20508329;2.00;;;;39.00;32.00;17.00
1444624200000;2015-10-12T05:30:00.000+0100;;59.00;;;;;;;1.00;0.00;412.70;412.20;412.30;1021.00;1020.00;1024.00;;;;;;;;;;;;;;;;;;;;;;;;;;;;;;;;;;;;;;;;;;;;;;;;;;;;;;;;;;;;50.00;;;;;;;;;;;;;;;;;;;;;;;;;;;;;;;;;;;;;;36.00;51.00;;6.00;20.00;;;60.00;65.00;61.00;;;;;;;;;;;;;;;;;;;;;;;;;;;;;;;;;;;;63.00;65.00;64.00;;;;;37.00;;;;;;;;;;;;;;;;;;1263.900;;;;;;;;;;;;;;;;;;;;;;;;;;;;;;;;;;;;;;;;;;;;;;;;;;;;;;;;;;;;;;;;;;;;;;;;;;;;;;;;;;;;;;;;;;;;;;;;;;;;;;;;;;;;;;;;;;;;;;;;;;;;;;;;;;;;;;;;;;;;;;;;;;;;;;;;;;;;;;;;;;;;;;;;;;;;;;;;;;;;;;;;;;;;;;;;;;;;;;;;;;;;;;;;;;;;;;;;;;;;;;;;;;;;;;;;;;;;;;;;;;;;;;;;;;;;;;;;;;;;;;;;;;;;;;;;;;;;;;;;;;;;;;;;;;;;;;;;;;;;;;;;;;;;;;;;;;;;;;;;;;;;;;;;;;;;;;;;;;;;;;;;;;;;;;;;;;;;;;;;;;;;;;;;;;;;;;;;;;;;;;;;;;;;;;;;;;;;;;;;;;;;;;;;;;;;;;;;;;;;;;;;;;;;;;;;;;;;;;;;;;;;;;;;;;;;;;;;;;0;9.30;12.20;6.30;13.40;13.60;13.00;1264;1454;1076;85;83;1514.50;;;20508537;2.00;;;;38.00;32.00;17.00
1444624800000;2015-10-12T05:40:00.000+0100;;60.00;;;;;;;1.00;0.00;411.70;411.20;411.40;1037.00;1036.00;1040.00;;;;;;;;;;;;;;;;;;;;;;;;;;;;;;;;;;;;;;;;;;;;;;;;;;;;;;;;;;;;50.00;;;;;;;;;;;;;;;;;;;;;;;;;;;;;;;;;;;;;;36.00;51.00;;6.00;20.00;;;60.00;66.00;61.00;;;;;;;;;;;;;;;;;;;;;;;;;;;;;;;;;;;;64.00;66.00;65.00;;;;;37.00;;;;;;;;;;;;;;;;;;1280.500;;;;;;;;;;;;;;;;;;;;;;;;;;;;;;;;;;;;;;;;;;;;;;;;;;;;;;;;;;;;;;;;;;;;;;;;;;;;;;;;;;;;;;;;;;;;;;;;;;;;;;;;;;;;;;;;;;;;;;;;;;;;;;;;;;;;;;;;;;;;;;;;;;;;;;;;;;;;;;;;;;;;;;;;;;;;;;;;;;;;;;;;;;;;;;;;;;;;;;;;;;;;;;;;;;;;;;;;;;;;;;;;;;;;;;;;;;;;;;;;;;;;;;;;;;;;;;;;;;;;;;;;;;;;;;;;;;;;;;;;;;;;;;;;;;;;;;;;;;;;;;;;;;;;;;;;;;;;;;;;;;;;;;;;;;;;;;;;;;;;;;;;;;;;;;;;;;;;;;;;;;;;;;;;;;;;;;;;;;;;;;;;;;;;;;;;;;;;;;;;;;;;;;;;;;;;;;;;;;;;;;;;;;;;;;;;;;;;;;;;;;;;;;;;;;;;;;;;;;0;9.30;12.70;7.60;13.40;13.60;13.20;1281;1407;1129;85;83;1514.00;;;20508753;2.00;;;;38.00;32.00;17.00
1444625400000;2015-10-12T05:50:00.000+0100;;60.00;;;;;;;1.00;32.10;411.40;410.80;411.10;1071.00;1071.00;1074.00;;;;;;;;;;;;;;;;;;;;;;;;;;;;;;;;;;;;;;;;;;;;;;;;;;;;;;;;;;;;50.00;;;;;;;;;;;;;;;;;;;;;;;;;;;;;;;;;;;;;;36.00;51.00;;6.00;20.00;;;60.00;66.00;61.00;;;;;;;;;;;;;;;;;;;;;;;;;;;;;;;;;;;;64.00;66.00;65.00;;;;;37.00;;;;;;;;;;;;;;;;;;1321.100;;;;;;;;;;;;;;;;;;;;;;;;;;;;;;;;;;;;;;;;;;;;;;;;;;;;;;;;;;;;;;;;;;;;;;;;;;;;;;;;;;;;;;;;;;;;;;;;;;;;;;;;;;;;;;;;;;;;;;;;;;;;;;;;;;;;;;;;;;;;;;;;;;;;;;;;;;;;;;;;;;;;;;;;;;;;;;;;;;;;;;;;;;;;;;;;;;;;;;;;;;;;;;;;;;;;;;;;;;;;;;;;;;;;;;;;;;;;;;;;;;;;;;;;;;;;;;;;;;;;;;;;;;;;;;;;;;;;;;;;;;;;;;;;;;;;;;;;;;;;;;;;;;;;;;;;;;;;;;;;;;;;;;;;;;;;;;;;;;;;;;;;;;;;;;;;;;;;;;;;;;;;;;;;;;;;;;;;;;;;;;;;;;;;;;;;;;;;;;;;;;;;;;;;;;;;;;;;;;;;;;;;;;;;;;;;;;;;;;;;;;;;;;;;;;;;;;;;;;0;9.60;12.30;6.80;13.40;13.70;13.00;1321;1487;1138;85;84;1518.30;;;20508971;2.00;;;;39.00;32.00;16.00
1444626000000;2015-10-12T06:00:00.000+0100;;60.00;;;;;;;1.00;37.00;412.50;412.00;412.20;1043.00;1043.00;1046.00;;;;;;;;;;;;;;;;;;;;;;;;;;;;;;;;;;;;;;;;;;;;;;;;;;;;;;;;;;;;50.00;;;;;;;;;;;;;;;;;;;;;;;;;;;;;;;;;;;;;;36.00;51.00;;6.00;20.00;;;61.00;67.00;62.00;;;;;;;;;;;;;;;;;;;;;;;;;;;;;;;;;;;;64.00;66.00;66.00;;;;;37.00;;;;;;;;;;;;;;;;;;1290.200;;;;;;;;;;;;;;;;;;;;;;;;;;;;;;;;;;;;;;;;;;;;;;;;;;;;;;;;;;;;;;;;;;;;;;;;;;;;;;;;;;;;;;;;;;;;;;;;;;;;;;;;;;;;;;;;;;;;;;;;;;;;;;;;;;;;;;;;;;;;;;;;;;;;;;;;;;;;;;;;;;;;;;;;;;;;;;;;;;;;;;;;;;;;;;;;;;;;;;;;;;;;;;;;;;;;;;;;;;;;;;;;;;;;;;;;;;;;;;;;;;;;;;;;;;;;;;;;;;;;;;;;;;;;;;;;;;;;;;;;;;;;;;;;;;;;;;;;;;;;;;;;;;;;;;;;;;;;;;;;;;;;;;;;;;;;;;;;;;;;;;;;;;;;;;;;;;;;;;;;;;;;;;;;;;;;;;;;;;;;;;;;;;;;;;;;;;;;;;;;;;;;;;;;;;;;;;;;;;;;;;;;;;;;;;;;;;;;;;;;;;;;;;;;;;;;;;;;;;0;9.40;12.60;6.60;13.40;13.70;13.10;1290;1494;1116;85;84;1513.30;;;20509189;2.00;;;;39.00;32.00;16.00
1444626600000;2015-10-12T06:10:00.000+0100;;60.00;;;;;;;1.00;58.70;412.70;411.90;412.20;1106.00;1107.00;1108.00;;;;;;;;;;;;;;;;;;;;;;;;;;;;;;;;;;;;;;;;;;;;;;;;;;;;;;;;;;;;50.00;;;;;;;;;;;;;;;;;;;;;;;;;;;;;;;;;;;;;;36.00;51.00;;6.00;21.00;;;61.00;67.00;62.00;;;;;;;;;;;;;;;;;;;;;;;;;;;;;;;;;;;;65.00;67.00;66.00;;;;;40.00;;;;;;;;;;;;;;;;;;1367.300;;;;;;;;;;;;;;;;;;;;;;;;;;;;;;;;;;;;;;;;;;;;;;;;;;;;;;;;;;;;;;;;;;;;;;;;;;;;;;;;;;;;;;;;;;;;;;;;;;;;;;;;;;;;;;;;;;;;;;;;;;;;;;;;;;;;;;;;;;;;;;;;;;;;;;;;;;;;;;;;;;;;;;;;;;;;;;;;;;;;;;;;;;;;;;;;;;;;;;;;;;;;;;;;;;;;;;;;;;;;;;;;;;;;;;;;;;;;;;;;;;;;;;;;;;;;;;;;;;;;;;;;;;;;;;;;;;;;;;;;;;;;;;;;;;;;;;;;;;;;;;;;;;;;;;;;;;;;;;;;;;;;;;;;;;;;;;;;;;;;;;;;;;;;;;;;;;;;;;;;;;;;;;;;;;;;;;;;;;;;;;;;;;;;;;;;;;;;;;;;;;;;;;;;;;;;;;;;;;;;;;;;;;;;;;;;;;;;;;;;;;;;;;;;;;;;;;;;;;0;9.20;12.60;6.90;14.60;14.90;13.20;1367;1523;1151;85;84;1650.00;;;20509417;2.00;;;;39.00;32.00;17.00
1444627200000;2015-10-12T06:20:00.000+0100;;61.00;;;;;;;1.00;-0.10;412.10;411.20;411.50;1062.00;1062.00;1064.00;;;;;;;;;;;;;;;;;;;;;;;;;;;;;;;;;;;;;;;;;;;;;;;;;;;;;;;;;;;;50.00;;;;;;;;;;;;;;;;;;;;;;;;;;;;;;;;;;;;;;36.00;52.00;;6.00;21.00;;;62.00;68.00;63.00;;;;;;;;;;;;;;;;;;;;;;;;;;;;;;;;;;;;65.00;67.00;66.00;;;;;39.00;;;;;;;;;;;;;;;;;;1311.600;;;;;;;;;;;;;;;;;;;;;;;;;;;;;;;;;;;;;;;;;;;;;;;;;;;;;;;;;;;;;;;;;;;;;;;;;;;;;;;;;;;;;;;;;;;;;;;;;;;;;;;;;;;;;;;;;;;;;;;;;;;;;;;;;;;;;;;;;;;;;;;;;;;;;;;;;;;;;;;;;;;;;;;;;;;;;;;;;;;;;;;;;;;;;;;;;;;;;;;;;;;;;;;;;;;;;;;;;;;;;;;;;;;;;;;;;;;;;;;;;;;;;;;;;;;;;;;;;;;;;;;;;;;;;;;;;;;;;;;;;;;;;;;;;;;;;;;;;;;;;;;;;;;;;;;;;;;;;;;;;;;;;;;;;;;;;;;;;;;;;;;;;;;;;;;;;;;;;;;;;;;;;;;;;;;;;;;;;;;;;;;;;;;;;;;;;;;;;;;;;;;;;;;;;;;;;;;;;;;;;;;;;;;;;;;;;;;;;;;;;;;;;;;;;;;;;;;;;;0;9.00;12.00;7.10;14.60;14.80;14.30;1312;1438;1172;85;82;1650.10;;;20509633;2.00;;;;38.00;33.00;17.00
1444627800000;2015-10-12T06:30:00.000+0100;;61.00;;;;;;;1.00;-0.10;412.70;411.90;412.10;1072.00;1072.00;1074.00;;;;;;;;;;;;;;;;;;;;;;;;;;;;;;;;;;;;;;;;;;;;;;;;;;;;;;;;;;;;50.00;;;;;;;;;;;;;;;;;;;;;;;;;;;;;;;;;;;;;;36.00;52.00;;6.00;21.00;;;62.00;68.00;63.00;;;;;;;;;;;;;;;;;;;;;;;;;;;;;;;;;;;;65.00;67.00;66.00;;;;;39.00;;;;;;;;;;;;;;;;;;1325.700;;;;;;;;;;;;;;;;;;;;;;;;;;;;;;;;;;;;;;;;;;;;;;;;;;;;;;;;;;;;;;;;;;;;;;;;;;;;;;;;;;;;;;;;;;;;;;;;;;;;;;;;;;;;;;;;;;;;;;;;;;;;;;;;;;;;;;;;;;;;;;;;;;;;;;;;;;;;;;;;;;;;;;;;;;;;;;;;;;;;;;;;;;;;;;;;;;;;;;;;;;;;;;;;;;;;;;;;;;;;;;;;;;;;;;;;;;;;;;;;;;;;;;;;;;;;;;;;;;;;;;;;;;;;;;;;;;;;;;;;;;;;;;;;;;;;;;;;;;;;;;;;;;;;;;;;;;;;;;;;;;;;;;;;;;;;;;;;;;;;;;;;;;;;;;;;;;;;;;;;;;;;;;;;;;;;;;;;;;;;;;;;;;;;;;;;;;;;;;;;;;;;;;;;;;;;;;;;;;;;;;;;;;;;;;;;;;;;;;;;;;;;;;;;;;;;;;;;;;0;9.00;11.90;6.70;14.60;14.90;14.20;1326;1467;1196;85;82;1650.70;;;20509855;2.00;;;;38.00;33.00;17.00
1444628400000;2015-10-12T06:40:00.000+0100;;61.00;;;;;;;1.00;14.60;413.70;412.90;413.20;1092.00;1093.00;1094.00;;;;;;;;;;;;;;;;;;;;;;;;;;;;;;;;;;;;;;;;;;;;;;;;;;;;;;;;;;;;50.00;;;;;;;;;;;;;;;;;;;;;;;;;;;;;;;;;;;;;;36.00;52.00;;6.00;21.00;;;63.00;69.00;64.00;;;;;;;;;;;;;;;;;;;;;;;;;;;;;;;;;;;;66.00;67.00;67.00;;;;;39.00;;;;;;;;;;;;;;;;;;1354.100;;;;;;;;;;;;;;;;;;;;;;;;;;;;;;;;;;;;;;;;;;;;;;;;;;;;;;;;;;;;;;;;;;;;;;;;;;;;;;;;;;;;;;;;;;;;;;;;;;;;;;;;;;;;;;;;;;;;;;;;;;;;;;;;;;;;;;;;;;;;;;;;;;;;;;;;;;;;;;;;;;;;;;;;;;;;;;;;;;;;;;;;;;;;;;;;;;;;;;;;;;;;;;;;;;;;;;;;;;;;;;;;;;;;;;;;;;;;;;;;;;;;;;;;;;;;;;;;;;;;;;;;;;;;;;;;;;;;;;;;;;;;;;;;;;;;;;;;;;;;;;;;;;;;;;;;;;;;;;;;;;;;;;;;;;;;;;;;;;;;;;;;;;;;;;;;;;;;;;;;;;;;;;;;;;;;;;;;;;;;;;;;;;;;;;;;;;;;;;;;;;;;;;;;;;;;;;;;;;;;;;;;;;;;;;;;;;;;;;;;;;;;;;;;;;;;;;;;;;0;9.10;11.80;6.90;14.60;14.90;14.30;1354;1472;1212;85;82;1653.50;;;20510081;2.00;;;;38.00;33.00;17.00
1444629000000;2015-10-12T06:50:00.000+0100;;61.00;;;;;;;1.00;26.00;413.60;412.80;413.10;1027.00;1027.00;1028.00;;;;;;;;;;;;;;;;;;;;;;;;;;;;;;;;;;;;;;;;;;;;;;;;;;;;;;;;;;;;50.00;;;;;;;;;;;;;;;;;;;;;;;;;;;;;;;;;;;;;;36.00;52.00;;6.00;20.00;;;63.00;69.00;64.00;;;;;;;;;;;;;;;;;;;;;;;;;;;;;;;;;;;;65.00;68.00;67.00;;;;;39.00;;;;;;;;;;;;;;;;;;1272.400;;;;;;;;;;;;;;;;;;;;;;;;;;;;;;;;;;;;;;;;;;;;;;;;;;;;;;;;;;;;;;;;;;;;;;;;;;;;;;;;;;;;;;;;;;;;;;;;;;;;;;;;;;;;;;;;;;;;;;;;;;;;;;;;;;;;;;;;;;;;;;;;;;;;;;;;;;;;;;;;;;;;;;;;;;;;;;;;;;;;;;;;;;;;;;;;;;;;;;;;;;;;;;;;;;;;;;;;;;;;;;;;;;;;;;;;;;;;;;;;;;;;;;;;;;;;;;;;;;;;;;;;;;;;;;;;;;;;;;;;;;;;;;;;;;;;;;;;;;;;;;;;;;;;;;;;;;;;;;;;;;;;;;;;;;;;;;;;;;;;;;;;;;;;;;;;;;;;;;;;;;;;;;;;;;;;;;;;;;;;;;;;;;;;;;;;;;;;;;;;;;;;;;;;;;;;;;;;;;;;;;;;;;;;;;;;;;;;;;;;;;;;;;;;;;;;;;;;;;0;8.90;11.50;6.20;14.60;14.80;14.20;1273;1415;1137;85;82;1645.20;;;20510293;2.00;;;;38.00;33.00;17.00
1444629600000;2015-10-12T07:00:00.000+0100;;61.00;;;;;;;1.00;22.20;413.60;412.80;413.10;1066.00;1066.00;1068.00;;;;;;;;;;;;;;;;;;;;;;;;;;;;;;;;;;;;;;;;;;;;;;;;;;;;;;;;;;;;50.00;;;;;;;;;;;;;;;;;;;;;;;;;;;;;;;;;;;;;;36.00;52.00;;6.00;20.00;;;63.00;69.00;64.00;;;;;;;;;;;;;;;;;;;;;;;;;;;;;;;;;;;;66.00;67.00;67.00;;;;;39.00;;;;;;;;;;;;;;;;;;1321.300;;;;;;;;;;;;;;;;;;;;;;;;;;;;;;;;;;;;;;;;;;;;;;;;;;;;;;;;;;;;;;;;;;;;;;;;;;;;;;;;;;;;;;;;;;;;;;;;;;;;;;;;;;;;;;;;;;;;;;;;;;;;;;;;;;;;;;;;;;;;;;;;;;;;;;;;;;;;;;;;;;;;;;;;;;;;;;;;;;;;;;;;;;;;;;;;;;;;;;;;;;;;;;;;;;;;;;;;;;;;;;;;;;;;;;;;;;;;;;;;;;;;;;;;;;;;;;;;;;;;;;;;;;;;;;;;;;;;;;;;;;;;;;;;;;;;;;;;;;;;;;;;;;;;;;;;;;;;;;;;;;;;;;;;;;;;;;;;;;;;;;;;;;;;;;;;;;;;;;;;;;;;;;;;;;;;;;;;;;;;;;;;;;;;;;;;;;;;;;;;;;;;;;;;;;;;;;;;;;;;;;;;;;;;;;;;;;;;;;;;;;;;;;;;;;;;;;;;;;0;9.10;12.80;6.90;14.60;14.90;14.30;1321;1512;1145;85;83;1650.40;;;20510513;2.00;;;;38.00;33.00;17.00
1444630200000;2015-10-12T07:10:00.000+0100;;61.00;;;;;;;1.00;-0.10;412.20;411.30;411.70;1152.00;1154.00;1155.00;;;;;;;;;;;;;;;;;;;;;;;;;;;;;;;;;;;;;;;;;;;;;;;;;;;;;;;;;;;;50.00;;;;;;;;;;;;;;;;;;;;;;;;;;;;;;;;;;;;;;36.00;52.00;;6.00;20.00;;;63.00;69.00;65.00;;;;;;;;;;;;;;;;;;;;;;;;;;;;;;;;;;;;66.00;68.00;67.00;;;;;40.00;;;;;;;;;;;;;;;;;;1424.400;;;;;;;;;;;;;;;;;;;;;;;;;;;;;;;;;;;;;;;;;;;;;;;;;;;;;;;;;;;;;;;;;;;;;;;;;;;;;;;;;;;;;;;;;;;;;;;;;;;;;;;;;;;;;;;;;;;;;;;;;;;;;;;;;;;;;;;;;;;;;;;;;;;;;;;;;;;;;;;;;;;;;;;;;;;;;;;;;;;;;;;;;;;;;;;;;;;;;;;;;;;;;;;;;;;;;;;;;;;;;;;;;;;;;;;;;;;;;;;;;;;;;;;;;;;;;;;;;;;;;;;;;;;;;;;;;;;;;;;;;;;;;;;;;;;;;;;;;;;;;;;;;;;;;;;;;;;;;;;;;;;;;;;;;;;;;;;;;;;;;;;;;;;;;;;;;;;;;;;;;;;;;;;;;;;;;;;;;;;;;;;;;;;;;;;;;;;;;;;;;;;;;;;;;;;;;;;;;;;;;;;;;;;;;;;;;;;;;;;;;;;;;;;;;;;;;;;;;;0;9.30;12.70;6.70;14.70;14.90;14.30;1424;1627;1236;85;85;1655.40;;;20510749;2.00;;;;38.00;33.00;17.00
1444630800000;2015-10-12T07:20:00.000+0100;;61.00;;;;;;;1.00;14.40;412.00;411.10;411.50;1202.00;1203.00;1205.00;;;;;;;;;;;;;;;;;;;;;;;;;;;;;;;;;;;;;;;;;;;;;;;;;;;;;;;;;;;;50.00;;;;;;;;;;;;;;;;;;;;;;;;;;;;;;;;;;;;;;36.00;52.00;;7.00;21.00;;;65.00;71.00;66.00;;;;;;;;;;;;;;;;;;;;;;;;;;;;;;;;;;;;67.00;69.00;68.00;;;;;40.00;;;;;;;;;;;;;;;;;;1484.900;;;;;;;;;;;;;;;;;;;;;;;;;;;;;;;;;;;;;;;;;;;;;;;;;;;;;;;;;;;;;;;;;;;;;;;;;;;;;;;;;;;;;;;;;;;;;;;;;;;;;;;;;;;;;;;;;;;;;;;;;;;;;;;;;;;;;;;;;;;;;;;;;;;;;;;;;;;;;;;;;;;;;;;;;;;;;;;;;;;;;;;;;;;;;;;;;;;;;;;;;;;;;;;;;;;;;;;;;;;;;;;;;;;;;;;;;;;;;;;;;;;;;;;;;;;;;;;;;;;;;;;;;;;;;;;;;;;;;;;;;;;;;;;;;;;;;;;;;;;;;;;;;;;;;;;;;;;;;;;;;;;;;;;;;;;;;;;;;;;;;;;;;;;;;;;;;;;;;;;;;;;;;;;;;;;;;;;;;;;;;;;;;;;;;;;;;;;;;;;;;;;;;;;;;;;;;;;;;;;;;;;;;;;;;;;;;;;;;;;;;;;;;;;;;;;;;;;;;;0;9.60;12.20;6.30;14.70;14.90;14.40;1485;1619;1339;85;87;1661.00;;;20510999;2.00;;;;38.00;33.00;17.00
1444631400000;2015-10-12T07:30:00.000+0100;;61.00;;;;;;;1.00;19.90;412.30;411.50;411.80;1149.00;1149.00;1151.00;;;;;;;;;;;;;;;;;;;;;;;;;;;;;;;;;;;;;;;;;;;;;;;;;;;;;;;;;;;;50.00;;;;;;;;;;;;;;;;;;;;;;;;;;;;;;;;;;;;;;36.00;52.00;;7.00;21.00;;;65.00;72.00;67.00;;;;;;;;;;;;;;;;;;;;;;;;;;;;;;;;;;;;67.00;69.00;69.00;;;;;40.00;;;;;;;;;;;;;;;;;;1419.400;;;;;;;;;;;;;;;;;;;;;;;;;;;;;;;;;;;;;;;;;;;;;;;;;;;;;;;;;;;;;;;;;;;;;;;;;;;;;;;;;;;;;;;;;;;;;;;;;;;;;;;;;;;;;;;;;;;;;;;;;;;;;;;;;;;;;;;;;;;;;;;;;;;;;;;;;;;;;;;;;;;;;;;;;;;;;;;;;;;;;;;;;;;;;;;;;;;;;;;;;;;;;;;;;;;;;;;;;;;;;;;;;;;;;;;;;;;;;;;;;;;;;;;;;;;;;;;;;;;;;;;;;;;;;;;;;;;;;;;;;;;;;;;;;;;;;;;;;;;;;;;;;;;;;;;;;;;;;;;;;;;;;;;;;;;;;;;;;;;;;;;;;;;;;;;;;;;;;;;;;;;;;;;;;;;;;;;;;;;;;;;;;;;;;;;;;;;;;;;;;;;;;;;;;;;;;;;;;;;;;;;;;;;;;;;;;;;;;;;;;;;;;;;;;;;;;;;;;;0;9.40;13.60;6.60;14.70;14.90;14.30;1419;1542;1266;85;86;1653.90;;;20511233;2.00;;;;38.00;33.00;17.00
1444632000000;2015-10-12T07:40:00.000+0100;;61.00;;;;;;;0.90;-9.10;410.50;410.00;410.20;617.00;616.00;619.00;;;;;;;;;;;;;;;;;;;;;;;;;;;;;;;;;;;;;;;;;;;;;;;;;;;;;;;;;;;;50.00;;;;;;;;;;;;;;;;;;;;;;;;;;;;;;;;;;;;;;36.00;52.00;;8.00;20.00;;;66.00;72.00;67.00;;;;;;;;;;;;;;;;;;;;;;;;;;;;;;;;;;;;67.00;69.00;68.00;;;;;37.00;;;;;;;;;;;;;;;;;;1293.800;;;;;;;;;;;;;;;;;;;;;;;;;;;;;;;;;;;;;;;;;;;;;;;;;;;;;;;;;;;;;;;;;;;;;;;;;;;;;;;;;;;;;;;;;;;;;;;;;;;;;;;;;;;;;;;;;;;;;;;;;;;;;;;;;;;;;;;;;;;;;;;;;;;;;;;;;;;;;;;;;;;;;;;;;;;;;;;;;;;;;;;;;;;;;;;;;;;;;;;;;;;;;;;;;;;;;;;;;;;;;;;;;;;;;;;;;;;;;;;;;;;;;;;;;;;;;;;;;;;;;;;;;;;;;;;;;;;;;;;;;;;;;;;;;;;;;;;;;;;;;;;;;;;;;;;;;;;;;;;;;;;;;;;;;;;;;;;;;;;;;;;;;;;;;;;;;;;;;;;;;;;;;;;;;;;;;;;;;;;;;;;;;;;;;;;;;;;;;;;;;;;;;;;;;;;;;;;;;;;;;;;;;;;;;;;;;;;;;;;;;;;;;;;;;;;;;;;;;;309;9.10;12.50;6.40;8.50;14.90;0.00;733;1535;-41;85;88;967.60;;;20511359;2.00;;;;38.00;33.00;17.00
1444632600000;2015-10-12T07:50:00.000+0100;;57.00;;;;;;;0.80;-16.90;409.50;409.60;409.60;25.00;24.00;27.00;;;;;;;;;;;;;;;;;;;;;;;;;;;;;;;;;;;;;;;;;;;;;;;;;;;;;;;;;;;;50.00;;;;;;;;;;;;;;;;;;;;;;;;;;;;;;;;;;;;;;35.00;49.00;;7.00;13.00;;;62.00;67.00;63.00;;;;;;;;;;;;;;;;;;;;;;;;;;;;;;;;;;;;61.00;62.00;62.00;;;;;33.00;;;;;;;;;;;;;;;;;;1177.600;;;;;;;;;;;;;;;;;;;;;;;;;;;;;;;;;;;;;;;;;;;;;;;;;;;;;;;;;;;;;;;;;;;;;;;;;;;;;;;;;;;;;;;;;;;;;;;;;;;;;;;;;;;;;;;;;;;;;;;;;;;;;;;;;;;;;;;;;;;;;;;;;;;;;;;;;;;;;;;;;;;;;;;;;;;;;;;;;;;;;;;;;;;;;;;;;;;;;;;;;;;;;;;;;;;;;;;;;;;;;;;;;;;;;;;;;;;;;;;;;;;;;;;;;;;;;;;;;;;;;;;;;;;;;;;;;;;;;;;;;;;;;;;;;;;;;;;;;;;;;;;;;;;;;;;;;;;;;;;;;;;;;;;;;;;;;;;;;;;;;;;;;;;;;;;;;;;;;;;;;;;;;;;;;;;;;;;;;;;;;;;;;;;;;;;;;;;;;;;;;;;;;;;;;;;;;;;;;;;;;;;;;;;;;;;;;;;;;;;;;;;;;;;;;;;;;;;;;;309;8.70;11.00;6.40;0.00;0.00;0.00;-25;-23;-41;91;90;27.70;;;20511359;2.00;;;;40.00;33.00;16.00
1444633200000;2015-10-12T08:00:00.000+0100;;55.00;;;;;;;0.80;-12.70;410.20;410.30;410.30;20.00;19.00;22.00;;;;;;;;;;;;;;;;;;;;;;;;;;;;;;;;;;;;;;;;;;;;;;;;;;;;;;;;;;;;50.00;;;;;;;;;;;;;;;;;;;;;;;;;;;;;;;;;;;;;;34.00;48.00;;7.00;10.00;;;57.00;63.00;58.00;;;;;;;;;;;;;;;;;;;;;;;;;;;;;;;;;;;;55.00;56.00;55.00;;;;;32.00;;;;;;;;;;;;;;;;;;1245.900;;;;;;;;;;;;;;;;;;;;;;;;;;;;;;;;;;;;;;;;;;;;;;;;;;;;;;;;;;;;;;;;;;;;;;;;;;;;;;;;;;;;;;;;;;;;;;;;;;;;;;;;;;;;;;;;;;;;;;;;;;;;;;;;;;;;;;;;;;;;;;;;;;;;;;;;;;;;;;;;;;;;;;;;;;;;;;;;;;;;;;;;;;;;;;;;;;;;;;;;;;;;;;;;;;;;;;;;;;;;;;;;;;;;;;;;;;;;;;;;;;;;;;;;;;;;;;;;;;;;;;;;;;;;;;;;;;;;;;;;;;;;;;;;;;;;;;;;;;;;;;;;;;;;;;;;;;;;;;;;;;;;;;;;;;;;;;;;;;;;;;;;;;;;;;;;;;;;;;;;;;;;;;;;;;;;;;;;;;;;;;;;;;;;;;;;;;;;;;;;;;;;;;;;;;;;;;;;;;;;;;;;;;;;;;;;;;;;;;;;;;;;;;;;;;;;;;;;;;309;8.90;11.50;6.10;0.00;0.00;0.00;-20;-12;-38;92;89;23.40;;;20511359;2.00;;;;40.00;31.00;16.00
1444633800000;2015-10-12T08:10:00.000+0100;;54.00;;;;;;;0.90;17.80;411.70;411.20;411.40;511.00;511.00;513.00;;;;;;;;;;;;;;;;;;;;;;;;;;;;;;;;;;;;;;;;;;;;;;;;;;;;;;;;;;;;50.00;;;;;;;;;;;;;;;;;;;;;;;;;;;;;;;;;;;;;;33.00;50.00;;7.00;14.00;;;54.00;59.00;55.00;;;;;;;;;;;;;;;;;;;;;;;;;;;;;;;;;;;;51.00;52.00;52.00;;;;;35.00;;;;;;;;;;;;;;;;;;1206.000;;;;;;;;;;;;;;;;;;;;;;;;;;;;;;;;;;;;;;;;;;;;;;;;;;;;;;;;;;;;;;;;;;;;;;;;;;;;;;;;;;;;;;;;;;;;;;;;;;;;;;;;;;;;;;;;;;;;;;;;;;;;;;;;;;;;;;;;;;;;;;;;;;;;;;;;;;;;;;;;;;;;;;;;;;;;;;;;;;;;;;;;;;;;;;;;;;;;;;;;;;;;;;;;;;;;;;;;;;;;;;;;;;;;;;;;;;;;;;;;;;;;;;;;;;;;;;;;;;;;;;;;;;;;;;;;;;;;;;;;;;;;;;;;;;;;;;;;;;;;;;;;;;;;;;;;;;;;;;;;;;;;;;;;;;;;;;;;;;;;;;;;;;;;;;;;;;;;;;;;;;;;;;;;;;;;;;;;;;;;;;;;;;;;;;;;;;;;;;;;;;;;;;;;;;;;;;;;;;;;;;;;;;;;;;;;;;;;;;;;;;;;;;;;;;;;;;;;;;309;8.90;12.30;4.70;8.10;15.10;0.00;615;1687;-36;88;83;926.00;;;20511463;2.00;;;;39.00;30.00;16.00
1444634400000;2015-10-12T08:20:00.000+0100;;58.00;;;;;;;1.00;34.60;413.40;412.60;412.90;870.00;870.00;872.00;;;;;;;;;;;;;;;;;;;;;;;;;;;;;;;;;;;;;;;;;;;;;;;;;;;;;;;;;;;;50.00;;;;;;;;;;;;;;;;;;;;;;;;;;;;;;;;;;;;;;34.00;53.00;;8.00;16.00;;;53.00;59.00;54.00;;;;;;;;;;;;;;;;;;;;;;;;;;;;;;;;;;;;52.00;53.00;53.00;;;;;38.00;;;;;;;;;;;;;;;;;;1077.000;;;;;;;;;;;;;;;;;;;;;;;;;;;;;;;;;;;;;;;;;;;;;;;;;;;;;;;;;;;;;;;;;;;;;;;;;;;;;;;;;;;;;;;;;;;;;;;;;;;;;;;;;;;;;;;;;;;;;;;;;;;;;;;;;;;;;;;;;;;;;;;;;;;;;;;;;;;;;;;;;;;;;;;;;;;;;;;;;;;;;;;;;;;;;;;;;;;;;;;;;;;;;;;;;;;;;;;;;;;;;;;;;;;;;;;;;;;;;;;;;;;;;;;;;;;;;;;;;;;;;;;;;;;;;;;;;;;;;;;;;;;;;;;;;;;;;;;;;;;;;;;;;;;;;;;;;;;;;;;;;;;;;;;;;;;;;;;;;;;;;;;;;;;;;;;;;;;;;;;;;;;;;;;;;;;;;;;;;;;;;;;;;;;;;;;;;;;;;;;;;;;;;;;;;;;;;;;;;;;;;;;;;;;;;;;;;;;;;;;;;;;;;;;;;;;;;;;;;;0;8.40;11.10;6.00;14.30;14.80;13.60;1077;1425;688;84;77;1618.10;;;20511641;2.00;;;;35.00;30.00;17.00
1444635000000;2015-10-12T08:30:00.000+0100;;59.00;;;;;;;1.00;15.60;412.50;411.90;412.10;770.00;769.00;772.00;;;;;;;;;;;;;;;;;;;;;;;;;;;;;;;;;;;;;;;;;;;;;;;;;;;;;;;;;;;;50.00;;;;;;;;;;;;;;;;;;;;;;;;;;;;;;;;;;;;;;35.00;53.00;;9.00;16.00;;;53.00;58.00;54.00;;;;;;;;;;;;;;;;;;;;;;;;;;;;;;;;;;;;53.00;54.00;54.00;;;;;38.00;;;;;;;;;;;;;;;;;;952.000;;;;;;;;;;;;;;;;;;;;;;;;;;;;;;;;;;;;;;;;;;;;;;;;;;;;;;;;;;;;;;;;;;;;;;;;;;;;;;;;;;;;;;;;;;;;;;;;;;;;;;;;;;;;;;;;;;;;;;;;;;;;;;;;;;;;;;;;;;;;;;;;;;;;;;;;;;;;;;;;;;;;;;;;;;;;;;;;;;;;;;;;;;;;;;;;;;;;;;;;;;;;;;;;;;;;;;;;;;;;;;;;;;;;;;;;;;;;;;;;;;;;;;;;;;;;;;;;;;;;;;;;;;;;;;;;;;;;;;;;;;;;;;;;;;;;;;;;;;;;;;;;;;;;;;;;;;;;;;;;;;;;;;;;;;;;;;;;;;;;;;;;;;;;;;;;;;;;;;;;;;;;;;;;;;;;;;;;;;;;;;;;;;;;;;;;;;;;;;;;;;;;;;;;;;;;;;;;;;;;;;;;;;;;;;;;;;;;;;;;;;;;;;;;;;;;;;;;;;0;8.00;11.20;5.50;14.00;14.70;12.90;952;1323;619;78;77;1580.00;;;20511801;2.00;;;;34.00;30.00;17.00
1444635600000;2015-10-12T08:40:00.000+0100;;59.00;;;;;;;1.00;10.00;412.00;411.30;411.60;743.00;742.00;745.00;;;;;;;;;;;;;;;;;;;;;;;;;;;;;;;;;;;;;;;;;;;;;;;;;;;;;;;;;;;;50.00;;;;;;;;;;;;;;;;;;;;;;;;;;;;;;;;;;;;;;36.00;54.00;;10.00;16.00;;;52.00;57.00;53.00;;;;;;;;;;;;;;;;;;;;;;;;;;;;;;;;;;;;54.00;55.00;55.00;;;;;38.00;;;;;;;;;;;;;;;;;;917.400;;;;;;;;;;;;;;;;;;;;;;;;;;;;;;;;;;;;;;;;;;;;;;;;;;;;;;;;;;;;;;;;;;;;;;;;;;;;;;;;;;;;;;;;;;;;;;;;;;;;;;;;;;;;;;;;;;;;;;;;;;;;;;;;;;;;;;;;;;;;;;;;;;;;;;;;;;;;;;;;;;;;;;;;;;;;;;;;;;;;;;;;;;;;;;;;;;;;;;;;;;;;;;;;;;;;;;;;;;;;;;;;;;;;;;;;;;;;;;;;;;;;;;;;;;;;;;;;;;;;;;;;;;;;;;;;;;;;;;;;;;;;;;;;;;;;;;;;;;;;;;;;;;;;;;;;;;;;;;;;;;;;;;;;;;;;;;;;;;;;;;;;;;;;;;;;;;;;;;;;;;;;;;;;;;;;;;;;;;;;;;;;;;;;;;;;;;;;;;;;;;;;;;;;;;;;;;;;;;;;;;;;;;;;;;;;;;;;;;;;;;;;;;;;;;;;;;;;;;0;7.90;11.10;5.70;13.90;14.50;12.80;917;1244;578;76;80;1568.60;;;20511953;2.00;;;;34.00;31.00;17.00
1444636200000;2015-10-12T08:50:00.000+0100;;60.00;;;;;;;1.00;13.10;412.20;411.40;411.70;831.00;830.00;833.00;;;;;;;;;;;;;;;;;;;;;;;;;;;;;;;;;;;;;;;;;;;;;;;;;;;;;;;;;;;;50.00;;;;;;;;;;;;;;;;;;;;;;;;;;;;;;;;;;;;;;36.00;54.00;;10.00;16.00;;;51.00;57.00;52.00;;;;;;;;;;;;;;;;;;;;;;;;;;;;;;;;;;;;55.00;55.00;56.00;;;;;38.00;;;;;;;;;;;;;;;;;;1026.100;;;;;;;;;;;;;;;;;;;;;;;;;;;;;;;;;;;;;;;;;;;;;;;;;;;;;;;;;;;;;;;;;;;;;;;;;;;;;;;;;;;;;;;;;;;;;;;;;;;;;;;;;;;;;;;;;;;;;;;;;;;;;;;;;;;;;;;;;;;;;;;;;;;;;;;;;;;;;;;;;;;;;;;;;;;;;;;;;;;;;;;;;;;;;;;;;;;;;;;;;;;;;;;;;;;;;;;;;;;;;;;;;;;;;;;;;;;;;;;;;;;;;;;;;;;;;;;;;;;;;;;;;;;;;;;;;;;;;;;;;;;;;;;;;;;;;;;;;;;;;;;;;;;;;;;;;;;;;;;;;;;;;;;;;;;;;;;;;;;;;;;;;;;;;;;;;;;;;;;;;;;;;;;;;;;;;;;;;;;;;;;;;;;;;;;;;;;;;;;;;;;;;;;;;;;;;;;;;;;;;;;;;;;;;;;;;;;;;;;;;;;;;;;;;;;;;;;;;;0;8.30;10.50;5.70;14.20;14.70;13.20;1026;1317;627;80;82;1607.90;;;20512125;2.00;;;;34.00;32.00;17.00
1444636800000;2015-10-12T09:00:00.000+0100;;60.00;;;;;;;1.00;-10.60;411.70;411.20;411.40;637.00;635.00;639.00;;;;;;;;;;;;;;;;;;;;;;;;;;;;;;;;;;;;;;;;;;;;;;;;;;;;;;;;;;;;50.00;;;;;;;;;;;;;;;;;;;;;;;;;;;;;;;;;;;;;;36.00;54.00;;10.00;16.00;;;51.00;56.00;52.00;;;;;;;;;;;;;;;;;;;;;;;;;;;;;;;;;;;;55.00;56.00;56.00;;;;;37.00;;;;;;;;;;;;;;;;;;786.200;;;;;;;;;;;;;;;;;;;;;;;;;;;;;;;;;;;;;;;;;;;;;;;;;;;;;;;;;;;;;;;;;;;;;;;;;;;;;;;;;;;;;;;;;;;;;;;;;;;;;;;;;;;;;;;;;;;;;;;;;;;;;;;;;;;;;;;;;;;;;;;;;;;;;;;;;;;;;;;;;;;;;;;;;;;;;;;;;;;;;;;;;;;;;;;;;;;;;;;;;;;;;;;;;;;;;;;;;;;;;;;;;;;;;;;;;;;;;;;;;;;;;;;;;;;;;;;;;;;;;;;;;;;;;;;;;;;;;;;;;;;;;;;;;;;;;;;;;;;;;;;;;;;;;;;;;;;;;;;;;;;;;;;;;;;;;;;;;;;;;;;;;;;;;;;;;;;;;;;;;;;;;;;;;;;;;;;;;;;;;;;;;;;;;;;;;;;;;;;;;;;;;;;;;;;;;;;;;;;;;;;;;;;;;;;;;;;;;;;;;;;;;;;;;;;;;;;;;;0;7.50;10.80;5.50;13.60;14.50;12.80;786;1066;462;83;79;1535.20;;;20512255;2.00;;;;35.00;32.00;17.00
1444637400000;2015-10-12T09:10:00.000+0100;;59.00;;;;;;;1.00;-8.30;410.90;410.50;410.70;570.00;568.00;570.00;;;;;;;;;;;;;;;;;;;;;;;;;;;;;;;;;;;;;;;;;;;;;;;;;;;;;;;;;;;;50.00;;;;;;;;;;;;;;;;;;;;;;;;;;;;;;;;;;;;;;36.00;54.00;;11.00;16.00;;;49.00;54.00;50.00;;;;;;;;;;;;;;;;;;;;;;;;;;;;;;;;;;;;54.00;55.00;55.00;;;;;37.00;;;;;;;;;;;;;;;;;;700.900;;;;;;;;;;;;;;;;;;;;;;;;;;;;;;;;;;;;;;;;;;;;;;;;;;;;;;;;;;;;;;;;;;;;;;;;;;;;;;;;;;;;;;;;;;;;;;;;;;;;;;;;;;;;;;;;;;;;;;;;;;;;;;;;;;;;;;;;;;;;;;;;;;;;;;;;;;;;;;;;;;;;;;;;;;;;;;;;;;;;;;;;;;;;;;;;;;;;;;;;;;;;;;;;;;;;;;;;;;;;;;;;;;;;;;;;;;;;;;;;;;;;;;;;;;;;;;;;;;;;;;;;;;;;;;;;;;;;;;;;;;;;;;;;;;;;;;;;;;;;;;;;;;;;;;;;;;;;;;;;;;;;;;;;;;;;;;;;;;;;;;;;;;;;;;;;;;;;;;;;;;;;;;;;;;;;;;;;;;;;;;;;;;;;;;;;;;;;;;;;;;;;;;;;;;;;;;;;;;;;;;;;;;;;;;;;;;;;;;;;;;;;;;;;;;;;;;;;;;0;7.30;9.60;5.50;13.50;14.40;12.90;701;973;481;83;81;1522.10;;;20512373;3.00;;;;35.00;32.00;16.00
1444638000000;2015-10-12T09:20:00.000+0100;;59.00;;;;;;;1.00;-36.70;409.20;408.80;409.00;517.00;515.00;517.00;;;;;;;;;;;;;;;;;;;;;;;;;;;;;;;;;;;;;;;;;;;;;;;;;;;;;;;;;;;;50.00;;;;;;;;;;;;;;;;;;;;;;;;;;;;;;;;;;;;;;36.00;54.00;;11.00;15.00;;;48.00;53.00;49.00;;;;;;;;;;;;;;;;;;;;;;;;;;;;;;;;;;;;54.00;55.00;55.00;;;;;37.00;;;;;;;;;;;;;;;;;;631.800;;;;;;;;;;;;;;;;;;;;;;;;;;;;;;;;;;;;;;;;;;;;;;;;;;;;;;;;;;;;;;;;;;;;;;;;;;;;;;;;;;;;;;;;;;;;;;;;;;;;;;;;;;;;;;;;;;;;;;;;;;;;;;;;;;;;;;;;;;;;;;;;;;;;;;;;;;;;;;;;;;;;;;;;;;;;;;;;;;;;;;;;;;;;;;;;;;;;;;;;;;;;;;;;;;;;;;;;;;;;;;;;;;;;;;;;;;;;;;;;;;;;;;;;;;;;;;;;;;;;;;;;;;;;;;;;;;;;;;;;;;;;;;;;;;;;;;;;;;;;;;;;;;;;;;;;;;;;;;;;;;;;;;;;;;;;;;;;;;;;;;;;;;;;;;;;;;;;;;;;;;;;;;;;;;;;;;;;;;;;;;;;;;;;;;;;;;;;;;;;;;;;;;;;;;;;;;;;;;;;;;;;;;;;;;;;;;;;;;;;;;;;;;;;;;;;;;;;;;0;7.10;10.90;5.00;13.30;14.40;12.80;632;1010;362;83;86;1501.40;;;20512479;3.00;;;;35.00;32.00;16.00
1444638600000;2015-10-12T09:30:00.000+0100;;59.00;;;;;;;1.00;-42.90;408.30;408.30;408.40;398.00;395.00;398.00;;;;;;;;;;;;;;;;;;;;;;;;;;;;;;;;;;;;;;;;;;;;;;;;;;;;;;;;;;;;50.00;;;;;;;;;;;;;;;;;;;;;;;;;;;;;;;;;;;;;;36.00;54.00;;11.00;15.00;;;46.00;51.00;47.00;;;;;;;;;;;;;;;;;;;;;;;;;;;;;;;;;;;;53.00;54.00;54.00;;;;;37.00;;;;;;;;;;;;;;;;;;484.300;;;;;;;;;;;;;;;;;;;;;;;;;;;;;;;;;;;;;;;;;;;;;;;;;;;;;;;;;;;;;;;;;;;;;;;;;;;;;;;;;;;;;;;;;;;;;;;;;;;;;;;;;;;;;;;;;;;;;;;;;;;;;;;;;;;;;;;;;;;;;;;;;;;;;;;;;;;;;;;;;;;;;;;;;;;;;;;;;;;;;;;;;;;;;;;;;;;;;;;;;;;;;;;;;;;;;;;;;;;;;;;;;;;;;;;;;;;;;;;;;;;;;;;;;;;;;;;;;;;;;;;;;;;;;;;;;;;;;;;;;;;;;;;;;;;;;;;;;;;;;;;;;;;;;;;;;;;;;;;;;;;;;;;;;;;;;;;;;;;;;;;;;;;;;;;;;;;;;;;;;;;;;;;;;;;;;;;;;;;;;;;;;;;;;;;;;;;;;;;;;;;;;;;;;;;;;;;;;;;;;;;;;;;;;;;;;;;;;;;;;;;;;;;;;;;;;;;;;;0;6.60;8.90;4.60;12.60;13.20;11.70;484;662;287;83;80;1422.50;;;20512557;3.00;;;;34.00;31.00;16.00
1444639200000;2015-10-12T09:40:00.000+0100;;58.00;;;;;;;1.00;-52.90;407.80;407.70;407.80;433.00;429.00;432.00;;;;;;;;;;;;;;;;;;;;;;;;;;;;;;;;;;;;;;;;;;;;;;;;;;;;;;;;;;;;50.00;;;;;;;;;;;;;;;;;;;;;;;;;;;;;;;;;;;;;;36.00;54.00;;12.00;15.00;;;45.00;49.00;46.00;;;;;;;;;;;;;;;;;;;;;;;;;;;;;;;;;;;;52.00;53.00;53.00;;;;;37.00;;;;;;;;;;;;;;;;;;524.500;;;;;;;;;;;;;;;;;;;;;;;;;;;;;;;;;;;;;;;;;;;;;;;;;;;;;;;;;;;;;;;;;;;;;;;;;;;;;;;;;;;;;;;;;;;;;;;;;;;;;;;;;;;;;;;;;;;;;;;;;;;;;;;;;;;;;;;;;;;;;;;;;;;;;;;;;;;;;;;;;;;;;;;;;;;;;;;;;;;;;;;;;;;;;;;;;;;;;;;;;;;;;;;;;;;;;;;;;;;;;;;;;;;;;;;;;;;;;;;;;;;;;;;;;;;;;;;;;;;;;;;;;;;;;;;;;;;;;;;;;;;;;;;;;;;;;;;;;;;;;;;;;;;;;;;;;;;;;;;;;;;;;;;;;;;;;;;;;;;;;;;;;;;;;;;;;;;;;;;;;;;;;;;;;;;;;;;;;;;;;;;;;;;;;;;;;;;;;;;;;;;;;;;;;;;;;;;;;;;;;;;;;;;;;;;;;;;;;;;;;;;;;;;;;;;;;;;;;;0;6.60;9.10;3.80;12.70;14.30;11.70;525;861;322;83;82;1429.30;;;20512647;4.00;;;;34.00;30.00;16.00
1444639800000;2015-10-12T09:50:00.000+0100;;58.00;;;;;;;1.00;-55.00;407.00;407.10;407.20;310.00;306.00;309.00;;;;;;;;;;;;;;;;;;;;;;;;;;;;;;;;;;;;;;;;;;;;;;;;;;;;;;;;;;;;50.00;;;;;;;;;;;;;;;;;;;;;;;;;;;;;;;;;;;;;;36.00;53.00;;12.00;14.00;;;44.00;48.00;44.00;;;;;;;;;;;;;;;;;;;;;;;;;;;;;;;;;;;;52.00;53.00;53.00;;;;;37.00;;;;;;;;;;;;;;;;;;371.400;;;;;;;;;;;;;;;;;;;;;;;;;;;;;;;;;;;;;;;;;;;;;;;;;;;;;;;;;;;;;;;;;;;;;;;;;;;;;;;;;;;;;;;;;;;;;;;;;;;;;;;;;;;;;;;;;;;;;;;;;;;;;;;;;;;;;;;;;;;;;;;;;;;;;;;;;;;;;;;;;;;;;;;;;;;;;;;;;;;;;;;;;;;;;;;;;;;;;;;;;;;;;;;;;;;;;;;;;;;;;;;;;;;;;;;;;;;;;;;;;;;;;;;;;;;;;;;;;;;;;;;;;;;;;;;;;;;;;;;;;;;;;;;;;;;;;;;;;;;;;;;;;;;;;;;;;;;;;;;;;;;;;;;;;;;;;;;;;;;;;;;;;;;;;;;;;;;;;;;;;;;;;;;;;;;;;;;;;;;;;;;;;;;;;;;;;;;;;;;;;;;;;;;;;;;;;;;;;;;;;;;;;;;;;;;;;;;;;;;;;;;;;;;;;;;;;;;;;;0;6.10;8.30;4.00;12.10;13.00;11.10;372;726;206;83;86;1365.50;;;20512707;4.00;;;;33.00;29.00;16.00
1444640400000;2015-10-12T10:00:00.000+0100;;57.00;;;;;;;1.00;-52.10;407.30;407.30;407.40;362.00;358.00;362.00;;;;;;;;;;;;;;;;;;;;;;;;;;;;;;;;;;;;;;;;;;;;;;;;;;;;;;;;;;;;50.00;;;;;;;;;;;;;;;;;;;;;;;;;;;;;;;;;;;;;;36.00;53.00;;12.00;14.00;;;42.00;47.00;43.00;;;;;;;;;;;;;;;;;;;;;;;;;;;;;;;;;;;;51.00;52.00;52.00;;;;;37.00;;;;;;;;;;;;;;;;;;437.200;;;;;;;;;;;;;;;;;;;;;;;;;;;;;;;;;;;;;;;;;;;;;;;;;;;;;;;;;;;;;;;;;;;;;;;;;;;;;;;;;;;;;;;;;;;;;;;;;;;;;;;;;;;;;;;;;;;;;;;;;;;;;;;;;;;;;;;;;;;;;;;;;;;;;;;;;;;;;;;;;;;;;;;;;;;;;;;;;;;;;;;;;;;;;;;;;;;;;;;;;;;;;;;;;;;;;;;;;;;;;;;;;;;;;;;;;;;;;;;;;;;;;;;;;;;;;;;;;;;;;;;;;;;;;;;;;;;;;;;;;;;;;;;;;;;;;;;;;;;;;;;;;;;;;;;;;;;;;;;;;;;;;;;;;;;;;;;;;;;;;;;;;;;;;;;;;;;;;;;;;;;;;;;;;;;;;;;;;;;;;;;;;;;;;;;;;;;;;;;;;;;;;;;;;;;;;;;;;;;;;;;;;;;;;;;;;;;;;;;;;;;;;;;;;;;;;;;;;;0;6.30;9.00;4.00;12.50;13.70;11.40;437;878;140;87;87;1408.80;;;20512781;4.00;;;;32.00;28.00;16.00
1444641000000;2015-10-12T10:10:00.000+0100;;57.00;;;;;;;1.00;-41.60;407.20;407.30;407.30;319.00;314.00;318.00;;;;;;;;;;;;;;;;;;;;;;;;;;;;;;;;;;;;;;;;;;;;;;;;;;;;;;;;;;;;50.00;;;;;;;;;;;;;;;;;;;;;;;;;;;;;;;;;;;;;;36.00;53.00;;13.00;14.00;;;41.00;46.00;42.00;;;;;;;;;;;;;;;;;;;;;;;;;;;;;;;;;;;;50.00;51.00;51.00;;;;;37.00;;;;;;;;;;;;;;;;;;383.700;;;;;;;;;;;;;;;;;;;;;;;;;;;;;;;;;;;;;;;;;;;;;;;;;;;;;;;;;;;;;;;;;;;;;;;;;;;;;;;;;;;;;;;;;;;;;;;;;;;;;;;;;;;;;;;;;;;;;;;;;;;;;;;;;;;;;;;;;;;;;;;;;;;;;;;;;;;;;;;;;;;;;;;;;;;;;;;;;;;;;;;;;;;;;;;;;;;;;;;;;;;;;;;;;;;;;;;;;;;;;;;;;;;;;;;;;;;;;;;;;;;;;;;;;;;;;;;;;;;;;;;;;;;;;;;;;;;;;;;;;;;;;;;;;;;;;;;;;;;;;;;;;;;;;;;;;;;;;;;;;;;;;;;;;;;;;;;;;;;;;;;;;;;;;;;;;;;;;;;;;;;;;;;;;;;;;;;;;;;;;;;;;;;;;;;;;;;;;;;;;;;;;;;;;;;;;;;;;;;;;;;;;;;;;;;;;;;;;;;;;;;;;;;;;;;;;;;;;;0;6.20;8.60;3.30;12.20;13.10;11.40;384;916;88;85;83;1375.30;;;20512845;4.00;;;;32.00;28.00;16.00
1444641600000;2015-10-12T10:20:00.000+0100;;56.00;;;;;;;1.00;-37.10;407.70;407.90;407.80;239.00;234.00;238.00;;;;;;;;;;;;;;;;;;;;;;;;;;;;;;;;;;;;;;;;;;;;;;;;;;;;;;;;;;;;50.00;;;;;;;;;;;;;;;;;;;;;;;;;;;;;;;;;;;;;;36.00;52.00;;13.00;14.00;;;40.00;45.00;41.00;;;;;;;;;;;;;;;;;;;;;;;;;;;;;;;;;;;;50.00;51.00;51.00;;;;;37.00;;;;;;;;;;;;;;;;;;286.500;;;;;;;;;;;;;;;;;;;;;;;;;;;;;;;;;;;;;;;;;;;;;;;;;;;;;;;;;;;;;;;;;;;;;;;;;;;;;;;;;;;;;;;;;;;;;;;;;;;;;;;;;;;;;;;;;;;;;;;;;;;;;;;;;;;;;;;;;;;;;;;;;;;;;;;;;;;;;;;;;;;;;;;;;;;;;;;;;;;;;;;;;;;;;;;;;;;;;;;;;;;;;;;;;;;;;;;;;;;;;;;;;;;;;;;;;;;;;;;;;;;;;;;;;;;;;;;;;;;;;;;;;;;;;;;;;;;;;;;;;;;;;;;;;;;;;;;;;;;;;;;;;;;;;;;;;;;;;;;;;;;;;;;;;;;;;;;;;;;;;;;;;;;;;;;;;;;;;;;;;;;;;;;;;;;;;;;;;;;;;;;;;;;;;;;;;;;;;;;;;;;;;;;;;;;;;;;;;;;;;;;;;;;;;;;;;;;;;;;;;;;;;;;;;;;;;;;;;;0;5.70;8.20;3.40;11.80;13.00;11.10;286;667;88;85;84;1333.10;;;20512893;5.00;;;;31.00;27.00;16.00
1444642200000;2015-10-12T10:30:00.000+0100;;56.00;;;;;;;1.00;-34.00;407.00;407.20;407.10;215.00;209.00;214.00;;;;;;;;;;;;;;;;;;;;;;;;;;;;;;;;;;;;;;;;;;;;;;;;;;;;;;;;;;;;50.00;;;;;;;;;;;;;;;;;;;;;;;;;;;;;;;;;;;;;;36.00;52.00;;13.00;15.00;;;39.00;44.00;40.00;;;;;;;;;;;;;;;;;;;;;;;;;;;;;;;;;;;;49.00;50.00;50.00;;;;;37.00;;;;;;;;;;;;;;;;;;255.600;;;;;;;;;;;;;;;;;;;;;;;;;;;;;;;;;;;;;;;;;;;;;;;;;;;;;;;;;;;;;;;;;;;;;;;;;;;;;;;;;;;;;;;;;;;;;;;;;;;;;;;;;;;;;;;;;;;;;;;;;;;;;;;;;;;;;;;;;;;;;;;;;;;;;;;;;;;;;;;;;;;;;;;;;;;;;;;;;;;;;;;;;;;;;;;;;;;;;;;;;;;;;;;;;;;;;;;;;;;;;;;;;;;;;;;;;;;;;;;;;;;;;;;;;;;;;;;;;;;;;;;;;;;;;;;;;;;;;;;;;;;;;;;;;;;;;;;;;;;;;;;;;;;;;;;;;;;;;;;;;;;;;;;;;;;;;;;;;;;;;;;;;;;;;;;;;;;;;;;;;;;;;;;;;;;;;;;;;;;;;;;;;;;;;;;;;;;;;;;;;;;;;;;;;;;;;;;;;;;;;;;;;;;;;;;;;;;;;;;;;;;;;;;;;;;;;;;;;;0;5.60;7.80;2.70;11.60;12.90;11.00;256;423;98;87;86;1313.50;;;20512935;5.00;;;;31.00;27.00;16.00
1444642800000;2015-10-12T10:40:00.000+0100;;56.00;;;;;;;1.00;-26.50;407.30;407.50;407.30;202.00;198.00;202.00;;;;;;;;;;;;;;;;;;;;;;;;;;;;;;;;;;;;;;;;;;;;;;;;;;;;;;;;;;;;50.00;;;;;;;;;;;;;;;;;;;;;;;;;;;;;;;;;;;;;;36.00;52.00;;14.00;20.00;;;39.00;43.00;40.00;;;;;;;;;;;;;;;;;;;;;;;;;;;;;;;;;;;;49.00;50.00;50.00;;;;;37.00;;;;;;;;;;;;;;;;;;240.200;;;;;;;;;;;;;;;;;;;;;;;;;;;;;;;;;;;;;;;;;;;;;;;;;;;;;;;;;;;;;;;;;;;;;;;;;;;;;;;;;;;;;;;;;;;;;;;;;;;;;;;;;;;;;;;;;;;;;;;;;;;;;;;;;;;;;;;;;;;;;;;;;;;;;;;;;;;;;;;;;;;;;;;;;;;;;;;;;;;;;;;;;;;;;;;;;;;;;;;;;;;;;;;;;;;;;;;;;;;;;;;;;;;;;;;;;;;;;;;;;;;;;;;;;;;;;;;;;;;;;;;;;;;;;;;;;;;;;;;;;;;;;;;;;;;;;;;;;;;;;;;;;;;;;;;;;;;;;;;;;;;;;;;;;;;;;;;;;;;;;;;;;;;;;;;;;;;;;;;;;;;;;;;;;;;;;;;;;;;;;;;;;;;;;;;;;;;;;;;;;;;;;;;;;;;;;;;;;;;;;;;;;;;;;;;;;;;;;;;;;;;;;;;;;;;;;;;;;;0;5.40;8.20;2.10;11.60;12.70;11.00;240;551;-23;89;89;1313.50;;;20512975;5.00;;;;31.00;27.00;20.00
1444643400000;2015-10-12T10:50:00.000+0100;;55.00;;;;;;;1.00;-27.20;406.60;406.80;406.70;194.00;190.00;193.00;;;;;;;;;;;;;;;;;;;;;;;;;;;;;;;;;;;;;;;;;;;;;;;;;;;;;;;;;;;;50.00;;;;;;;;;;;;;;;;;;;;;;;;;;;;;;;;;;;;;;36.00;51.00;;14.00;22.00;;;39.00;43.00;40.00;;;;;;;;;;;;;;;;;;;;;;;;;;;;;;;;;;;;50.00;51.00;50.00;;;;;37.00;;;;;;;;;;;;;;;;;;228.100;;;;;;;;;;;;;;;;;;;;;;;;;;;;;;;;;;;;;;;;;;;;;;;;;;;;;;;;;;;;;;;;;;;;;;;;;;;;;;;;;;;;;;;;;;;;;;;;;;;;;;;;;;;;;;;;;;;;;;;;;;;;;;;;;;;;;;;;;;;;;;;;;;;;;;;;;;;;;;;;;;;;;;;;;;;;;;;;;;;;;;;;;;;;;;;;;;;;;;;;;;;;;;;;;;;;;;;;;;;;;;;;;;;;;;;;;;;;;;;;;;;;;;;;;;;;;;;;;;;;;;;;;;;;;;;;;;;;;;;;;;;;;;;;;;;;;;;;;;;;;;;;;;;;;;;;;;;;;;;;;;;;;;;;;;;;;;;;;;;;;;;;;;;;;;;;;;;;;;;;;;;;;;;;;;;;;;;;;;;;;;;;;;;;;;;;;;;;;;;;;;;;;;;;;;;;;;;;;;;;;;;;;;;;;;;;;;;;;;;;;;;;;;;;;;;;;;;;;;0;5.20;8.80;1.80;11.70;12.90;11.00;228;606;-16;87;87;1323.70;;;20513011;6.00;;;;32.00;28.00;21.00
1444644000000;2015-10-12T11:00:00.000+0100;;56.00;;;;;;;1.00;-53.30;406.60;406.50;406.60;498.00;492.00;497.00;;;;;;;;;;;;;;;;;;;;;;;;;;;;;;;;;;;;;;;;;;;;;;;;;;;;;;;;;;;;50.00;;;;;;;;;;;;;;;;;;;;;;;;;;;;;;;;;;;;;;36.00;52.00;;14.00;23.00;;;40.00;44.00;40.00;;;;;;;;;;;;;;;;;;;;;;;;;;;;;;;;;;;;51.00;51.00;51.00;;;;;37.00;;;;;;;;;;;;;;;;;;600.600;;;;;;;;;;;;;;;;;;;;;;;;;;;;;;;;;;;;;;;;;;;;;;;;;;;;;;;;;;;;;;;;;;;;;;;;;;;;;;;;;;;;;;;;;;;;;;;;;;;;;;;;;;;;;;;;;;;;;;;;;;;;;;;;;;;;;;;;;;;;;;;;;;;;;;;;;;;;;;;;;;;;;;;;;;;;;;;;;;;;;;;;;;;;;;;;;;;;;;;;;;;;;;;;;;;;;;;;;;;;;;;;;;;;;;;;;;;;;;;;;;;;;;;;;;;;;;;;;;;;;;;;;;;;;;;;;;;;;;;;;;;;;;;;;;;;;;;;;;;;;;;;;;;;;;;;;;;;;;;;;;;;;;;;;;;;;;;;;;;;;;;;;;;;;;;;;;;;;;;;;;;;;;;;;;;;;;;;;;;;;;;;;;;;;;;;;;;;;;;;;;;;;;;;;;;;;;;;;;;;;;;;;;;;;;;;;;;;;;;;;;;;;;;;;;;;;;;;;;0;6.80;10.40;3.10;12.90;14.60;11.30;601;1240;139;94;97;1455.10;;;20513113;6.00;;;;34.00;30.00;21.00
1444644600000;2015-10-12T11:10:00.000+0100;;57.00;;;;;;;1.00;12.50;410.30;410.30;410.40;410.00;405.00;409.00;;;;;;;;;;;;;;;;;;;;;;;;;;;;;;;;;;;;;;;;;;;;;;;;;;;;;;;;;;;;50.00;;;;;;;;;;;;;;;;;;;;;;;;;;;;;;;;;;;;;;36.00;52.00;;14.00;23.00;;;40.00;44.00;41.00;;;;;;;;;;;;;;;;;;;;;;;;;;;;;;;;;;;;51.00;52.00;52.00;;;;;38.00;;;;;;;;;;;;;;;;;;502.000;;;;;;;;;;;;;;;;;;;;;;;;;;;;;;;;;;;;;;;;;;;;;;;;;;;;;;;;;;;;;;;;;;;;;;;;;;;;;;;;;;;;;;;;;;;;;;;;;;;;;;;;;;;;;;;;;;;;;;;;;;;;;;;;;;;;;;;;;;;;;;;;;;;;;;;;;;;;;;;;;;;;;;;;;;;;;;;;;;;;;;;;;;;;;;;;;;;;;;;;;;;;;;;;;;;;;;;;;;;;;;;;;;;;;;;;;;;;;;;;;;;;;;;;;;;;;;;;;;;;;;;;;;;;;;;;;;;;;;;;;;;;;;;;;;;;;;;;;;;;;;;;;;;;;;;;;;;;;;;;;;;;;;;;;;;;;;;;;;;;;;;;;;;;;;;;;;;;;;;;;;;;;;;;;;;;;;;;;;;;;;;;;;;;;;;;;;;;;;;;;;;;;;;;;;;;;;;;;;;;;;;;;;;;;;;;;;;;;;;;;;;;;;;;;;;;;;;;;;0;6.60;10.20;3.00;12.60;14.60;11.20;502;1204;147;101;98;1422.10;;;20513195;6.00;;;;35.00;32.00;21.00
1444645200000;2015-10-12T11:20:00.000+0100;;58.00;;;;;;;1.00;10.00;411.80;411.40;411.60;822.00;817.00;823.00;;;;;;;;;;;;;;;;;;;;;;;;;;;;;;;;;;;;;;;;;;;;;;;;;;;;;;;;;;;;50.00;;;;;;;;;;;;;;;;;;;;;;;;;;;;;;;;;;;;;;36.00;53.00;;14.00;24.00;;;42.00;46.00;42.00;;;;;;;;;;;;;;;;;;;;;;;;;;;;;;;;;;;;54.00;55.00;55.00;;;;;39.00;;;;;;;;;;;;;;;;;;1012.800;;;;;;;;;;;;;;;;;;;;;;;;;;;;;;;;;;;;;;;;;;;;;;;;;;;;;;;;;;;;;;;;;;;;;;;;;;;;;;;;;;;;;;;;;;;;;;;;;;;;;;;;;;;;;;;;;;;;;;;;;;;;;;;;;;;;;;;;;;;;;;;;;;;;;;;;;;;;;;;;;;;;;;;;;;;;;;;;;;;;;;;;;;;;;;;;;;;;;;;;;;;;;;;;;;;;;;;;;;;;;;;;;;;;;;;;;;;;;;;;;;;;;;;;;;;;;;;;;;;;;;;;;;;;;;;;;;;;;;;;;;;;;;;;;;;;;;;;;;;;;;;;;;;;;;;;;;;;;;;;;;;;;;;;;;;;;;;;;;;;;;;;;;;;;;;;;;;;;;;;;;;;;;;;;;;;;;;;;;;;;;;;;;;;;;;;;;;;;;;;;;;;;;;;;;;;;;;;;;;;;;;;;;;;;;;;;;;;;;;;;;;;;;;;;;;;;;;;;;0;8.20;13.00;3.40;13.90;15.00;12.70;1013;1923;242;92;90;1570.60;;;20513367;6.00;;;;37.00;35.00;21.00
1444645800000;2015-10-12T11:30:00.000+0100;;58.00;;;;;;;1.00;-5.90;411.20;411.20;411.20;518.00;511.00;518.00;;;;;;;;;;;;;;;;;;;;;;;;;;;;;;;;;;;;;;;;;;;;;;;;;;;;;;;;;;;;50.00;;;;;;;;;;;;;;;;;;;;;;;;;;;;;;;;;;;;;;36.00;53.00;;14.00;25.00;;;43.00;47.00;44.00;;;;;;;;;;;;;;;;;;;;;;;;;;;;;;;;;;;;55.00;56.00;56.00;;;;;38.00;;;;;;;;;;;;;;;;;;635.900;;;;;;;;;;;;;;;;;;;;;;;;;;;;;;;;;;;;;;;;;;;;;;;;;;;;;;;;;;;;;;;;;;;;;;;;;;;;;;;;;;;;;;;;;;;;;;;;;;;;;;;;;;;;;;;;;;;;;;;;;;;;;;;;;;;;;;;;;;;;;;;;;;;;;;;;;;;;;;;;;;;;;;;;;;;;;;;;;;;;;;;;;;;;;;;;;;;;;;;;;;;;;;;;;;;;;;;;;;;;;;;;;;;;;;;;;;;;;;;;;;;;;;;;;;;;;;;;;;;;;;;;;;;;;;;;;;;;;;;;;;;;;;;;;;;;;;;;;;;;;;;;;;;;;;;;;;;;;;;;;;;;;;;;;;;;;;;;;;;;;;;;;;;;;;;;;;;;;;;;;;;;;;;;;;;;;;;;;;;;;;;;;;;;;;;;;;;;;;;;;;;;;;;;;;;;;;;;;;;;;;;;;;;;;;;;;;;;;;;;;;;;;;;;;;;;;;;;;;0;6.90;10.10;4.00;13.10;14.50;11.30;636;1186;165;88;88;1474.30;;;20513471;6.00;;;;40.00;36.00;22.00
1444646400000;2015-10-12T11:40:00.000+0100;;59.00;;;;;;;1.00;-11.50;411.10;411.00;411.10;576.00;569.00;577.00;;;;;;;;;;;;;;;;;;;;;;;;;;;;;;;;;;;;;;;;;;;;;;;;;;;;;;;;;;;;50.00;;;;;;;;;;;;;;;;;;;;;;;;;;;;;;;;;;;;;;36.00;54.00;;14.00;26.00;;;44.00;48.00;44.00;;;;;;;;;;;;;;;;;;;;;;;;;;;;;;;;;;;;56.00;57.00;57.00;;;;;37.00;;;;;;;;;;;;;;;;;;707.300;;;;;;;;;;;;;;;;;;;;;;;;;;;;;;;;;;;;;;;;;;;;;;;;;;;;;;;;;;;;;;;;;;;;;;;;;;;;;;;;;;;;;;;;;;;;;;;;;;;;;;;;;;;;;;;;;;;;;;;;;;;;;;;;;;;;;;;;;;;;;;;;;;;;;;;;;;;;;;;;;;;;;;;;;;;;;;;;;;;;;;;;;;;;;;;;;;;;;;;;;;;;;;;;;;;;;;;;;;;;;;;;;;;;;;;;;;;;;;;;;;;;;;;;;;;;;;;;;;;;;;;;;;;;;;;;;;;;;;;;;;;;;;;;;;;;;;;;;;;;;;;;;;;;;;;;;;;;;;;;;;;;;;;;;;;;;;;;;;;;;;;;;;;;;;;;;;;;;;;;;;;;;;;;;;;;;;;;;;;;;;;;;;;;;;;;;;;;;;;;;;;;;;;;;;;;;;;;;;;;;;;;;;;;;;;;;;;;;;;;;;;;;;;;;;;;;;;;;;0;7.20;9.90;4.00;13.40;14.70;12.60;707;1136;232;94;93;1517.40;;;20513589;6.00;;;;42.00;37.00;22.00
1444647000000;2015-10-12T11:50:00.000+0100;;59.00;;;;;;;1.00;0.00;411.30;411.20;411.20;579.00;571.00;579.00;;;;;;;;;;;;;;;;;;;;;;;;;;;;;;;;;;;;;;;;;;;;;;;;;;;;;;;;;;;;50.00;;;;;;;;;;;;;;;;;;;;;;;;;;;;;;;;;;;;;;37.00;54.00;;14.00;26.00;;;44.00;48.00;45.00;;;;;;;;;;;;;;;;;;;;;;;;;;;;;;;;;;;;57.00;57.00;58.00;;;;;38.00;;;;;;;;;;;;;;;;;;711.200;;;;;;;;;;;;;;;;;;;;;;;;;;;;;;;;;;;;;;;;;;;;;;;;;;;;;;;;;;;;;;;;;;;;;;;;;;;;;;;;;;;;;;;;;;;;;;;;;;;;;;;;;;;;;;;;;;;;;;;;;;;;;;;;;;;;;;;;;;;;;;;;;;;;;;;;;;;;;;;;;;;;;;;;;;;;;;;;;;;;;;;;;;;;;;;;;;;;;;;;;;;;;;;;;;;;;;;;;;;;;;;;;;;;;;;;;;;;;;;;;;;;;;;;;;;;;;;;;;;;;;;;;;;;;;;;;;;;;;;;;;;;;;;;;;;;;;;;;;;;;;;;;;;;;;;;;;;;;;;;;;;;;;;;;;;;;;;;;;;;;;;;;;;;;;;;;;;;;;;;;;;;;;;;;;;;;;;;;;;;;;;;;;;;;;;;;;;;;;;;;;;;;;;;;;;;;;;;;;;;;;;;;;;;;;;;;;;;;;;;;;;;;;;;;;;;;;;;;;0;7.30;9.90;3.90;13.50;14.60;12.10;711;1109;193;93;93;1523.60;;;20513709;6.00;;;;45.00;37.00;22.00
1444647600000;2015-10-12T12:00:00.000+0100;;59.00;;;;;;;1.00;-0.10;411.70;411.60;411.70;549.00;541.00;549.00;;;;;;;;;;;;;;;;;;;;;;;;;;;;;;;;;;;;;;;;;;;;;;;;;;;;;;;;;;;;50.00;;;;;;;;;;;;;;;;;;;;;;;;;;;;;;;;;;;;;;37.00;54.00;;15.00;26.00;;;45.00;49.00;45.00;;;;;;;;;;;;;;;;;;;;;;;;;;;;;;;;;;;;58.00;58.00;59.00;;;;;38.00;;;;;;;;;;;;;;;;;;673.600;;;;;;;;;;;;;;;;;;;;;;;;;;;;;;;;;;;;;;;;;;;;;;;;;;;;;;;;;;;;;;;;;;;;;;;;;;;;;;;;;;;;;;;;;;;;;;;;;;;;;;;;;;;;;;;;;;;;;;;;;;;;;;;;;;;;;;;;;;;;;;;;;;;;;;;;;;;;;;;;;;;;;;;;;;;;;;;;;;;;;;;;;;;;;;;;;;;;;;;;;;;;;;;;;;;;;;;;;;;;;;;;;;;;;;;;;;;;;;;;;;;;;;;;;;;;;;;;;;;;;;;;;;;;;;;;;;;;;;;;;;;;;;;;;;;;;;;;;;;;;;;;;;;;;;;;;;;;;;;;;;;;;;;;;;;;;;;;;;;;;;;;;;;;;;;;;;;;;;;;;;;;;;;;;;;;;;;;;;;;;;;;;;;;;;;;;;;;;;;;;;;;;;;;;;;;;;;;;;;;;;;;;;;;;;;;;;;;;;;;;;;;;;;;;;;;;;;;;;0;7.00;11.30;2.90;13.20;14.80;10.90;674;1430;-21;92;92;1490.90;;;20513821;7.00;;;;46.00;38.00;23.00
1444648200000;2015-10-12T12:10:00.000+0100;;59.00;;;;;;;1.00;-0.10;409.70;409.80;409.80;475.00;466.00;474.00;;;;;;;;;;;;;;;;;;;;;;;;;;;;;;;;;;;;;;;;;;;;;;;;;;;;;;;;;;;;50.00;;;;;;;;;;;;;;;;;;;;;;;;;;;;;;;;;;;;;;37.00;54.00;;15.00;28.00;;;45.00;49.00;46.00;;;;;;;;;;;;;;;;;;;;;;;;;;;;;;;;;;;;58.00;59.00;59.00;;;;;38.00;;;;;;;;;;;;;;;;;;579.200;;;;;;;;;;;;;;;;;;;;;;;;;;;;;;;;;;;;;;;;;;;;;;;;;;;;;;;;;;;;;;;;;;;;;;;;;;;;;;;;;;;;;;;;;;;;;;;;;;;;;;;;;;;;;;;;;;;;;;;;;;;;;;;;;;;;;;;;;;;;;;;;;;;;;;;;;;;;;;;;;;;;;;;;;;;;;;;;;;;;;;;;;;;;;;;;;;;;;;;;;;;;;;;;;;;;;;;;;;;;;;;;;;;;;;;;;;;;;;;;;;;;;;;;;;;;;;;;;;;;;;;;;;;;;;;;;;;;;;;;;;;;;;;;;;;;;;;;;;;;;;;;;;;;;;;;;;;;;;;;;;;;;;;;;;;;;;;;;;;;;;;;;;;;;;;;;;;;;;;;;;;;;;;;;;;;;;;;;;;;;;;;;;;;;;;;;;;;;;;;;;;;;;;;;;;;;;;;;;;;;;;;;;;;;;;;;;;;;;;;;;;;;;;;;;;;;;;;;;0;6.80;10.20;2.80;12.90;14.80;10.90;578;1262;-70;95;95;1457.60;;;20513915;7.00;;;;47.00;38.00;22.00
1444648800000;2015-10-12T12:20:00.000+0100;;59.00;;;;;;;1.00;-0.10;409.60;409.90;409.80;348.00;339.00;347.00;;;;;;;;;;;;;;;;;;;;;;;;;;;;;;;;;;;;;;;;;;;;;;;;;;;;;;;;;;;;50.00;;;;;;;;;;;;;;;;;;;;;;;;;;;;;;;;;;;;;;37.00;54.00;;15.00;29.00;;;46.00;49.00;46.00;;;;;;;;;;;;;;;;;;;;;;;;;;;;;;;;;;;;59.00;60.00;60.00;;;;;38.00;;;;;;;;;;;;;;;;;;422.900;;;;;;;;;;;;;;;;;;;;;;;;;;;;;;;;;;;;;;;;;;;;;;;;;;;;;;;;;;;;;;;;;;;;;;;;;;;;;;;;;;;;;;;;;;;;;;;;;;;;;;;;;;;;;;;;;;;;;;;;;;;;;;;;;;;;;;;;;;;;;;;;;;;;;;;;;;;;;;;;;;;;;;;;;;;;;;;;;;;;;;;;;;;;;;;;;;;;;;;;;;;;;;;;;;;;;;;;;;;;;;;;;;;;;;;;;;;;;;;;;;;;;;;;;;;;;;;;;;;;;;;;;;;;;;;;;;;;;;;;;;;;;;;;;;;;;;;;;;;;;;;;;;;;;;;;;;;;;;;;;;;;;;;;;;;;;;;;;;;;;;;;;;;;;;;;;;;;;;;;;;;;;;;;;;;;;;;;;;;;;;;;;;;;;;;;;;;;;;;;;;;;;;;;;;;;;;;;;;;;;;;;;;;;;;;;;;;;;;;;;;;;;;;;;;;;;;;;;;0;6.20;9.60;3.70;12.30;14.50;11.20;423;1064;58;98;103;1388.40;;;20513985;7.00;;;;48.00;38.00;22.00
1444649400000;2015-10-12T12:30:00.000+0100;;58.00;;;;;;;1.00;-30.80;409.00;409.20;409.20;401.00;392.00;400.00;;;;;;;;;;;;;;;;;;;;;;;;;;;;;;;;;;;;;;;;;;;;;;;;;;;;;;;;;;;;50.00;;;;;;;;;;;;;;;;;;;;;;;;;;;;;;;;;;;;;;37.00;54.00;;15.00;29.00;;;46.00;49.00;46.00;;;;;;;;;;;;;;;;;;;;;;;;;;;;;;;;;;;;59.00;60.00;60.00;;;;;37.00;;;;;;;;;;;;;;;;;;486.200;;;;;;;;;;;;;;;;;;;;;;;;;;;;;;;;;;;;;;;;;;;;;;;;;;;;;;;;;;;;;;;;;;;;;;;;;;;;;;;;;;;;;;;;;;;;;;;;;;;;;;;;;;;;;;;;;;;;;;;;;;;;;;;;;;;;;;;;;;;;;;;;;;;;;;;;;;;;;;;;;;;;;;;;;;;;;;;;;;;;;;;;;;;;;;;;;;;;;;;;;;;;;;;;;;;;;;;;;;;;;;;;;;;;;;;;;;;;;;;;;;;;;;;;;;;;;;;;;;;;;;;;;;;;;;;;;;;;;;;;;;;;;;;;;;;;;;;;;;;;;;;;;;;;;;;;;;;;;;;;;;;;;;;;;;;;;;;;;;;;;;;;;;;;;;;;;;;;;;;;;;;;;;;;;;;;;;;;;;;;;;;;;;;;;;;;;;;;;;;;;;;;;;;;;;;;;;;;;;;;;;;;;;;;;;;;;;;;;;;;;;;;;;;;;;;;;;;;;;0;6.40;10.40;2.60;12.70;14.50;11.00;487;1317;80;98;94;1429.40;;;20514067;7.00;;;;48.00;38.00;22.00
1444650000000;2015-10-12T12:40:00.000+0100;;58.00;;;;;;;1.00;-24.50;408.60;408.90;408.90;428.00;418.00;426.00;;;;;;;;;;;;;;;;;;;;;;;;;;;;;;;;;;;;;;;;;;;;;;;;;;;;;;;;;;;;50.00;;;;;;;;;;;;;;;;;;;;;;;;;;;;;;;;;;;;;;37.00;53.00;;15.00;29.00;;;46.00;49.00;46.00;;;;;;;;;;;;;;;;;;;;;;;;;;;;;;;;;;;;59.00;60.00;60.00;;;;;37.00;;;;;;;;;;;;;;;;;;518.800;;;;;;;;;;;;;;;;;;;;;;;;;;;;;;;;;;;;;;;;;;;;;;;;;;;;;;;;;;;;;;;;;;;;;;;;;;;;;;;;;;;;;;;;;;;;;;;;;;;;;;;;;;;;;;;;;;;;;;;;;;;;;;;;;;;;;;;;;;;;;;;;;;;;;;;;;;;;;;;;;;;;;;;;;;;;;;;;;;;;;;;;;;;;;;;;;;;;;;;;;;;;;;;;;;;;;;;;;;;;;;;;;;;;;;;;;;;;;;;;;;;;;;;;;;;;;;;;;;;;;;;;;;;;;;;;;;;;;;;;;;;;;;;;;;;;;;;;;;;;;;;;;;;;;;;;;;;;;;;;;;;;;;;;;;;;;;;;;;;;;;;;;;;;;;;;;;;;;;;;;;;;;;;;;;;;;;;;;;;;;;;;;;;;;;;;;;;;;;;;;;;;;;;;;;;;;;;;;;;;;;;;;;;;;;;;;;;;;;;;;;;;;;;;;;;;;;;;;;0;6.50;9.40;2.60;12.80;14.00;10.90;519;1025;51;93;97;1444.70;;;20514153;7.00;;;;49.00;39.00;22.00
1444650600000;2015-10-12T12:50:00.000+0100;;58.00;;;;;;;1.00;-50.50;407.80;408.20;408.10;367.00;357.00;366.00;;;;;;;;;;;;;;;;;;;;;;;;;;;;;;;;;;;;;;;;;;;;;;;;;;;;;;;;;;;;50.00;;;;;;;;;;;;;;;;;;;;;;;;;;;;;;;;;;;;;;37.00;53.00;;15.00;30.00;;;46.00;50.00;46.00;;;;;;;;;;;;;;;;;;;;;;;;;;;;;;;;;;;;60.00;60.00;60.00;;;;;37.00;;;;;;;;;;;;;;;;;;441.200;;;;;;;;;;;;;;;;;;;;;;;;;;;;;;;;;;;;;;;;;;;;;;;;;;;;;;;;;;;;;;;;;;;;;;;;;;;;;;;;;;;;;;;;;;;;;;;;;;;;;;;;;;;;;;;;;;;;;;;;;;;;;;;;;;;;;;;;;;;;;;;;;;;;;;;;;;;;;;;;;;;;;;;;;;;;;;;;;;;;;;;;;;;;;;;;;;;;;;;;;;;;;;;;;;;;;;;;;;;;;;;;;;;;;;;;;;;;;;;;;;;;;;;;;;;;;;;;;;;;;;;;;;;;;;;;;;;;;;;;;;;;;;;;;;;;;;;;;;;;;;;;;;;;;;;;;;;;;;;;;;;;;;;;;;;;;;;;;;;;;;;;;;;;;;;;;;;;;;;;;;;;;;;;;;;;;;;;;;;;;;;;;;;;;;;;;;;;;;;;;;;;;;;;;;;;;;;;;;;;;;;;;;;;;;;;;;;;;;;;;;;;;;;;;;;;;;;;;;0;6.30;9.10;3.30;12.40;14.20;11.20;441;1044;102;92;89;1397.20;;;20514229;7.00;;;;49.00;38.00;22.00
1444651200000;2015-10-12T13:00:00.000+0100;;58.00;;;;;;;1.00;-70.50;408.50;408.70;408.70;481.00;472.00;481.00;;;;;;;;;;;;;;;;;;;;;;;;;;;;;;;;;;;;;;;;;;;;;;;;;;;;;;;;;;;;50.00;;;;;;;;;;;;;;;;;;;;;;;;;;;;;;;;;;;;;;36.00;53.00;;14.00;30.00;;;46.00;50.00;46.00;;;;;;;;;;;;;;;;;;;;;;;;;;;;;;;;;;;;60.00;61.00;61.00;;;;;37.00;;;;;;;;;;;;;;;;;;581.500;;;;;;;;;;;;;;;;;;;;;;;;;;;;;;;;;;;;;;;;;;;;;;;;;;;;;;;;;;;;;;;;;;;;;;;;;;;;;;;;;;;;;;;;;;;;;;;;;;;;;;;;;;;;;;;;;;;;;;;;;;;;;;;;;;;;;;;;;;;;;;;;;;;;;;;;;;;;;;;;;;;;;;;;;;;;;;;;;;;;;;;;;;;;;;;;;;;;;;;;;;;;;;;;;;;;;;;;;;;;;;;;;;;;;;;;;;;;;;;;;;;;;;;;;;;;;;;;;;;;;;;;;;;;;;;;;;;;;;;;;;;;;;;;;;;;;;;;;;;;;;;;;;;;;;;;;;;;;;;;;;;;;;;;;;;;;;;;;;;;;;;;;;;;;;;;;;;;;;;;;;;;;;;;;;;;;;;;;;;;;;;;;;;;;;;;;;;;;;;;;;;;;;;;;;;;;;;;;;;;;;;;;;;;;;;;;;;;;;;;;;;;;;;;;;;;;;;;;;0;6.70;10.10;4.10;12.80;14.40;11.10;581;1112;127;88;87;1440.10;;;20514323;7.00;;;;49.00;38.00;22.00
1444651800000;2015-10-12T13:10:00.000+0100;;59.00;;;;;;;1.00;-46.30;409.10;409.30;409.30;420.00;410.00;418.00;;;;;;;;;;;;;;;;;;;;;;;;;;;;;;;;;;;;;;;;;;;;;;;;;;;;;;;;;;;;50.00;;;;;;;;;;;;;;;;;;;;;;;;;;;;;;;;;;;;;;37.00;54.00;;14.00;30.00;;;47.00;50.00;47.00;;;;;;;;;;;;;;;;;;;;;;;;;;;;;;;;;;;;60.00;61.00;61.00;;;;;37.00;;;;;;;;;;;;;;;;;;507.200;;;;;;;;;;;;;;;;;;;;;;;;;;;;;;;;;;;;;;;;;;;;;;;;;;;;;;;;;;;;;;;;;;;;;;;;;;;;;;;;;;;;;;;;;;;;;;;;;;;;;;;;;;;;;;;;;;;;;;;;;;;;;;;;;;;;;;;;;;;;;;;;;;;;;;;;;;;;;;;;;;;;;;;;;;;;;;;;;;;;;;;;;;;;;;;;;;;;;;;;;;;;;;;;;;;;;;;;;;;;;;;;;;;;;;;;;;;;;;;;;;;;;;;;;;;;;;;;;;;;;;;;;;;;;;;;;;;;;;;;;;;;;;;;;;;;;;;;;;;;;;;;;;;;;;;;;;;;;;;;;;;;;;;;;;;;;;;;;;;;;;;;;;;;;;;;;;;;;;;;;;;;;;;;;;;;;;;;;;;;;;;;;;;;;;;;;;;;;;;;;;;;;;;;;;;;;;;;;;;;;;;;;;;;;;;;;;;;;;;;;;;;;;;;;;;;;;;;;;0;6.40;9.90;3.30;12.60;14.70;11.00;508;1189;75;101;103;1424.90;;;20514409;7.00;;;;50.00;39.00;22.00
1444652400000;2015-10-12T13:20:00.000+0100;;57.00;;;;;;;1.00;-43.10;408.30;408.80;408.60;207.00;197.00;206.00;;;;;;;;;;;;;;;;;;;;;;;;;;;;;;;;;;;;;;;;;;;;;;;;;;;;;;;;;;;;50.00;;;;;;;;;;;;;;;;;;;;;;;;;;;;;;;;;;;;;;37.00;53.00;;14.00;30.00;;;47.00;50.00;47.00;;;;;;;;;;;;;;;;;;;;;;;;;;;;;;;;;;;;60.00;61.00;61.00;;;;;37.00;;;;;;;;;;;;;;;;;;242.800;;;;;;;;;;;;;;;;;;;;;;;;;;;;;;;;;;;;;;;;;;;;;;;;;;;;;;;;;;;;;;;;;;;;;;;;;;;;;;;;;;;;;;;;;;;;;;;;;;;;;;;;;;;;;;;;;;;;;;;;;;;;;;;;;;;;;;;;;;;;;;;;;;;;;;;;;;;;;;;;;;;;;;;;;;;;;;;;;;;;;;;;;;;;;;;;;;;;;;;;;;;;;;;;;;;;;;;;;;;;;;;;;;;;;;;;;;;;;;;;;;;;;;;;;;;;;;;;;;;;;;;;;;;;;;;;;;;;;;;;;;;;;;;;;;;;;;;;;;;;;;;;;;;;;;;;;;;;;;;;;;;;;;;;;;;;;;;;;;;;;;;;;;;;;;;;;;;;;;;;;;;;;;;;;;;;;;;;;;;;;;;;;;;;;;;;;;;;;;;;;;;;;;;;;;;;;;;;;;;;;;;;;;;;;;;;;;;;;;;;;;;;;;;;;;;;;;;;;;0;5.50;8.50;2.70;11.60;13.00;11.00;243;726;38;102;96;1309.70;;;20514449;8.00;;;;49.00;38.00;23.00
1444653000000;2015-10-12T13:30:00.000+0100;;57.00;;;;;;;1.00;-54.00;408.20;408.50;408.40;352.00;344.00;352.00;;;;;;;;;;;;;;;;;;;;;;;;;;;;;;;;;;;;;;;;;;;;;;;;;;;;;;;;;;;;50.00;;;;;;;;;;;;;;;;;;;;;;;;;;;;;;;;;;;;;;36.00;53.00;;14.00;30.00;;;46.00;50.00;47.00;;;;;;;;;;;;;;;;;;;;;;;;;;;;;;;;;;;;60.00;61.00;61.00;;;;;37.00;;;;;;;;;;;;;;;;;;424.000;;;;;;;;;;;;;;;;;;;;;;;;;;;;;;;;;;;;;;;;;;;;;;;;;;;;;;;;;;;;;;;;;;;;;;;;;;;;;;;;;;;;;;;;;;;;;;;;;;;;;;;;;;;;;;;;;;;;;;;;;;;;;;;;;;;;;;;;;;;;;;;;;;;;;;;;;;;;;;;;;;;;;;;;;;;;;;;;;;;;;;;;;;;;;;;;;;;;;;;;;;;;;;;;;;;;;;;;;;;;;;;;;;;;;;;;;;;;;;;;;;;;;;;;;;;;;;;;;;;;;;;;;;;;;;;;;;;;;;;;;;;;;;;;;;;;;;;;;;;;;;;;;;;;;;;;;;;;;;;;;;;;;;;;;;;;;;;;;;;;;;;;;;;;;;;;;;;;;;;;;;;;;;;;;;;;;;;;;;;;;;;;;;;;;;;;;;;;;;;;;;;;;;;;;;;;;;;;;;;;;;;;;;;;;;;;;;;;;;;;;;;;;;;;;;;;;;;;;;0;6.20;9.30;2.60;12.20;14.20;11.00;423;1010;24;87;87;1377.40;;;20514519;8.00;;;;48.00;38.00;23.00
1444653600000;2015-10-12T13:40:00.000+0100;;58.00;;;;;;;1.00;-49.80;409.20;409.40;409.40;427.00;418.00;426.00;;;;;;;;;;;;;;;;;;;;;;;;;;;;;;;;;;;;;;;;;;;;;;;;;;;;;;;;;;;;50.00;;;;;;;;;;;;;;;;;;;;;;;;;;;;;;;;;;;;;;37.00;53.00;;14.00;30.00;;;47.00;50.00;47.00;;;;;;;;;;;;;;;;;;;;;;;;;;;;;;;;;;;;61.00;61.00;62.00;;;;;37.00;;;;;;;;;;;;;;;;;;516.600;;;;;;;;;;;;;;;;;;;;;;;;;;;;;;;;;;;;;;;;;;;;;;;;;;;;;;;;;;;;;;;;;;;;;;;;;;;;;;;;;;;;;;;;;;;;;;;;;;;;;;;;;;;;;;;;;;;;;;;;;;;;;;;;;;;;;;;;;;;;;;;;;;;;;;;;;;;;;;;;;;;;;;;;;;;;;;;;;;;;;;;;;;;;;;;;;;;;;;;;;;;;;;;;;;;;;;;;;;;;;;;;;;;;;;;;;;;;;;;;;;;;;;;;;;;;;;;;;;;;;;;;;;;;;;;;;;;;;;;;;;;;;;;;;;;;;;;;;;;;;;;;;;;;;;;;;;;;;;;;;;;;;;;;;;;;;;;;;;;;;;;;;;;;;;;;;;;;;;;;;;;;;;;;;;;;;;;;;;;;;;;;;;;;;;;;;;;;;;;;;;;;;;;;;;;;;;;;;;;;;;;;;;;;;;;;;;;;;;;;;;;;;;;;;;;;;;;;;;0;6.50;9.20;2.50;12.70;14.40;11.10;517;1000;72;81;81;1434.20;;;20514605;8.00;;;;49.00;38.00;22.00
1444654200000;2015-10-12T13:50:00.000+0100;;58.00;;;;;;;1.00;-54.50;409.70;409.70;409.80;514.00;506.00;513.00;;;;;;;;;;;;;;;;;;;;;;;;;;;;;;;;;;;;;;;;;;;;;;;;;;;;;;;;;;;;50.00;;;;;;;;;;;;;;;;;;;;;;;;;;;;;;;;;;;;;;37.00;53.00;;14.00;30.00;;;47.00;50.00;47.00;;;;;;;;;;;;;;;;;;;;;;;;;;;;;;;;;;;;61.00;62.00;62.00;;;;;37.00;;;;;;;;;;;;;;;;;;625.000;;;;;;;;;;;;;;;;;;;;;;;;;;;;;;;;;;;;;;;;;;;;;;;;;;;;;;;;;;;;;;;;;;;;;;;;;;;;;;;;;;;;;;;;;;;;;;;;;;;;;;;;;;;;;;;;;;;;;;;;;;;;;;;;;;;;;;;;;;;;;;;;;;;;;;;;;;;;;;;;;;;;;;;;;;;;;;;;;;;;;;;;;;;;;;;;;;;;;;;;;;;;;;;;;;;;;;;;;;;;;;;;;;;;;;;;;;;;;;;;;;;;;;;;;;;;;;;;;;;;;;;;;;;;;;;;;;;;;;;;;;;;;;;;;;;;;;;;;;;;;;;;;;;;;;;;;;;;;;;;;;;;;;;;;;;;;;;;;;;;;;;;;;;;;;;;;;;;;;;;;;;;;;;;;;;;;;;;;;;;;;;;;;;;;;;;;;;;;;;;;;;;;;;;;;;;;;;;;;;;;;;;;;;;;;;;;;;;;;;;;;;;;;;;;;;;;;;;;;0;7.00;9.70;3.90;13.10;14.50;11.20;625;1004;326;86;89;1476.70;;;20514711;8.00;;;;50.00;39.00;22.00
1444654800000;2015-10-12T14:00:00.000+0100;;57.00;;;;;;;1.00;-25.10;410.40;410.80;410.60;191.00;184.00;189.00;;;;;;;;;;;;;;;;;;;;;;;;;;;;;;;;;;;;;;;;;;;;;;;;;;;;;;;;;;;;50.00;;;;;;;;;;;;;;;;;;;;;;;;;;;;;;;;;;;;;;37.00;53.00;;13.00;30.00;;;47.00;51.00;47.00;;;;;;;;;;;;;;;;;;;;;;;;;;;;;;;;;;;;61.00;62.00;62.00;;;;;37.00;;;;;;;;;;;;;;;;;;225.500;;;;;;;;;;;;;;;;;;;;;;;;;;;;;;;;;;;;;;;;;;;;;;;;;;;;;;;;;;;;;;;;;;;;;;;;;;;;;;;;;;;;;;;;;;;;;;;;;;;;;;;;;;;;;;;;;;;;;;;;;;;;;;;;;;;;;;;;;;;;;;;;;;;;;;;;;;;;;;;;;;;;;;;;;;;;;;;;;;;;;;;;;;;;;;;;;;;;;;;;;;;;;;;;;;;;;;;;;;;;;;;;;;;;;;;;;;;;;;;;;;;;;;;;;;;;;;;;;;;;;;;;;;;;;;;;;;;;;;;;;;;;;;;;;;;;;;;;;;;;;;;;;;;;;;;;;;;;;;;;;;;;;;;;;;;;;;;;;;;;;;;;;;;;;;;;;;;;;;;;;;;;;;;;;;;;;;;;;;;;;;;;;;;;;;;;;;;;;;;;;;;;;;;;;;;;;;;;;;;;;;;;;;;;;;;;;;;;;;;;;;;;;;;;;;;;;;;;;;0;5.30;8.20;1.90;11.60;13.00;10.90;225;732;-16;95;96;1305.80;;;20514747;8.00;;;;50.00;39.00;23.00
1444655400000;2015-10-12T14:10:00.000+0100;;57.00;;;;;;;1.00;-44.20;409.90;410.20;410.10;252.00;245.00;251.00;;;;;;;;;;;;;;;;;;;;;;;;;;;;;;;;;;;;;;;;;;;;;;;;;;;;;;;;;;;;50.00;;;;;;;;;;;;;;;;;;;;;;;;;;;;;;;;;;;;;;37.00;52.00;;13.00;30.00;;;47.00;50.00;47.00;;;;;;;;;;;;;;;;;;;;;;;;;;;;;;;;;;;;61.00;62.00;62.00;;;;;38.00;;;;;;;;;;;;;;;;;;300.800;;;;;;;;;;;;;;;;;;;;;;;;;;;;;;;;;;;;;;;;;;;;;;;;;;;;;;;;;;;;;;;;;;;;;;;;;;;;;;;;;;;;;;;;;;;;;;;;;;;;;;;;;;;;;;;;;;;;;;;;;;;;;;;;;;;;;;;;;;;;;;;;;;;;;;;;;;;;;;;;;;;;;;;;;;;;;;;;;;;;;;;;;;;;;;;;;;;;;;;;;;;;;;;;;;;;;;;;;;;;;;;;;;;;;;;;;;;;;;;;;;;;;;;;;;;;;;;;;;;;;;;;;;;;;;;;;;;;;;;;;;;;;;;;;;;;;;;;;;;;;;;;;;;;;;;;;;;;;;;;;;;;;;;;;;;;;;;;;;;;;;;;;;;;;;;;;;;;;;;;;;;;;;;;;;;;;;;;;;;;;;;;;;;;;;;;;;;;;;;;;;;;;;;;;;;;;;;;;;;;;;;;;;;;;;;;;;;;;;;;;;;;;;;;;;;;;;;;;;0;5.60;8.30;3.20;11.70;13.00;10.90;300;882;-7;96;94;1316.60;;;20514799;8.00;;;;49.00;38.00;23.00
1444656000000;2015-10-12T14:20:00.000+0100;;57.00;;;;;;;1.00;-45.20;410.70;411.00;410.90;307.00;301.00;306.00;;;;;;;;;;;;;;;;;;;;;;;;;;;;;;;;;;;;;;;;;;;;;;;;;;;;;;;;;;;;50.00;;;;;;;;;;;;;;;;;;;;;;;;;;;;;;;;;;;;;;37.00;52.00;;13.00;30.00;;;47.00;50.00;47.00;;;;;;;;;;;;;;;;;;;;;;;;;;;;;;;;;;;;61.00;62.00;62.00;;;;;38.00;;;;;;;;;;;;;;;;;;371.100;;;;;;;;;;;;;;;;;;;;;;;;;;;;;;;;;;;;;;;;;;;;;;;;;;;;;;;;;;;;;;;;;;;;;;;;;;;;;;;;;;;;;;;;;;;;;;;;;;;;;;;;;;;;;;;;;;;;;;;;;;;;;;;;;;;;;;;;;;;;;;;;;;;;;;;;;;;;;;;;;;;;;;;;;;;;;;;;;;;;;;;;;;;;;;;;;;;;;;;;;;;;;;;;;;;;;;;;;;;;;;;;;;;;;;;;;;;;;;;;;;;;;;;;;;;;;;;;;;;;;;;;;;;;;;;;;;;;;;;;;;;;;;;;;;;;;;;;;;;;;;;;;;;;;;;;;;;;;;;;;;;;;;;;;;;;;;;;;;;;;;;;;;;;;;;;;;;;;;;;;;;;;;;;;;;;;;;;;;;;;;;;;;;;;;;;;;;;;;;;;;;;;;;;;;;;;;;;;;;;;;;;;;;;;;;;;;;;;;;;;;;;;;;;;;;;;;;;;;0;6.00;9.10;3.50;12.00;13.00;11.10;372;775;53;99;99;1355.00;;;20514859;8.00;;;;49.00;38.00;23.00
1444656600000;2015-10-12T14:30:00.000+0100;;57.00;;;;;;;1.00;-58.50;411.40;411.50;411.50;405.00;400.00;405.00;;;;;;;;;;;;;;;;;;;;;;;;;;;;;;;;;;;;;;;;;;;;;;;;;;;;;;;;;;;;50.00;;;;;;;;;;;;;;;;;;;;;;;;;;;;;;;;;;;;;;37.00;52.00;;13.00;30.00;;;47.00;50.00;47.00;;;;;;;;;;;;;;;;;;;;;;;;;;;;;;;;;;;;61.00;62.00;62.00;;;;;37.00;;;;;;;;;;;;;;;;;;492.900;;;;;;;;;;;;;;;;;;;;;;;;;;;;;;;;;;;;;;;;;;;;;;;;;;;;;;;;;;;;;;;;;;;;;;;;;;;;;;;;;;;;;;;;;;;;;;;;;;;;;;;;;;;;;;;;;;;;;;;;;;;;;;;;;;;;;;;;;;;;;;;;;;;;;;;;;;;;;;;;;;;;;;;;;;;;;;;;;;;;;;;;;;;;;;;;;;;;;;;;;;;;;;;;;;;;;;;;;;;;;;;;;;;;;;;;;;;;;;;;;;;;;;;;;;;;;;;;;;;;;;;;;;;;;;;;;;;;;;;;;;;;;;;;;;;;;;;;;;;;;;;;;;;;;;;;;;;;;;;;;;;;;;;;;;;;;;;;;;;;;;;;;;;;;;;;;;;;;;;;;;;;;;;;;;;;;;;;;;;;;;;;;;;;;;;;;;;;;;;;;;;;;;;;;;;;;;;;;;;;;;;;;;;;;;;;;;;;;;;;;;;;;;;;;;;;;;;;;;0;6.50;9.40;2.10;12.70;14.00;10.90;493;903;-3;96;91;1434.60;;;20514941;8.00;;;;49.00;38.00;23.00
1444657200000;2015-10-12T14:40:00.000+0100;;58.00;;;;;;;1.00;-53.50;412.30;412.20;412.30;504.00;499.00;504.00;;;;;;;;;;;;;;;;;;;;;;;;;;;;;;;;;;;;;;;;;;;;;;;;;;;;;;;;;;;;50.00;;;;;;;;;;;;;;;;;;;;;;;;;;;;;;;;;;;;;;37.00;53.00;;13.00;31.00;;;47.00;51.00;47.00;;;;;;;;;;;;;;;;;;;;;;;;;;;;;;;;;;;;62.00;62.00;63.00;;;;;37.00;;;;;;;;;;;;;;;;;;618.600;;;;;;;;;;;;;;;;;;;;;;;;;;;;;;;;;;;;;;;;;;;;;;;;;;;;;;;;;;;;;;;;;;;;;;;;;;;;;;;;;;;;;;;;;;;;;;;;;;;;;;;;;;;;;;;;;;;;;;;;;;;;;;;;;;;;;;;;;;;;;;;;;;;;;;;;;;;;;;;;;;;;;;;;;;;;;;;;;;;;;;;;;;;;;;;;;;;;;;;;;;;;;;;;;;;;;;;;;;;;;;;;;;;;;;;;;;;;;;;;;;;;;;;;;;;;;;;;;;;;;;;;;;;;;;;;;;;;;;;;;;;;;;;;;;;;;;;;;;;;;;;;;;;;;;;;;;;;;;;;;;;;;;;;;;;;;;;;;;;;;;;;;;;;;;;;;;;;;;;;;;;;;;;;;;;;;;;;;;;;;;;;;;;;;;;;;;;;;;;;;;;;;;;;;;;;;;;;;;;;;;;;;;;;;;;;;;;;;;;;;;;;;;;;;;;;;;;;;;0;7.00;9.30;5.10;13.00;14.30;11.80;619;882;371;87;84;1468.90;;;20515047;8.00;;;;50.00;39.00;23.00
1444657800000;2015-10-12T14:50:00.000+0100;;58.00;;;;;;;1.00;-45.30;413.00;413.10;413.10;405.00;400.00;406.00;;;;;;;;;;;;;;;;;;;;;;;;;;;;;;;;;;;;;;;;;;;;;;;;;;;;;;;;;;;;50.00;;;;;;;;;;;;;;;;;;;;;;;;;;;;;;;;;;;;;;37.00;53.00;;13.00;31.00;;;47.00;51.00;48.00;;;;;;;;;;;;;;;;;;;;;;;;;;;;;;;;;;;;62.00;63.00;63.00;;;;;37.00;;;;;;;;;;;;;;;;;;498.000;;;;;;;;;;;;;;;;;;;;;;;;;;;;;;;;;;;;;;;;;;;;;;;;;;;;;;;;;;;;;;;;;;;;;;;;;;;;;;;;;;;;;;;;;;;;;;;;;;;;;;;;;;;;;;;;;;;;;;;;;;;;;;;;;;;;;;;;;;;;;;;;;;;;;;;;;;;;;;;;;;;;;;;;;;;;;;;;;;;;;;;;;;;;;;;;;;;;;;;;;;;;;;;;;;;;;;;;;;;;;;;;;;;;;;;;;;;;;;;;;;;;;;;;;;;;;;;;;;;;;;;;;;;;;;;;;;;;;;;;;;;;;;;;;;;;;;;;;;;;;;;;;;;;;;;;;;;;;;;;;;;;;;;;;;;;;;;;;;;;;;;;;;;;;;;;;;;;;;;;;;;;;;;;;;;;;;;;;;;;;;;;;;;;;;;;;;;;;;;;;;;;;;;;;;;;;;;;;;;;;;;;;;;;;;;;;;;;;;;;;;;;;;;;;;;;;;;;;;0;6.60;9.20;4.30;12.70;13.70;11.30;498;794;196;87;90;1428.80;;;20515127;8.00;;;;51.00;39.00;23.00
1444658400000;2015-10-12T15:00:00.000+0100;;58.00;;;;;;;1.00;-42.00;412.20;412.30;412.20;297.00;292.00;297.00;;;;;;;;;;;;;;;;;;;;;;;;;;;;;;;;;;;;;;;;;;;;;;;;;;;;;;;;;;;;50.00;;;;;;;;;;;;;;;;;;;;;;;;;;;;;;;;;;;;;;37.00;53.00;;12.00;31.00;;;47.00;51.00;48.00;;;;;;;;;;;;;;;;;;;;;;;;;;;;;;;;;;;;62.00;63.00;63.00;;;;;37.00;;;;;;;;;;;;;;;;;;361.500;;;;;;;;;;;;;;;;;;;;;;;;;;;;;;;;;;;;;;;;;;;;;;;;;;;;;;;;;;;;;;;;;;;;;;;;;;;;;;;;;;;;;;;;;;;;;;;;;;;;;;;;;;;;;;;;;;;;;;;;;;;;;;;;;;;;;;;;;;;;;;;;;;;;;;;;;;;;;;;;;;;;;;;;;;;;;;;;;;;;;;;;;;;;;;;;;;;;;;;;;;;;;;;;;;;;;;;;;;;;;;;;;;;;;;;;;;;;;;;;;;;;;;;;;;;;;;;;;;;;;;;;;;;;;;;;;;;;;;;;;;;;;;;;;;;;;;;;;;;;;;;;;;;;;;;;;;;;;;;;;;;;;;;;;;;;;;;;;;;;;;;;;;;;;;;;;;;;;;;;;;;;;;;;;;;;;;;;;;;;;;;;;;;;;;;;;;;;;;;;;;;;;;;;;;;;;;;;;;;;;;;;;;;;;;;;;;;;;;;;;;;;;;;;;;;;;;;;;;0;6.10;8.70;2.70;12.20;13.40;11.00;362;707;80;83;82;1374.60;;;20515189;8.00;;;;51.00;38.00;23.00
1444659000000;2015-10-12T15:10:00.000+0100;;58.00;;;;;;;1.00;-92.20;409.20;409.10;409.20;491.00;487.00;492.00;;;;;;;;;;;;;;;;;;;;;;;;;;;;;;;;;;;;;;;;;;;;;;;;;;;;;;;;;;;;50.00;;;;;;;;;;;;;;;;;;;;;;;;;;;;;;;;;;;;;;37.00;53.00;;12.00;30.00;;;47.00;51.00;48.00;;;;;;;;;;;;;;;;;;;;;;;;;;;;;;;;;;;;62.00;63.00;63.00;;;;;37.00;;;;;;;;;;;;;;;;;;593.800;;;;;;;;;;;;;;;;;;;;;;;;;;;;;;;;;;;;;;;;;;;;;;;;;;;;;;;;;;;;;;;;;;;;;;;;;;;;;;;;;;;;;;;;;;;;;;;;;;;;;;;;;;;;;;;;;;;;;;;;;;;;;;;;;;;;;;;;;;;;;;;;;;;;;;;;;;;;;;;;;;;;;;;;;;;;;;;;;;;;;;;;;;;;;;;;;;;;;;;;;;;;;;;;;;;;;;;;;;;;;;;;;;;;;;;;;;;;;;;;;;;;;;;;;;;;;;;;;;;;;;;;;;;;;;;;;;;;;;;;;;;;;;;;;;;;;;;;;;;;;;;;;;;;;;;;;;;;;;;;;;;;;;;;;;;;;;;;;;;;;;;;;;;;;;;;;;;;;;;;;;;;;;;;;;;;;;;;;;;;;;;;;;;;;;;;;;;;;;;;;;;;;;;;;;;;;;;;;;;;;;;;;;;;;;;;;;;;;;;;;;;;;;;;;;;;;;;;;;0;6.80;9.30;4.50;12.80;14.00;11.50;593;903;222;85;86;1447.30;;;20515289;8.00;;;;50.00;38.00;23.00
1444659600000;2015-10-12T15:20:00.000+0100;;58.00;;;;;;;1.00;-49.30;409.80;409.80;409.80;360.00;358.00;361.00;;;;;;;;;;;;;;;;;;;;;;;;;;;;;;;;;;;;;;;;;;;;;;;;;;;;;;;;;;;;50.00;;;;;;;;;;;;;;;;;;;;;;;;;;;;;;;;;;;;;;37.00;53.00;;12.00;31.00;;;48.00;51.00;48.00;;;;;;;;;;;;;;;;;;;;;;;;;;;;;;;;;;;;62.00;63.00;63.00;;;;;37.00;;;;;;;;;;;;;;;;;;438.600;;;;;;;;;;;;;;;;;;;;;;;;;;;;;;;;;;;;;;;;;;;;;;;;;;;;;;;;;;;;;;;;;;;;;;;;;;;;;;;;;;;;;;;;;;;;;;;;;;;;;;;;;;;;;;;;;;;;;;;;;;;;;;;;;;;;;;;;;;;;;;;;;;;;;;;;;;;;;;;;;;;;;;;;;;;;;;;;;;;;;;;;;;;;;;;;;;;;;;;;;;;;;;;;;;;;;;;;;;;;;;;;;;;;;;;;;;;;;;;;;;;;;;;;;;;;;;;;;;;;;;;;;;;;;;;;;;;;;;;;;;;;;;;;;;;;;;;;;;;;;;;;;;;;;;;;;;;;;;;;;;;;;;;;;;;;;;;;;;;;;;;;;;;;;;;;;;;;;;;;;;;;;;;;;;;;;;;;;;;;;;;;;;;;;;;;;;;;;;;;;;;;;;;;;;;;;;;;;;;;;;;;;;;;;;;;;;;;;;;;;;;;;;;;;;;;;;;;;;0;6.20;8.40;3.20;12.50;13.60;11.00;439;755;124;94;97;1406.80;;;20515361;8.00;;;;51.00;38.00;23.00
1444660200000;2015-10-12T15:30:00.000+0100;;57.00;;;;;;;1.00;-45.60;409.60;409.70;409.60;230.00;227.00;230.00;;;;;;;;;;;;;;;;;;;;;;;;;;;;;;;;;;;;;;;;;;;;;;;;;;;;;;;;;;;;50.00;;;;;;;;;;;;;;;;;;;;;;;;;;;;;;;;;;;;;;37.00;53.00;;12.00;31.00;;;48.00;51.00;48.00;;;;;;;;;;;;;;;;;;;;;;;;;;;;;;;;;;;;62.00;63.00;63.00;;;;;37.00;;;;;;;;;;;;;;;;;;275.000;;;;;;;;;;;;;;;;;;;;;;;;;;;;;;;;;;;;;;;;;;;;;;;;;;;;;;;;;;;;;;;;;;;;;;;;;;;;;;;;;;;;;;;;;;;;;;;;;;;;;;;;;;;;;;;;;;;;;;;;;;;;;;;;;;;;;;;;;;;;;;;;;;;;;;;;;;;;;;;;;;;;;;;;;;;;;;;;;;;;;;;;;;;;;;;;;;;;;;;;;;;;;;;;;;;;;;;;;;;;;;;;;;;;;;;;;;;;;;;;;;;;;;;;;;;;;;;;;;;;;;;;;;;;;;;;;;;;;;;;;;;;;;;;;;;;;;;;;;;;;;;;;;;;;;;;;;;;;;;;;;;;;;;;;;;;;;;;;;;;;;;;;;;;;;;;;;;;;;;;;;;;;;;;;;;;;;;;;;;;;;;;;;;;;;;;;;;;;;;;;;;;;;;;;;;;;;;;;;;;;;;;;;;;;;;;;;;;;;;;;;;;;;;;;;;;;;;;;;0;5.60;7.50;2.50;11.70;13.00;10.90;275;540;46;97;93;1318.20;;;20515407;8.00;;;;51.00;38.00;24.00
1444660800000;2015-10-12T15:40:00.000+0100;;57.00;;;;;;;1.00;-49.20;409.40;409.20;409.30;338.00;337.00;339.00;;;;;;;;;;;;;;;;;;;;;;;;;;;;;;;;;;;;;;;;;;;;;;;;;;;;;;;;;;;;50.00;;;;;;;;;;;;;;;;;;;;;;;;;;;;;;;;;;;;;;37.00;53.00;;12.00;31.00;;;47.00;51.00;48.00;;;;;;;;;;;;;;;;;;;;;;;;;;;;;;;;;;;;62.00;63.00;63.00;;;;;37.00;;;;;;;;;;;;;;;;;;410.700;;;;;;;;;;;;;;;;;;;;;;;;;;;;;;;;;;;;;;;;;;;;;;;;;;;;;;;;;;;;;;;;;;;;;;;;;;;;;;;;;;;;;;;;;;;;;;;;;;;;;;;;;;;;;;;;;;;;;;;;;;;;;;;;;;;;;;;;;;;;;;;;;;;;;;;;;;;;;;;;;;;;;;;;;;;;;;;;;;;;;;;;;;;;;;;;;;;;;;;;;;;;;;;;;;;;;;;;;;;;;;;;;;;;;;;;;;;;;;;;;;;;;;;;;;;;;;;;;;;;;;;;;;;;;;;;;;;;;;;;;;;;;;;;;;;;;;;;;;;;;;;;;;;;;;;;;;;;;;;;;;;;;;;;;;;;;;;;;;;;;;;;;;;;;;;;;;;;;;;;;;;;;;;;;;;;;;;;;;;;;;;;;;;;;;;;;;;;;;;;;;;;;;;;;;;;;;;;;;;;;;;;;;;;;;;;;;;;;;;;;;;;;;;;;;;;;;;;;;0;6.10;9.20;3.00;12.40;14.40;11.00;410;908;47;91;90;1395.30;;;20515475;8.00;;;;50.00;38.00;24.00
1444661400000;2015-10-12T15:50:00.000+0100;;57.00;;;;;;;1.00;-58.00;409.00;408.90;409.00;369.00;367.00;369.00;;;;;;;;;;;;;;;;;;;;;;;;;;;;;;;;;;;;;;;;;;;;;;;;;;;;;;;;;;;;50.00;;;;;;;;;;;;;;;;;;;;;;;;;;;;;;;;;;;;;;36.00;52.00;;12.00;31.00;;;47.00;51.00;48.00;;;;;;;;;;;;;;;;;;;;;;;;;;;;;;;;;;;;62.00;63.00;63.00;;;;;37.00;;;;;;;;;;;;;;;;;;447.600;;;;;;;;;;;;;;;;;;;;;;;;;;;;;;;;;;;;;;;;;;;;;;;;;;;;;;;;;;;;;;;;;;;;;;;;;;;;;;;;;;;;;;;;;;;;;;;;;;;;;;;;;;;;;;;;;;;;;;;;;;;;;;;;;;;;;;;;;;;;;;;;;;;;;;;;;;;;;;;;;;;;;;;;;;;;;;;;;;;;;;;;;;;;;;;;;;;;;;;;;;;;;;;;;;;;;;;;;;;;;;;;;;;;;;;;;;;;;;;;;;;;;;;;;;;;;;;;;;;;;;;;;;;;;;;;;;;;;;;;;;;;;;;;;;;;;;;;;;;;;;;;;;;;;;;;;;;;;;;;;;;;;;;;;;;;;;;;;;;;;;;;;;;;;;;;;;;;;;;;;;;;;;;;;;;;;;;;;;;;;;;;;;;;;;;;;;;;;;;;;;;;;;;;;;;;;;;;;;;;;;;;;;;;;;;;;;;;;;;;;;;;;;;;;;;;;;;;;;0;6.50;8.60;3.90;12.40;13.10;11.20;448;712;189;86;80;1396.10;;;20515549;8.00;;;;50.00;38.00;24.00
1444662000000;2015-10-12T16:00:00.000+0100;;58.00;;;;;;;1.00;-48.50;409.90;409.70;409.80;428.00;428.00;429.00;;;;;;;;;;;;;;;;;;;;;;;;;;;;;;;;;;;;;;;;;;;;;;;;;;;;;;;;;;;;50.00;;;;;;;;;;;;;;;;;;;;;;;;;;;;;;;;;;;;;;37.00;53.00;;12.00;31.00;;;48.00;51.00;48.00;;;;;;;;;;;;;;;;;;;;;;;;;;;;;;;;;;;;62.00;63.00;63.00;;;;;37.00;;;;;;;;;;;;;;;;;;523.700;;;;;;;;;;;;;;;;;;;;;;;;;;;;;;;;;;;;;;;;;;;;;;;;;;;;;;;;;;;;;;;;;;;;;;;;;;;;;;;;;;;;;;;;;;;;;;;;;;;;;;;;;;;;;;;;;;;;;;;;;;;;;;;;;;;;;;;;;;;;;;;;;;;;;;;;;;;;;;;;;;;;;;;;;;;;;;;;;;;;;;;;;;;;;;;;;;;;;;;;;;;;;;;;;;;;;;;;;;;;;;;;;;;;;;;;;;;;;;;;;;;;;;;;;;;;;;;;;;;;;;;;;;;;;;;;;;;;;;;;;;;;;;;;;;;;;;;;;;;;;;;;;;;;;;;;;;;;;;;;;;;;;;;;;;;;;;;;;;;;;;;;;;;;;;;;;;;;;;;;;;;;;;;;;;;;;;;;;;;;;;;;;;;;;;;;;;;;;;;;;;;;;;;;;;;;;;;;;;;;;;;;;;;;;;;;;;;;;;;;;;;;;;;;;;;;;;;;;;0;6.70;9.30;4.30;12.80;13.90;11.30;524;806;213;80;79;1447.20;;;20515637;8.00;;;;50.00;38.00;23.00
1444662600000;2015-10-12T16:10:00.000+0100;;58.00;;;;;;;1.00;-45.60;410.00;409.80;409.90;348.00;348.00;348.00;;;;;;;;;;;;;;;;;;;;;;;;;;;;;;;;;;;;;;;;;;;;;;;;;;;;;;;;;;;;50.00;;;;;;;;;;;;;;;;;;;;;;;;;;;;;;;;;;;;;;37.00;53.00;;12.00;31.00;;;48.00;51.00;48.00;;;;;;;;;;;;;;;;;;;;;;;;;;;;;;;;;;;;62.00;63.00;63.00;;;;;37.00;;;;;;;;;;;;;;;;;;425.200;;;;;;;;;;;;;;;;;;;;;;;;;;;;;;;;;;;;;;;;;;;;;;;;;;;;;;;;;;;;;;;;;;;;;;;;;;;;;;;;;;;;;;;;;;;;;;;;;;;;;;;;;;;;;;;;;;;;;;;;;;;;;;;;;;;;;;;;;;;;;;;;;;;;;;;;;;;;;;;;;;;;;;;;;;;;;;;;;;;;;;;;;;;;;;;;;;;;;;;;;;;;;;;;;;;;;;;;;;;;;;;;;;;;;;;;;;;;;;;;;;;;;;;;;;;;;;;;;;;;;;;;;;;;;;;;;;;;;;;;;;;;;;;;;;;;;;;;;;;;;;;;;;;;;;;;;;;;;;;;;;;;;;;;;;;;;;;;;;;;;;;;;;;;;;;;;;;;;;;;;;;;;;;;;;;;;;;;;;;;;;;;;;;;;;;;;;;;;;;;;;;;;;;;;;;;;;;;;;;;;;;;;;;;;;;;;;;;;;;;;;;;;;;;;;;;;;;;;;0;6.30;8.60;2.90;12.40;13.60;11.10;425;713;35;80;78;1396.20;;;20515707;8.00;;;;51.00;37.00;23.00
1444663200000;2015-10-12T16:20:00.000+0100;;58.00;;;;;;;1.00;-65.60;410.10;409.80;410.00;409.00;410.00;410.00;;;;;;;;;;;;;;;;;;;;;;;;;;;;;;;;;;;;;;;;;;;;;;;;;;;;;;;;;;;;50.00;;;;;;;;;;;;;;;;;;;;;;;;;;;;;;;;;;;;;;37.00;53.00;;11.00;31.00;;;48.00;51.00;48.00;;;;;;;;;;;;;;;;;;;;;;;;;;;;;;;;;;;;62.00;63.00;63.00;;;;;37.00;;;;;;;;;;;;;;;;;;499.100;;;;;;;;;;;;;;;;;;;;;;;;;;;;;;;;;;;;;;;;;;;;;;;;;;;;;;;;;;;;;;;;;;;;;;;;;;;;;;;;;;;;;;;;;;;;;;;;;;;;;;;;;;;;;;;;;;;;;;;;;;;;;;;;;;;;;;;;;;;;;;;;;;;;;;;;;;;;;;;;;;;;;;;;;;;;;;;;;;;;;;;;;;;;;;;;;;;;;;;;;;;;;;;;;;;;;;;;;;;;;;;;;;;;;;;;;;;;;;;;;;;;;;;;;;;;;;;;;;;;;;;;;;;;;;;;;;;;;;;;;;;;;;;;;;;;;;;;;;;;;;;;;;;;;;;;;;;;;;;;;;;;;;;;;;;;;;;;;;;;;;;;;;;;;;;;;;;;;;;;;;;;;;;;;;;;;;;;;;;;;;;;;;;;;;;;;;;;;;;;;;;;;;;;;;;;;;;;;;;;;;;;;;;;;;;;;;;;;;;;;;;;;;;;;;;;;;;;;;0;6.70;8.80;4.60;12.70;14.00;11.20;499;703;207;85;83;1429.20;;;20515791;8.00;;;;51.00;37.00;23.00
1444663800000;2015-10-12T16:30:00.000+0100;;58.00;;;;;;;1.00;-51.10;410.60;410.30;410.40;354.00;356.00;355.00;;;;;;;;;;;;;;;;;;;;;;;;;;;;;;;;;;;;;;;;;;;;;;;;;;;;;;;;;;;;50.00;;;;;;;;;;;;;;;;;;;;;;;;;;;;;;;;;;;;;;36.00;53.00;;11.00;31.00;;;48.00;51.00;48.00;;;;;;;;;;;;;;;;;;;;;;;;;;;;;;;;;;;;62.00;63.00;63.00;;;;;37.00;;;;;;;;;;;;;;;;;;433.500;;;;;;;;;;;;;;;;;;;;;;;;;;;;;;;;;;;;;;;;;;;;;;;;;;;;;;;;;;;;;;;;;;;;;;;;;;;;;;;;;;;;;;;;;;;;;;;;;;;;;;;;;;;;;;;;;;;;;;;;;;;;;;;;;;;;;;;;;;;;;;;;;;;;;;;;;;;;;;;;;;;;;;;;;;;;;;;;;;;;;;;;;;;;;;;;;;;;;;;;;;;;;;;;;;;;;;;;;;;;;;;;;;;;;;;;;;;;;;;;;;;;;;;;;;;;;;;;;;;;;;;;;;;;;;;;;;;;;;;;;;;;;;;;;;;;;;;;;;;;;;;;;;;;;;;;;;;;;;;;;;;;;;;;;;;;;;;;;;;;;;;;;;;;;;;;;;;;;;;;;;;;;;;;;;;;;;;;;;;;;;;;;;;;;;;;;;;;;;;;;;;;;;;;;;;;;;;;;;;;;;;;;;;;;;;;;;;;;;;;;;;;;;;;;;;;;;;;;;0;6.50;8.20;4.00;12.50;13.30;11.40;434;675;210;81;81;1413.60;;;20515863;7.00;;;;51.00;38.00;23.00
1444664400000;2015-10-12T16:40:00.000+0100;;58.00;;;;;;;1.00;-56.20;410.40;410.20;410.20;386.00;388.00;387.00;;;;;;;;;;;;;;;;;;;;;;;;;;;;;;;;;;;;;;;;;;;;;;;;;;;;;;;;;;;;50.00;;;;;;;;;;;;;;;;;;;;;;;;;;;;;;;;;;;;;;36.00;53.00;;11.00;30.00;;;48.00;51.00;48.00;;;;;;;;;;;;;;;;;;;;;;;;;;;;;;;;;;;;62.00;63.00;63.00;;;;;37.00;;;;;;;;;;;;;;;;;;472.700;;;;;;;;;;;;;;;;;;;;;;;;;;;;;;;;;;;;;;;;;;;;;;;;;;;;;;;;;;;;;;;;;;;;;;;;;;;;;;;;;;;;;;;;;;;;;;;;;;;;;;;;;;;;;;;;;;;;;;;;;;;;;;;;;;;;;;;;;;;;;;;;;;;;;;;;;;;;;;;;;;;;;;;;;;;;;;;;;;;;;;;;;;;;;;;;;;;;;;;;;;;;;;;;;;;;;;;;;;;;;;;;;;;;;;;;;;;;;;;;;;;;;;;;;;;;;;;;;;;;;;;;;;;;;;;;;;;;;;;;;;;;;;;;;;;;;;;;;;;;;;;;;;;;;;;;;;;;;;;;;;;;;;;;;;;;;;;;;;;;;;;;;;;;;;;;;;;;;;;;;;;;;;;;;;;;;;;;;;;;;;;;;;;;;;;;;;;;;;;;;;;;;;;;;;;;;;;;;;;;;;;;;;;;;;;;;;;;;;;;;;;;;;;;;;;;;;;;;;0;6.60;8.40;4.00;12.50;13.00;11.50;473;669;272;79;80;1406.10;;;20515941;7.00;;;;50.00;38.00;23.00
1444665000000;2015-10-12T16:50:00.000+0100;;58.00;;;;;;;1.00;-67.70;410.00;409.50;409.70;465.00;469.00;467.00;;;;;;;;;;;;;;;;;;;;;;;;;;;;;;;;;;;;;;;;;;;;;;;;;;;;;;;;;;;;50.00;;;;;;;;;;;;;;;;;;;;;;;;;;;;;;;;;;;;;;36.00;53.00;;11.00;30.00;;;48.00;51.00;48.00;;;;;;;;;;;;;;;;;;;;;;;;;;;;;;;;;;;;62.00;63.00;63.00;;;;;37.00;;;;;;;;;;;;;;;;;;569.700;;;;;;;;;;;;;;;;;;;;;;;;;;;;;;;;;;;;;;;;;;;;;;;;;;;;;;;;;;;;;;;;;;;;;;;;;;;;;;;;;;;;;;;;;;;;;;;;;;;;;;;;;;;;;;;;;;;;;;;;;;;;;;;;;;;;;;;;;;;;;;;;;;;;;;;;;;;;;;;;;;;;;;;;;;;;;;;;;;;;;;;;;;;;;;;;;;;;;;;;;;;;;;;;;;;;;;;;;;;;;;;;;;;;;;;;;;;;;;;;;;;;;;;;;;;;;;;;;;;;;;;;;;;;;;;;;;;;;;;;;;;;;;;;;;;;;;;;;;;;;;;;;;;;;;;;;;;;;;;;;;;;;;;;;;;;;;;;;;;;;;;;;;;;;;;;;;;;;;;;;;;;;;;;;;;;;;;;;;;;;;;;;;;;;;;;;;;;;;;;;;;;;;;;;;;;;;;;;;;;;;;;;;;;;;;;;;;;;;;;;;;;;;;;;;;;;;;;;;0;6.90;8.80;5.00;12.90;14.20;12.10;570;881;416;80;85;1454.40;;;20516037;7.00;;;;50.00;37.00;22.00
1444665600000;2015-10-12T17:00:00.000+0100;;58.00;;;;;;;1.00;-65.10;410.00;409.40;409.60;465.00;469.00;467.00;;;;;;;;;;;;;;;;;;;;;;;;;;;;;;;;;;;;;;;;;;;;;;;;;;;;;;;;;;;;50.00;;;;;;;;;;;;;;;;;;;;;;;;;;;;;;;;;;;;;;37.00;53.00;;11.00;30.00;;;48.00;52.00;48.00;;;;;;;;;;;;;;;;;;;;;;;;;;;;;;;;;;;;62.00;63.00;63.00;;;;;37.00;;;;;;;;;;;;;;;;;;570.300;;;;;;;;;;;;;;;;;;;;;;;;;;;;;;;;;;;;;;;;;;;;;;;;;;;;;;;;;;;;;;;;;;;;;;;;;;;;;;;;;;;;;;;;;;;;;;;;;;;;;;;;;;;;;;;;;;;;;;;;;;;;;;;;;;;;;;;;;;;;;;;;;;;;;;;;;;;;;;;;;;;;;;;;;;;;;;;;;;;;;;;;;;;;;;;;;;;;;;;;;;;;;;;;;;;;;;;;;;;;;;;;;;;;;;;;;;;;;;;;;;;;;;;;;;;;;;;;;;;;;;;;;;;;;;;;;;;;;;;;;;;;;;;;;;;;;;;;;;;;;;;;;;;;;;;;;;;;;;;;;;;;;;;;;;;;;;;;;;;;;;;;;;;;;;;;;;;;;;;;;;;;;;;;;;;;;;;;;;;;;;;;;;;;;;;;;;;;;;;;;;;;;;;;;;;;;;;;;;;;;;;;;;;;;;;;;;;;;;;;;;;;;;;;;;;;;;;;;;0;7.00;8.60;5.20;13.20;14.00;12.80;570;757;448;86;83;1484.80;;;20516131;7.00;;;;51.00;38.00;23.00
1444666200000;2015-10-12T17:10:00.000+0100;;59.00;;;;;;;1.00;-39.90;411.00;410.30;410.60;493.00;497.00;495.00;;;;;;;;;;;;;;;;;;;;;;;;;;;;;;;;;;;;;;;;;;;;;;;;;;;;;;;;;;;;50.00;;;;;;;;;;;;;;;;;;;;;;;;;;;;;;;;;;;;;;37.00;53.00;;10.00;30.00;;;48.00;52.00;48.00;;;;;;;;;;;;;;;;;;;;;;;;;;;;;;;;;;;;62.00;63.00;63.00;;;;;37.00;;;;;;;;;;;;;;;;;;608.100;;;;;;;;;;;;;;;;;;;;;;;;;;;;;;;;;;;;;;;;;;;;;;;;;;;;;;;;;;;;;;;;;;;;;;;;;;;;;;;;;;;;;;;;;;;;;;;;;;;;;;;;;;;;;;;;;;;;;;;;;;;;;;;;;;;;;;;;;;;;;;;;;;;;;;;;;;;;;;;;;;;;;;;;;;;;;;;;;;;;;;;;;;;;;;;;;;;;;;;;;;;;;;;;;;;;;;;;;;;;;;;;;;;;;;;;;;;;;;;;;;;;;;;;;;;;;;;;;;;;;;;;;;;;;;;;;;;;;;;;;;;;;;;;;;;;;;;;;;;;;;;;;;;;;;;;;;;;;;;;;;;;;;;;;;;;;;;;;;;;;;;;;;;;;;;;;;;;;;;;;;;;;;;;;;;;;;;;;;;;;;;;;;;;;;;;;;;;;;;;;;;;;;;;;;;;;;;;;;;;;;;;;;;;;;;;;;;;;;;;;;;;;;;;;;;;;;;;;;0;7.10;9.00;5.50;13.30;14.00;12.90;608;768;494;86;84;1500.00;;;20516233;7.00;;;;52.00;38.00;23.00
1444666800000;2015-10-12T17:20:00.000+0100;;59.00;;;;;;;1.00;0.00;411.90;411.20;411.40;567.00;571.00;569.00;;;;;;;;;;;;;;;;;;;;;;;;;;;;;;;;;;;;;;;;;;;;;;;;;;;;;;;;;;;;50.00;;;;;;;;;;;;;;;;;;;;;;;;;;;;;;;;;;;;;;37.00;54.00;;10.00;30.00;;;48.00;52.00;49.00;;;;;;;;;;;;;;;;;;;;;;;;;;;;;;;;;;;;62.00;63.00;63.00;;;;;37.00;;;;;;;;;;;;;;;;;;702.100;;;;;;;;;;;;;;;;;;;;;;;;;;;;;;;;;;;;;;;;;;;;;;;;;;;;;;;;;;;;;;;;;;;;;;;;;;;;;;;;;;;;;;;;;;;;;;;;;;;;;;;;;;;;;;;;;;;;;;;;;;;;;;;;;;;;;;;;;;;;;;;;;;;;;;;;;;;;;;;;;;;;;;;;;;;;;;;;;;;;;;;;;;;;;;;;;;;;;;;;;;;;;;;;;;;;;;;;;;;;;;;;;;;;;;;;;;;;;;;;;;;;;;;;;;;;;;;;;;;;;;;;;;;;;;;;;;;;;;;;;;;;;;;;;;;;;;;;;;;;;;;;;;;;;;;;;;;;;;;;;;;;;;;;;;;;;;;;;;;;;;;;;;;;;;;;;;;;;;;;;;;;;;;;;;;;;;;;;;;;;;;;;;;;;;;;;;;;;;;;;;;;;;;;;;;;;;;;;;;;;;;;;;;;;;;;;;;;;;;;;;;;;;;;;;;;;;;;;;0;7.40;9.40;5.70;13.60;14.20;13.00;702;878;524;80;78;1540.50;;;20516351;7.00;;;;53.00;38.00;22.00
1444667400000;2015-10-12T17:30:00.000+0100;;59.00;;;;;;;1.00;0.00;410.80;410.20;410.40;527.00;531.00;530.00;;;;;;;;;;;;;;;;;;;;;;;;;;;;;;;;;;;;;;;;;;;;;;;;;;;;;;;;;;;;50.00;;;;;;;;;;;;;;;;;;;;;;;;;;;;;;;;;;;;;;37.00;54.00;;10.00;30.00;;;49.00;53.00;49.00;;;;;;;;;;;;;;;;;;;;;;;;;;;;;;;;;;;;63.00;64.00;64.00;;;;;37.00;;;;;;;;;;;;;;;;;;651.900;;;;;;;;;;;;;;;;;;;;;;;;;;;;;;;;;;;;;;;;;;;;;;;;;;;;;;;;;;;;;;;;;;;;;;;;;;;;;;;;;;;;;;;;;;;;;;;;;;;;;;;;;;;;;;;;;;;;;;;;;;;;;;;;;;;;;;;;;;;;;;;;;;;;;;;;;;;;;;;;;;;;;;;;;;;;;;;;;;;;;;;;;;;;;;;;;;;;;;;;;;;;;;;;;;;;;;;;;;;;;;;;;;;;;;;;;;;;;;;;;;;;;;;;;;;;;;;;;;;;;;;;;;;;;;;;;;;;;;;;;;;;;;;;;;;;;;;;;;;;;;;;;;;;;;;;;;;;;;;;;;;;;;;;;;;;;;;;;;;;;;;;;;;;;;;;;;;;;;;;;;;;;;;;;;;;;;;;;;;;;;;;;;;;;;;;;;;;;;;;;;;;;;;;;;;;;;;;;;;;;;;;;;;;;;;;;;;;;;;;;;;;;;;;;;;;;;;;;;0;7.30;9.00;5.70;13.40;14.00;13.00;652;758;537;79;76;1514.20;;;20516459;7.00;;;;53.00;39.00;22.00
1444668000000;2015-10-12T17:40:00.000+0100;;59.00;;;;;;;1.00;0.00;409.80;409.10;409.40;526.00;530.00;528.00;;;;;;;;;;;;;;;;;;;;;;;;;;;;;;;;;;;;;;;;;;;;;;;;;;;;;;;;;;;;50.00;;;;;;;;;;;;;;;;;;;;;;;;;;;;;;;;;;;;;;37.00;54.00;;10.00;30.00;;;49.00;53.00;50.00;;;;;;;;;;;;;;;;;;;;;;;;;;;;;;;;;;;;63.00;64.00;64.00;;;;;37.00;;;;;;;;;;;;;;;;;;648.500;;;;;;;;;;;;;;;;;;;;;;;;;;;;;;;;;;;;;;;;;;;;;;;;;;;;;;;;;;;;;;;;;;;;;;;;;;;;;;;;;;;;;;;;;;;;;;;;;;;;;;;;;;;;;;;;;;;;;;;;;;;;;;;;;;;;;;;;;;;;;;;;;;;;;;;;;;;;;;;;;;;;;;;;;;;;;;;;;;;;;;;;;;;;;;;;;;;;;;;;;;;;;;;;;;;;;;;;;;;;;;;;;;;;;;;;;;;;;;;;;;;;;;;;;;;;;;;;;;;;;;;;;;;;;;;;;;;;;;;;;;;;;;;;;;;;;;;;;;;;;;;;;;;;;;;;;;;;;;;;;;;;;;;;;;;;;;;;;;;;;;;;;;;;;;;;;;;;;;;;;;;;;;;;;;;;;;;;;;;;;;;;;;;;;;;;;;;;;;;;;;;;;;;;;;;;;;;;;;;;;;;;;;;;;;;;;;;;;;;;;;;;;;;;;;;;;;;;;;0;7.30;8.90;5.90;13.40;13.90;12.90;649;755;545;79;78;1515.60;;;20516567;7.00;;;;54.00;39.00;22.00
1444668600000;2015-10-12T17:50:00.000+0100;;60.00;;;;;;;1.00;0.00;408.60;407.70;408.10;604.00;607.00;605.00;;;;;;;;;;;;;;;;;;;;;;;;;;;;;;;;;;;;;;;;;;;;;;;;;;;;;;;;;;;;50.00;;;;;;;;;;;;;;;;;;;;;;;;;;;;;;;;;;;;;;37.00;54.00;;10.00;30.00;;;49.00;54.00;50.00;;;;;;;;;;;;;;;;;;;;;;;;;;;;;;;;;;;;63.00;64.00;64.00;;;;;37.00;;;;;;;;;;;;;;;;;;741.000;;;;;;;;;;;;;;;;;;;;;;;;;;;;;;;;;;;;;;;;;;;;;;;;;;;;;;;;;;;;;;;;;;;;;;;;;;;;;;;;;;;;;;;;;;;;;;;;;;;;;;;;;;;;;;;;;;;;;;;;;;;;;;;;;;;;;;;;;;;;;;;;;;;;;;;;;;;;;;;;;;;;;;;;;;;;;;;;;;;;;;;;;;;;;;;;;;;;;;;;;;;;;;;;;;;;;;;;;;;;;;;;;;;;;;;;;;;;;;;;;;;;;;;;;;;;;;;;;;;;;;;;;;;;;;;;;;;;;;;;;;;;;;;;;;;;;;;;;;;;;;;;;;;;;;;;;;;;;;;;;;;;;;;;;;;;;;;;;;;;;;;;;;;;;;;;;;;;;;;;;;;;;;;;;;;;;;;;;;;;;;;;;;;;;;;;;;;;;;;;;;;;;;;;;;;;;;;;;;;;;;;;;;;;;;;;;;;;;;;;;;;;;;;;;;;;;;;;;;0;7.60;9.80;5.90;13.80;14.30;13.30;741;852;606;79;75;1562.20;;;20516691;7.00;;;;55.00;40.00;22.00
1444669200000;2015-10-12T18:00:00.000+0100;;60.00;;;;;;;1.00;0.00;407.80;406.90;407.30;643.00;646.00;644.00;;;;;;;;;;;;;;;;;;;;;;;;;;;;;;;;;;;;;;;;;;;;;;;;;;;;;;;;;;;;50.00;;;;;;;;;;;;;;;;;;;;;;;;;;;;;;;;;;;;;;37.00;55.00;;10.00;30.00;;;50.00;54.00;51.00;;;;;;;;;;;;;;;;;;;;;;;;;;;;;;;;;;;;64.00;65.00;65.00;;;;;37.00;;;;;;;;;;;;;;;;;;787.300;;;;;;;;;;;;;;;;;;;;;;;;;;;;;;;;;;;;;;;;;;;;;;;;;;;;;;;;;;;;;;;;;;;;;;;;;;;;;;;;;;;;;;;;;;;;;;;;;;;;;;;;;;;;;;;;;;;;;;;;;;;;;;;;;;;;;;;;;;;;;;;;;;;;;;;;;;;;;;;;;;;;;;;;;;;;;;;;;;;;;;;;;;;;;;;;;;;;;;;;;;;;;;;;;;;;;;;;;;;;;;;;;;;;;;;;;;;;;;;;;;;;;;;;;;;;;;;;;;;;;;;;;;;;;;;;;;;;;;;;;;;;;;;;;;;;;;;;;;;;;;;;;;;;;;;;;;;;;;;;;;;;;;;;;;;;;;;;;;;;;;;;;;;;;;;;;;;;;;;;;;;;;;;;;;;;;;;;;;;;;;;;;;;;;;;;;;;;;;;;;;;;;;;;;;;;;;;;;;;;;;;;;;;;;;;;;;;;;;;;;;;;;;;;;;;;;;;;;;0;7.70;9.50;5.70;14.00;14.30;13.30;787;888;711;79;78;1575.80;;;20516821;7.00;;;;55.00;40.00;22.00
1444669800000;2015-10-12T18:10:00.000+0100;;61.00;;;;;;;1.00;0.00;408.00;407.00;407.40;702.00;704.00;703.00;;;;;;;;;;;;;;;;;;;;;;;;;;;;;;;;;;;;;;;;;;;;;;;;;;;;;;;;;;;;50.00;;;;;;;;;;;;;;;;;;;;;;;;;;;;;;;;;;;;;;37.00;55.00;;10.00;27.00;;;50.00;55.00;51.00;;;;;;;;;;;;;;;;;;;;;;;;;;;;;;;;;;;;64.00;65.00;65.00;;;;;38.00;;;;;;;;;;;;;;;;;;859.300;;;;;;;;;;;;;;;;;;;;;;;;;;;;;;;;;;;;;;;;;;;;;;;;;;;;;;;;;;;;;;;;;;;;;;;;;;;;;;;;;;;;;;;;;;;;;;;;;;;;;;;;;;;;;;;;;;;;;;;;;;;;;;;;;;;;;;;;;;;;;;;;;;;;;;;;;;;;;;;;;;;;;;;;;;;;;;;;;;;;;;;;;;;;;;;;;;;;;;;;;;;;;;;;;;;;;;;;;;;;;;;;;;;;;;;;;;;;;;;;;;;;;;;;;;;;;;;;;;;;;;;;;;;;;;;;;;;;;;;;;;;;;;;;;;;;;;;;;;;;;;;;;;;;;;;;;;;;;;;;;;;;;;;;;;;;;;;;;;;;;;;;;;;;;;;;;;;;;;;;;;;;;;;;;;;;;;;;;;;;;;;;;;;;;;;;;;;;;;;;;;;;;;;;;;;;;;;;;;;;;;;;;;;;;;;;;;;;;;;;;;;;;;;;;;;;;;;;;;0;8.10;9.90;6.30;14.30;14.60;14.00;859;963;735;79;76;1614.30;;;20516963;7.00;;;;55.00;40.00;21.00
1444670400000;2015-10-12T18:20:00.000+0100;;61.00;;;;;;;1.00;0.00;408.10;407.20;407.60;660.00;661.00;661.00;;;;;;;;;;;;;;;;;;;;;;;;;;;;;;;;;;;;;;;;;;;;;;;;;;;;;;;;;;;;50.00;;;;;;;;;;;;;;;;;;;;;;;;;;;;;;;;;;;;;;37.00;55.00;;10.00;25.00;;;50.00;55.00;51.00;;;;;;;;;;;;;;;;;;;;;;;;;;;;;;;;;;;;64.00;64.00;65.00;;;;;37.00;;;;;;;;;;;;;;;;;;807.500;;;;;;;;;;;;;;;;;;;;;;;;;;;;;;;;;;;;;;;;;;;;;;;;;;;;;;;;;;;;;;;;;;;;;;;;;;;;;;;;;;;;;;;;;;;;;;;;;;;;;;;;;;;;;;;;;;;;;;;;;;;;;;;;;;;;;;;;;;;;;;;;;;;;;;;;;;;;;;;;;;;;;;;;;;;;;;;;;;;;;;;;;;;;;;;;;;;;;;;;;;;;;;;;;;;;;;;;;;;;;;;;;;;;;;;;;;;;;;;;;;;;;;;;;;;;;;;;;;;;;;;;;;;;;;;;;;;;;;;;;;;;;;;;;;;;;;;;;;;;;;;;;;;;;;;;;;;;;;;;;;;;;;;;;;;;;;;;;;;;;;;;;;;;;;;;;;;;;;;;;;;;;;;;;;;;;;;;;;;;;;;;;;;;;;;;;;;;;;;;;;;;;;;;;;;;;;;;;;;;;;;;;;;;;;;;;;;;;;;;;;;;;;;;;;;;;;;;;;0;7.80;9.80;6.40;14.10;14.50;13.70;808;933;709;79;76;1591.70;;;20517099;7.00;;;;54.00;39.00;20.00
1444671000000;2015-10-12T18:30:00.000+0100;;61.00;;;;;;;1.00;1.20;408.60;407.70;408.00;718.00;720.00;719.00;;;;;;;;;;;;;;;;;;;;;;;;;;;;;;;;;;;;;;;;;;;;;;;;;;;;;;;;;;;;50.00;;;;;;;;;;;;;;;;;;;;;;;;;;;;;;;;;;;;;;37.00;56.00;;10.00;24.00;;;50.00;55.00;51.00;;;;;;;;;;;;;;;;;;;;;;;;;;;;;;;;;;;;63.00;64.00;64.00;;;;;38.00;;;;;;;;;;;;;;;;;;880.500;;;;;;;;;;;;;;;;;;;;;;;;;;;;;;;;;;;;;;;;;;;;;;;;;;;;;;;;;;;;;;;;;;;;;;;;;;;;;;;;;;;;;;;;;;;;;;;;;;;;;;;;;;;;;;;;;;;;;;;;;;;;;;;;;;;;;;;;;;;;;;;;;;;;;;;;;;;;;;;;;;;;;;;;;;;;;;;;;;;;;;;;;;;;;;;;;;;;;;;;;;;;;;;;;;;;;;;;;;;;;;;;;;;;;;;;;;;;;;;;;;;;;;;;;;;;;;;;;;;;;;;;;;;;;;;;;;;;;;;;;;;;;;;;;;;;;;;;;;;;;;;;;;;;;;;;;;;;;;;;;;;;;;;;;;;;;;;;;;;;;;;;;;;;;;;;;;;;;;;;;;;;;;;;;;;;;;;;;;;;;;;;;;;;;;;;;;;;;;;;;;;;;;;;;;;;;;;;;;;;;;;;;;;;;;;;;;;;;;;;;;;;;;;;;;;;;;;;;;0;8.00;10.30;6.70;14.20;14.60;13.80;880;1035;711;75;73;1608.00;;;20517245;7.00;;;;53.00;39.00;20.00
1444671600000;2015-10-12T18:40:00.000+0100;;61.00;;;;;;;1.00;21.10;410.90;410.00;410.30;815.00;817.00;817.00;;;;;;;;;;;;;;;;;;;;;;;;;;;;;;;;;;;;;;;;;;;;;;;;;;;;;;;;;;;;50.00;;;;;;;;;;;;;;;;;;;;;;;;;;;;;;;;;;;;;;37.00;56.00;;9.00;24.00;;;50.00;55.00;51.00;;;;;;;;;;;;;;;;;;;;;;;;;;;;;;;;;;;;63.00;64.00;64.00;;;;;38.00;;;;;;;;;;;;;;;;;;1004.600;;;;;;;;;;;;;;;;;;;;;;;;;;;;;;;;;;;;;;;;;;;;;;;;;;;;;;;;;;;;;;;;;;;;;;;;;;;;;;;;;;;;;;;;;;;;;;;;;;;;;;;;;;;;;;;;;;;;;;;;;;;;;;;;;;;;;;;;;;;;;;;;;;;;;;;;;;;;;;;;;;;;;;;;;;;;;;;;;;;;;;;;;;;;;;;;;;;;;;;;;;;;;;;;;;;;;;;;;;;;;;;;;;;;;;;;;;;;;;;;;;;;;;;;;;;;;;;;;;;;;;;;;;;;;;;;;;;;;;;;;;;;;;;;;;;;;;;;;;;;;;;;;;;;;;;;;;;;;;;;;;;;;;;;;;;;;;;;;;;;;;;;;;;;;;;;;;;;;;;;;;;;;;;;;;;;;;;;;;;;;;;;;;;;;;;;;;;;;;;;;;;;;;;;;;;;;;;;;;;;;;;;;;;;;;;;;;;;;;;;;;;;;;;;;;;;;;;;;;0;8.30;10.40;6.90;14.40;14.60;14.10;1005;1139;854;72;74;1627.30;;;20517413;7.00;;;;52.00;38.00;20.00
1444672200000;2015-10-12T18:50:00.000+0100;;62.00;;;;;;;1.00;4.10;410.70;409.70;410.10;890.00;892.00;892.00;;;;;;;;;;;;;;;;;;;;;;;;;;;;;;;;;;;;;;;;;;;;;;;;;;;;;;;;;;;;50.00;;;;;;;;;;;;;;;;;;;;;;;;;;;;;;;;;;;;;;37.00;56.00;;9.00;24.00;;;51.00;56.00;52.00;;;;;;;;;;;;;;;;;;;;;;;;;;;;;;;;;;;;64.00;64.00;65.00;;;;;39.00;;;;;;;;;;;;;;;;;;1096.300;;;;;;;;;;;;;;;;;;;;;;;;;;;;;;;;;;;;;;;;;;;;;;;;;;;;;;;;;;;;;;;;;;;;;;;;;;;;;;;;;;;;;;;;;;;;;;;;;;;;;;;;;;;;;;;;;;;;;;;;;;;;;;;;;;;;;;;;;;;;;;;;;;;;;;;;;;;;;;;;;;;;;;;;;;;;;;;;;;;;;;;;;;;;;;;;;;;;;;;;;;;;;;;;;;;;;;;;;;;;;;;;;;;;;;;;;;;;;;;;;;;;;;;;;;;;;;;;;;;;;;;;;;;;;;;;;;;;;;;;;;;;;;;;;;;;;;;;;;;;;;;;;;;;;;;;;;;;;;;;;;;;;;;;;;;;;;;;;;;;;;;;;;;;;;;;;;;;;;;;;;;;;;;;;;;;;;;;;;;;;;;;;;;;;;;;;;;;;;;;;;;;;;;;;;;;;;;;;;;;;;;;;;;;;;;;;;;;;;;;;;;;;;;;;;;;;;;;;;0;8.70;11.00;7.00;14.60;14.90;14.10;1096;1258;909;75;78;1643.30;;;20517595;7.00;;;;51.00;38.00;20.00
1444672800000;2015-10-12T19:00:00.000+0100;;62.00;;;;;;;1.00;26.80;411.70;410.70;411.00;1039.00;1042.00;1042.00;;;;;;;;;;;;;;;;;;;;;;;;;;;;;;;;;;;;;;;;;;;;;;;;;;;;;;;;;;;;50.00;;;;;;;;;;;;;;;;;;;;;;;;;;;;;;;;;;;;;;37.00;56.00;;9.00;24.00;;;52.00;58.00;53.00;;;;;;;;;;;;;;;;;;;;;;;;;;;;;;;;;;;;65.00;66.00;66.00;;;;;40.00;;;;;;;;;;;;;;;;;;1283.100;;;;;;;;;;;;;;;;;;;;;;;;;;;;;;;;;;;;;;;;;;;;;;;;;;;;;;;;;;;;;;;;;;;;;;;;;;;;;;;;;;;;;;;;;;;;;;;;;;;;;;;;;;;;;;;;;;;;;;;;;;;;;;;;;;;;;;;;;;;;;;;;;;;;;;;;;;;;;;;;;;;;;;;;;;;;;;;;;;;;;;;;;;;;;;;;;;;;;;;;;;;;;;;;;;;;;;;;;;;;;;;;;;;;;;;;;;;;;;;;;;;;;;;;;;;;;;;;;;;;;;;;;;;;;;;;;;;;;;;;;;;;;;;;;;;;;;;;;;;;;;;;;;;;;;;;;;;;;;;;;;;;;;;;;;;;;;;;;;;;;;;;;;;;;;;;;;;;;;;;;;;;;;;;;;;;;;;;;;;;;;;;;;;;;;;;;;;;;;;;;;;;;;;;;;;;;;;;;;;;;;;;;;;;;;;;;;;;;;;;;;;;;;;;;;;;;;;;;;0;9.20;11.60;7.10;14.70;14.90;14.50;1283;1412;1108;79;79;1662.80;;;20517809;7.00;;;;51.00;38.00;20.00
1444673400000;2015-10-12T19:10:00.000+0100;;63.00;;;;;;;1.00;-0.10;412.10;411.20;411.40;1034.00;1037.00;1038.00;;;;;;;;;;;;;;;;;;;;;;;;;;;;;;;;;;;;;;;;;;;;;;;;;;;;;;;;;;;;50.00;;;;;;;;;;;;;;;;;;;;;;;;;;;;;;;;;;;;;;36.00;54.00;;9.00;24.00;;;54.00;60.00;55.00;;;;;;;;;;;;;;;;;;;;;;;;;;;;;;;;;;;;66.00;67.00;67.00;;;;;38.00;;;;;;;;;;;;;;;;;;1278.900;;;;;;;;;;;;;;;;;;;;;;;;;;;;;;;;;;;;;;;;;;;;;;;;;;;;;;;;;;;;;;;;;;;;;;;;;;;;;;;;;;;;;;;;;;;;;;;;;;;;;;;;;;;;;;;;;;;;;;;;;;;;;;;;;;;;;;;;;;;;;;;;;;;;;;;;;;;;;;;;;;;;;;;;;;;;;;;;;;;;;;;;;;;;;;;;;;;;;;;;;;;;;;;;;;;;;;;;;;;;;;;;;;;;;;;;;;;;;;;;;;;;;;;;;;;;;;;;;;;;;;;;;;;;;;;;;;;;;;;;;;;;;;;;;;;;;;;;;;;;;;;;;;;;;;;;;;;;;;;;;;;;;;;;;;;;;;;;;;;;;;;;;;;;;;;;;;;;;;;;;;;;;;;;;;;;;;;;;;;;;;;;;;;;;;;;;;;;;;;;;;;;;;;;;;;;;;;;;;;;;;;;;;;;;;;;;;;;;;;;;;;;;;;;;;;;;;;;;;0;9.20;12.10;6.90;14.70;14.90;14.50;1279;1400;1194;79;80;1661.70;;;20518025;7.00;;;;50.00;38.00;19.00
1444674000000;2015-10-12T19:20:00.000+0100;;62.00;;;;;;;1.00;7.10;413.40;412.50;412.70;950.00;952.00;954.00;;;;;;;;;;;;;;;;;;;;;;;;;;;;;;;;;;;;;;;;;;;;;;;;;;;;;;;;;;;;50.00;;;;;;;;;;;;;;;;;;;;;;;;;;;;;;;;;;;;;;35.00;53.00;;9.00;24.00;;;55.00;61.00;56.00;;;;;;;;;;;;;;;;;;;;;;;;;;;;;;;;;;;;66.00;67.00;68.00;;;;;37.00;;;;;;;;;;;;;;;;;;1178.500;;;;;;;;;;;;;;;;;;;;;;;;;;;;;;;;;;;;;;;;;;;;;;;;;;;;;;;;;;;;;;;;;;;;;;;;;;;;;;;;;;;;;;;;;;;;;;;;;;;;;;;;;;;;;;;;;;;;;;;;;;;;;;;;;;;;;;;;;;;;;;;;;;;;;;;;;;;;;;;;;;;;;;;;;;;;;;;;;;;;;;;;;;;;;;;;;;;;;;;;;;;;;;;;;;;;;;;;;;;;;;;;;;;;;;;;;;;;;;;;;;;;;;;;;;;;;;;;;;;;;;;;;;;;;;;;;;;;;;;;;;;;;;;;;;;;;;;;;;;;;;;;;;;;;;;;;;;;;;;;;;;;;;;;;;;;;;;;;;;;;;;;;;;;;;;;;;;;;;;;;;;;;;;;;;;;;;;;;;;;;;;;;;;;;;;;;;;;;;;;;;;;;;;;;;;;;;;;;;;;;;;;;;;;;;;;;;;;;;;;;;;;;;;;;;;;;;;;;;0;8.90;11.60;7.40;14.60;14.80;14.30;1179;1330;1075;79;82;1652.40;;;20518219;6.00;;;;50.00;38.00;19.00
1444674600000;2015-10-12T19:30:00.000+0100;;62.00;;;;;;;1.00;20.00;415.10;414.20;414.40;947.00;949.00;951.00;;;;;;;;;;;;;;;;;;;;;;;;;;;;;;;;;;;;;;;;;;;;;;;;;;;;;;;;;;;;50.00;;;;;;;;;;;;;;;;;;;;;;;;;;;;;;;;;;;;;;35.00;53.00;;9.00;23.00;;;56.00;61.00;57.00;;;;;;;;;;;;;;;;;;;;;;;;;;;;;;;;;;;;67.00;68.00;68.00;;;;;37.00;;;;;;;;;;;;;;;;;;1179.100;;;;;;;;;;;;;;;;;;;;;;;;;;;;;;;;;;;;;;;;;;;;;;;;;;;;;;;;;;;;;;;;;;;;;;;;;;;;;;;;;;;;;;;;;;;;;;;;;;;;;;;;;;;;;;;;;;;;;;;;;;;;;;;;;;;;;;;;;;;;;;;;;;;;;;;;;;;;;;;;;;;;;;;;;;;;;;;;;;;;;;;;;;;;;;;;;;;;;;;;;;;;;;;;;;;;;;;;;;;;;;;;;;;;;;;;;;;;;;;;;;;;;;;;;;;;;;;;;;;;;;;;;;;;;;;;;;;;;;;;;;;;;;;;;;;;;;;;;;;;;;;;;;;;;;;;;;;;;;;;;;;;;;;;;;;;;;;;;;;;;;;;;;;;;;;;;;;;;;;;;;;;;;;;;;;;;;;;;;;;;;;;;;;;;;;;;;;;;;;;;;;;;;;;;;;;;;;;;;;;;;;;;;;;;;;;;;;;;;;;;;;;;;;;;;;;;;;;;;0;8.90;10.80;7.00;14.60;14.80;14.40;1179;1299;1045;79;81;1653.40;;;20518415;6.00;;;;50.00;38.00;19.00
1444675200000;2015-10-12T19:40:00.000+0100;;62.00;;;;;;;1.00;-0.10;414.30;413.40;413.70;961.00;963.00;965.00;;;;;;;;;;;;;;;;;;;;;;;;;;;;;;;;;;;;;;;;;;;;;;;;;;;;;;;;;;;;50.00;;;;;;;;;;;;;;;;;;;;;;;;;;;;;;;;;;;;;;35.00;52.00;;9.00;23.00;;;56.00;62.00;57.00;;;;;;;;;;;;;;;;;;;;;;;;;;;;;;;;;;;;67.00;68.00;68.00;;;;;37.00;;;;;;;;;;;;;;;;;;1194.800;;;;;;;;;;;;;;;;;;;;;;;;;;;;;;;;;;;;;;;;;;;;;;;;;;;;;;;;;;;;;;;;;;;;;;;;;;;;;;;;;;;;;;;;;;;;;;;;;;;;;;;;;;;;;;;;;;;;;;;;;;;;;;;;;;;;;;;;;;;;;;;;;;;;;;;;;;;;;;;;;;;;;;;;;;;;;;;;;;;;;;;;;;;;;;;;;;;;;;;;;;;;;;;;;;;;;;;;;;;;;;;;;;;;;;;;;;;;;;;;;;;;;;;;;;;;;;;;;;;;;;;;;;;;;;;;;;;;;;;;;;;;;;;;;;;;;;;;;;;;;;;;;;;;;;;;;;;;;;;;;;;;;;;;;;;;;;;;;;;;;;;;;;;;;;;;;;;;;;;;;;;;;;;;;;;;;;;;;;;;;;;;;;;;;;;;;;;;;;;;;;;;;;;;;;;;;;;;;;;;;;;;;;;;;;;;;;;;;;;;;;;;;;;;;;;;;;;;;;0;8.80;11.60;7.00;14.60;14.80;14.20;1195;1311;1093;79;81;1648.10;;;20518615;6.00;;;;50.00;38.00;19.00
1444675800000;2015-10-12T19:50:00.000+0100;;61.00;;;;;;;1.00;-0.10;415.50;414.60;414.90;963.00;965.00;966.00;;;;;;;;;;;;;;;;;;;;;;;;;;;;;;;;;;;;;;;;;;;;;;;;;;;;;;;;;;;;50.00;;;;;;;;;;;;;;;;;;;;;;;;;;;;;;;;;;;;;;35.00;52.00;;9.00;23.00;;;57.00;62.00;58.00;;;;;;;;;;;;;;;;;;;;;;;;;;;;;;;;;;;;68.00;68.00;69.00;;;;;37.00;;;;;;;;;;;;;;;;;;1200.500;;;;;;;;;;;;;;;;;;;;;;;;;;;;;;;;;;;;;;;;;;;;;;;;;;;;;;;;;;;;;;;;;;;;;;;;;;;;;;;;;;;;;;;;;;;;;;;;;;;;;;;;;;;;;;;;;;;;;;;;;;;;;;;;;;;;;;;;;;;;;;;;;;;;;;;;;;;;;;;;;;;;;;;;;;;;;;;;;;;;;;;;;;;;;;;;;;;;;;;;;;;;;;;;;;;;;;;;;;;;;;;;;;;;;;;;;;;;;;;;;;;;;;;;;;;;;;;;;;;;;;;;;;;;;;;;;;;;;;;;;;;;;;;;;;;;;;;;;;;;;;;;;;;;;;;;;;;;;;;;;;;;;;;;;;;;;;;;;;;;;;;;;;;;;;;;;;;;;;;;;;;;;;;;;;;;;;;;;;;;;;;;;;;;;;;;;;;;;;;;;;;;;;;;;;;;;;;;;;;;;;;;;;;;;;;;;;;;;;;;;;;;;;;;;;;;;;;;;;0;8.80;11.10;6.70;14.60;14.80;14.20;1200;1299;1061;81;85;1648.40;;;20518817;6.00;;;;50.00;37.00;19.00
1444676400000;2015-10-12T20:00:00.000+0100;;61.00;;;;;;;1.00;-0.10;415.20;414.30;414.60;1053.00;1055.00;1056.00;;;;;;;;;;;;;;;;;;;;;;;;;;;;;;;;;;;;;;;;;;;;;;;;;;;;;;;;;;;;50.10;;;;;;;;;;;;;;;;;;;;;;;;;;;;;;;;;;;;;;35.00;52.00;;9.00;23.00;;;57.00;63.00;58.00;;;;;;;;;;;;;;;;;;;;;;;;;;;;;;;;;;;;68.00;69.00;69.00;;;;;38.00;;;;;;;;;;;;;;;;;;1311.300;;;;;;;;;;;;;;;;;;;;;;;;;;;;;;;;;;;;;;;;;;;;;;;;;;;;;;;;;;;;;;;;;;;;;;;;;;;;;;;;;;;;;;;;;;;;;;;;;;;;;;;;;;;;;;;;;;;;;;;;;;;;;;;;;;;;;;;;;;;;;;;;;;;;;;;;;;;;;;;;;;;;;;;;;;;;;;;;;;;;;;;;;;;;;;;;;;;;;;;;;;;;;;;;;;;;;;;;;;;;;;;;;;;;;;;;;;;;;;;;;;;;;;;;;;;;;;;;;;;;;;;;;;;;;;;;;;;;;;;;;;;;;;;;;;;;;;;;;;;;;;;;;;;;;;;;;;;;;;;;;;;;;;;;;;;;;;;;;;;;;;;;;;;;;;;;;;;;;;;;;;;;;;;;;;;;;;;;;;;;;;;;;;;;;;;;;;;;;;;;;;;;;;;;;;;;;;;;;;;;;;;;;;;;;;;;;;;;;;;;;;;;;;;;;;;;;;;;;;0;9.30;12.20;6.50;14.70;14.90;14.30;1311;1476;1160;85;87;1659.10;;;20519033;6.00;;;;51.00;37.00;19.00
1444677000000;2015-10-12T20:10:00.000+0100;;61.00;;;;;;;1.00;-0.10;415.20;414.20;414.50;1105.00;1108.00;1109.00;;;;;;;;;;;;;;;;;;;;;;;;;;;;;;;;;;;;;;;;;;;;;;;;;;;;;;;;;;;;50.00;;;;;;;;;;;;;;;;;;;;;;;;;;;;;;;;;;;;;;35.00;52.00;;9.00;24.00;;;59.00;64.00;60.00;;;;;;;;;;;;;;;;;;;;;;;;;;;;;;;;;;;;69.00;70.00;70.00;;;;;38.00;;;;;;;;;;;;;;;;;;1377.000;;;;;;;;;;;;;;;;;;;;;;;;;;;;;;;;;;;;;;;;;;;;;;;;;;;;;;;;;;;;;;;;;;;;;;;;;;;;;;;;;;;;;;;;;;;;;;;;;;;;;;;;;;;;;;;;;;;;;;;;;;;;;;;;;;;;;;;;;;;;;;;;;;;;;;;;;;;;;;;;;;;;;;;;;;;;;;;;;;;;;;;;;;;;;;;;;;;;;;;;;;;;;;;;;;;;;;;;;;;;;;;;;;;;;;;;;;;;;;;;;;;;;;;;;;;;;;;;;;;;;;;;;;;;;;;;;;;;;;;;;;;;;;;;;;;;;;;;;;;;;;;;;;;;;;;;;;;;;;;;;;;;;;;;;;;;;;;;;;;;;;;;;;;;;;;;;;;;;;;;;;;;;;;;;;;;;;;;;;;;;;;;;;;;;;;;;;;;;;;;;;;;;;;;;;;;;;;;;;;;;;;;;;;;;;;;;;;;;;;;;;;;;;;;;;;;;;;;;;0;9.40;11.70;7.10;14.70;14.90;14.50;1377;1604;1195;85;88;1660.10;;;20519263;6.00;;;;51.00;37.00;19.00
1444677600000;2015-10-12T20:20:00.000+0100;;61.00;;;;;;;1.00;35.20;416.90;416.10;416.20;1157.00;1159.00;1161.00;;;;;;;;;;;;;;;;;;;;;;;;;;;;;;;;;;;;;;;;;;;;;;;;;;;;;;;;;;;;50.00;;;;;;;;;;;;;;;;;;;;;;;;;;;;;;;;;;;;;;35.00;52.00;;9.00;25.00;;;60.00;66.00;62.00;;;;;;;;;;;;;;;;;;;;;;;;;;;;;;;;;;;;70.00;72.00;71.00;;;;;38.00;;;;;;;;;;;;;;;;;;1446.500;;;;;;;;;;;;;;;;;;;;;;;;;;;;;;;;;;;;;;;;;;;;;;;;;;;;;;;;;;;;;;;;;;;;;;;;;;;;;;;;;;;;;;;;;;;;;;;;;;;;;;;;;;;;;;;;;;;;;;;;;;;;;;;;;;;;;;;;;;;;;;;;;;;;;;;;;;;;;;;;;;;;;;;;;;;;;;;;;;;;;;;;;;;;;;;;;;;;;;;;;;;;;;;;;;;;;;;;;;;;;;;;;;;;;;;;;;;;;;;;;;;;;;;;;;;;;;;;;;;;;;;;;;;;;;;;;;;;;;;;;;;;;;;;;;;;;;;;;;;;;;;;;;;;;;;;;;;;;;;;;;;;;;;;;;;;;;;;;;;;;;;;;;;;;;;;;;;;;;;;;;;;;;;;;;;;;;;;;;;;;;;;;;;;;;;;;;;;;;;;;;;;;;;;;;;;;;;;;;;;;;;;;;;;;;;;;;;;;;;;;;;;;;;;;;;;;;;;;;0;9.60;12.20;7.10;14.70;14.90;14.50;1446;1598;1341;85;88;1661.70;;;20519503;6.00;;;;50.00;38.00;19.00
1444678200000;2015-10-12T20:30:00.000+0100;;61.00;;;;;;;1.00;-0.10;416.50;415.70;415.80;1263.00;1266.00;1268.00;;;;;;;;;;;;;;;;;;;;;;;;;;;;;;;;;;;;;;;;;;;;;;;;;;;;;;;;;;;;50.00;;;;;;;;;;;;;;;;;;;;;;;;;;;;;;;;;;;;;;35.00;52.00;;9.00;25.00;;;62.00;68.00;63.00;;;;;;;;;;;;;;;;;;;;;;;;;;;;;;;;;;;;71.00;73.00;72.00;;;;;39.00;;;;;;;;;;;;;;;;;;1578.800;;;;;;;;;;;;;;;;;;;;;;;;;;;;;;;;;;;;;;;;;;;;;;;;;;;;;;;;;;;;;;;;;;;;;;;;;;;;;;;;;;;;;;;;;;;;;;;;;;;;;;;;;;;;;;;;;;;;;;;;;;;;;;;;;;;;;;;;;;;;;;;;;;;;;;;;;;;;;;;;;;;;;;;;;;;;;;;;;;;;;;;;;;;;;;;;;;;;;;;;;;;;;;;;;;;;;;;;;;;;;;;;;;;;;;;;;;;;;;;;;;;;;;;;;;;;;;;;;;;;;;;;;;;;;;;;;;;;;;;;;;;;;;;;;;;;;;;;;;;;;;;;;;;;;;;;;;;;;;;;;;;;;;;;;;;;;;;;;;;;;;;;;;;;;;;;;;;;;;;;;;;;;;;;;;;;;;;;;;;;;;;;;;;;;;;;;;;;;;;;;;;;;;;;;;;;;;;;;;;;;;;;;;;;;;;;;;;;;;;;;;;;;;;;;;;;;;;;;;0;10.20;13.10;7.60;14.80;14.90;14.40;1579;1755;1341;89;92;1669.50;;;20519767;6.00;;;;49.00;39.00;19.00
1444678800000;2015-10-12T20:40:00.000+0100;;62.00;;;;;;;1.00;-0.20;415.50;414.70;414.80;1293.00;1296.00;1299.00;;;;;;;;;;;;;;;;;;;;;;;;;;;;;;;;;;;;;;;;;;;;;;;;;;;;;;;;;;;;50.00;;;;;;;;;;;;;;;;;;;;;;;;;;;;;;;;;;;;;;35.00;52.00;;8.00;25.00;;;65.00;71.00;66.00;;;;;;;;;;;;;;;;;;;;;;;;;;;;;;;;;;;;72.00;74.00;74.00;;;;;39.00;;;;;;;;;;;;;;;;;;1612.300;;;;;;;;;;;;;;;;;;;;;;;;;;;;;;;;;;;;;;;;;;;;;;;;;;;;;;;;;;;;;;;;;;;;;;;;;;;;;;;;;;;;;;;;;;;;;;;;;;;;;;;;;;;;;;;;;;;;;;;;;;;;;;;;;;;;;;;;;;;;;;;;;;;;;;;;;;;;;;;;;;;;;;;;;;;;;;;;;;;;;;;;;;;;;;;;;;;;;;;;;;;;;;;;;;;;;;;;;;;;;;;;;;;;;;;;;;;;;;;;;;;;;;;;;;;;;;;;;;;;;;;;;;;;;;;;;;;;;;;;;;;;;;;;;;;;;;;;;;;;;;;;;;;;;;;;;;;;;;;;;;;;;;;;;;;;;;;;;;;;;;;;;;;;;;;;;;;;;;;;;;;;;;;;;;;;;;;;;;;;;;;;;;;;;;;;;;;;;;;;;;;;;;;;;;;;;;;;;;;;;;;;;;;;;;;;;;;;;;;;;;;;;;;;;;;;;;;;;;0;10.40;13.50;7.20;14.80;14.90;14.60;1612;1777;1433;92;95;1672.80;;;20520037;6.00;;;;49.00;39.00;20.00
1444679400000;2015-10-12T20:50:00.000+0100;;62.00;;;;;;;1.00;-0.10;415.10;414.30;414.40;1171.00;1173.00;1177.00;;;;;;;;;;;;;;;;;;;;;;;;;;;;;;;;;;;;;;;;;;;;;;;;;;;;;;;;;;;;50.00;;;;;;;;;;;;;;;;;;;;;;;;;;;;;;;;;;;;;;35.00;52.00;;9.00;26.00;;;67.00;73.00;68.00;;;;;;;;;;;;;;;;;;;;;;;;;;;;;;;;;;;;73.00;75.00;74.00;;;;;38.00;;;;;;;;;;;;;;;;;;1458.800;;;;;;;;;;;;;;;;;;;;;;;;;;;;;;;;;;;;;;;;;;;;;;;;;;;;;;;;;;;;;;;;;;;;;;;;;;;;;;;;;;;;;;;;;;;;;;;;;;;;;;;;;;;;;;;;;;;;;;;;;;;;;;;;;;;;;;;;;;;;;;;;;;;;;;;;;;;;;;;;;;;;;;;;;;;;;;;;;;;;;;;;;;;;;;;;;;;;;;;;;;;;;;;;;;;;;;;;;;;;;;;;;;;;;;;;;;;;;;;;;;;;;;;;;;;;;;;;;;;;;;;;;;;;;;;;;;;;;;;;;;;;;;;;;;;;;;;;;;;;;;;;;;;;;;;;;;;;;;;;;;;;;;;;;;;;;;;;;;;;;;;;;;;;;;;;;;;;;;;;;;;;;;;;;;;;;;;;;;;;;;;;;;;;;;;;;;;;;;;;;;;;;;;;;;;;;;;;;;;;;;;;;;;;;;;;;;;;;;;;;;;;;;;;;;;;;;;;;;0;9.90;12.20;7.40;14.80;14.90;14.60;1459;1623;1311;92;91;1671.20;;;20520279;5.00;;;;50.00;39.00;20.00
1444680000000;2015-10-12T21:00:00.000+0100;;62.00;;;;;;;1.00;-0.10;415.70;414.90;415.10;1137.00;1137.00;1142.00;;;;;;;;;;;;;;;;;;;;;;;;;;;;;;;;;;;;;;;;;;;;;;;;;;;;;;;;;;;;50.00;;;;;;;;;;;;;;;;;;;;;;;;;;;;;;;;;;;;;;35.00;52.00;;8.00;25.00;;;68.00;74.00;69.00;;;;;;;;;;;;;;;;;;;;;;;;;;;;;;;;;;;;73.00;75.00;74.00;;;;;38.00;;;;;;;;;;;;;;;;;;1417.700;;;;;;;;;;;;;;;;;;;;;;;;;;;;;;;;;;;;;;;;;;;;;;;;;;;;;;;;;;;;;;;;;;;;;;;;;;;;;;;;;;;;;;;;;;;;;;;;;;;;;;;;;;;;;;;;;;;;;;;;;;;;;;;;;;;;;;;;;;;;;;;;;;;;;;;;;;;;;;;;;;;;;;;;;;;;;;;;;;;;;;;;;;;;;;;;;;;;;;;;;;;;;;;;;;;;;;;;;;;;;;;;;;;;;;;;;;;;;;;;;;;;;;;;;;;;;;;;;;;;;;;;;;;;;;;;;;;;;;;;;;;;;;;;;;;;;;;;;;;;;;;;;;;;;;;;;;;;;;;;;;;;;;;;;;;;;;;;;;;;;;;;;;;;;;;;;;;;;;;;;;;;;;;;;;;;;;;;;;;;;;;;;;;;;;;;;;;;;;;;;;;;;;;;;;;;;;;;;;;;;;;;;;;;;;;;;;;;;;;;;;;;;;;;;;;;;;;;;;0;9.70;12.40;6.60;14.80;14.90;14.50;1418;1593;1273;92;91;1667.60;;;20520515;5.00;;;;50.00;39.00;20.00
1444680600000;2015-10-12T21:10:00.000+0100;;61.00;;;;;;;1.00;-0.10;414.80;414.00;414.20;1061.00;1063.00;1066.00;;;;;;;;;;;;;;;;;;;;;;;;;;;;;;;;;;;;;;;;;;;;;;;;;;;;;;;;;;;;50.00;;;;;;;;;;;;;;;;;;;;;;;;;;;;;;;;;;;;;;34.00;52.00;;8.00;25.00;;;68.00;74.00;69.00;;;;;;;;;;;;;;;;;;;;;;;;;;;;;;;;;;;;72.00;74.00;74.00;;;;;38.00;;;;;;;;;;;;;;;;;;1321.400;;;;;;;;;;;;;;;;;;;;;;;;;;;;;;;;;;;;;;;;;;;;;;;;;;;;;;;;;;;;;;;;;;;;;;;;;;;;;;;;;;;;;;;;;;;;;;;;;;;;;;;;;;;;;;;;;;;;;;;;;;;;;;;;;;;;;;;;;;;;;;;;;;;;;;;;;;;;;;;;;;;;;;;;;;;;;;;;;;;;;;;;;;;;;;;;;;;;;;;;;;;;;;;;;;;;;;;;;;;;;;;;;;;;;;;;;;;;;;;;;;;;;;;;;;;;;;;;;;;;;;;;;;;;;;;;;;;;;;;;;;;;;;;;;;;;;;;;;;;;;;;;;;;;;;;;;;;;;;;;;;;;;;;;;;;;;;;;;;;;;;;;;;;;;;;;;;;;;;;;;;;;;;;;;;;;;;;;;;;;;;;;;;;;;;;;;;;;;;;;;;;;;;;;;;;;;;;;;;;;;;;;;;;;;;;;;;;;;;;;;;;;;;;;;;;;;;;;;;0;9.30;12.30;7.00;14.70;14.90;14.40;1321;1496;1166;92;89;1661.60;;;20520737;5.00;;;;50.00;39.00;20.00
1444681200000;2015-10-12T21:20:00.000+0100;;61.00;;;;;;;1.00;37.50;415.50;414.70;414.80;1230.00;1232.00;1236.00;;;;;;;;;;;;;;;;;;;;;;;;;;;;;;;;;;;;;;;;;;;;;;;;;;;;;;;;;;;;50.00;;;;;;;;;;;;;;;;;;;;;;;;;;;;;;;;;;;;;;34.00;52.00;;8.00;25.00;;;68.00;74.00;69.00;;;;;;;;;;;;;;;;;;;;;;;;;;;;;;;;;;;;73.00;75.00;74.00;;;;;39.00;;;;;;;;;;;;;;;;;;1532.800;;;;;;;;;;;;;;;;;;;;;;;;;;;;;;;;;;;;;;;;;;;;;;;;;;;;;;;;;;;;;;;;;;;;;;;;;;;;;;;;;;;;;;;;;;;;;;;;;;;;;;;;;;;;;;;;;;;;;;;;;;;;;;;;;;;;;;;;;;;;;;;;;;;;;;;;;;;;;;;;;;;;;;;;;;;;;;;;;;;;;;;;;;;;;;;;;;;;;;;;;;;;;;;;;;;;;;;;;;;;;;;;;;;;;;;;;;;;;;;;;;;;;;;;;;;;;;;;;;;;;;;;;;;;;;;;;;;;;;;;;;;;;;;;;;;;;;;;;;;;;;;;;;;;;;;;;;;;;;;;;;;;;;;;;;;;;;;;;;;;;;;;;;;;;;;;;;;;;;;;;;;;;;;;;;;;;;;;;;;;;;;;;;;;;;;;;;;;;;;;;;;;;;;;;;;;;;;;;;;;;;;;;;;;;;;;;;;;;;;;;;;;;;;;;;;;;;;;;;0;10.20;12.50;8.00;14.80;15.00;14.60;1533;1674;1341;92;93;1670.30;;;20520991;5.00;;;;50.00;39.00;20.00
1444681800000;2015-10-12T21:30:00.000+0100;;61.00;;;;;;;1.00;28.20;415.80;414.90;415.00;1251.00;1254.00;1257.00;;;;;;;;;;;;;;;;;;;;;;;;;;;;;;;;;;;;;;;;;;;;;;;;;;;;;;;;;;;;50.00;;;;;;;;;;;;;;;;;;;;;;;;;;;;;;;;;;;;;;35.00;52.00;;8.00;25.00;;;69.00;76.00;71.00;;;;;;;;;;;;;;;;;;;;;;;;;;;;;;;;;;;;73.00;75.00;75.00;;;;;39.00;;;;;;;;;;;;;;;;;;1561.000;;;;;;;;;;;;;;;;;;;;;;;;;;;;;;;;;;;;;;;;;;;;;;;;;;;;;;;;;;;;;;;;;;;;;;;;;;;;;;;;;;;;;;;;;;;;;;;;;;;;;;;;;;;;;;;;;;;;;;;;;;;;;;;;;;;;;;;;;;;;;;;;;;;;;;;;;;;;;;;;;;;;;;;;;;;;;;;;;;;;;;;;;;;;;;;;;;;;;;;;;;;;;;;;;;;;;;;;;;;;;;;;;;;;;;;;;;;;;;;;;;;;;;;;;;;;;;;;;;;;;;;;;;;;;;;;;;;;;;;;;;;;;;;;;;;;;;;;;;;;;;;;;;;;;;;;;;;;;;;;;;;;;;;;;;;;;;;;;;;;;;;;;;;;;;;;;;;;;;;;;;;;;;;;;;;;;;;;;;;;;;;;;;;;;;;;;;;;;;;;;;;;;;;;;;;;;;;;;;;;;;;;;;;;;;;;;;;;;;;;;;;;;;;;;;;;;;;;;;0;10.20;13.00;8.00;14.80;15.00;14.60;1561;1691;1429;92;96;1669.80;;;20521251;5.00;;;;50.00;39.00;20.00
1444682400000;2015-10-12T21:40:00.000+0100;;62.00;;;;;;;1.00;53.00;417.10;416.20;416.30;1303.00;1305.00;1309.00;;;;;;;;;;;;;;;;;;;;;;;;;;;;;;;;;;;;;;;;;;;;;;;;;;;;;;;;;;;;50.00;;;;;;;;;;;;;;;;;;;;;;;;;;;;;;;;;;;;;;35.00;52.00;;8.00;25.00;;;71.00;77.00;72.00;;;;;;;;;;;;;;;;;;;;;;;;;;;;;;;;;;;;74.00;76.00;76.00;;;;;39.00;;;;;;;;;;;;;;;;;;1629.100;;;;;;;;;;;;;;;;;;;;;;;;;;;;;;;;;;;;;;;;;;;;;;;;;;;;;;;;;;;;;;;;;;;;;;;;;;;;;;;;;;;;;;;;;;;;;;;;;;;;;;;;;;;;;;;;;;;;;;;;;;;;;;;;;;;;;;;;;;;;;;;;;;;;;;;;;;;;;;;;;;;;;;;;;;;;;;;;;;;;;;;;;;;;;;;;;;;;;;;;;;;;;;;;;;;;;;;;;;;;;;;;;;;;;;;;;;;;;;;;;;;;;;;;;;;;;;;;;;;;;;;;;;;;;;;;;;;;;;;;;;;;;;;;;;;;;;;;;;;;;;;;;;;;;;;;;;;;;;;;;;;;;;;;;;;;;;;;;;;;;;;;;;;;;;;;;;;;;;;;;;;;;;;;;;;;;;;;;;;;;;;;;;;;;;;;;;;;;;;;;;;;;;;;;;;;;;;;;;;;;;;;;;;;;;;;;;;;;;;;;;;;;;;;;;;;;;;;;;0;10.30;13.40;8.20;14.80;14.90;14.60;1629;1843;1403;92;94;1670.30;;;20521523;5.00;;;;50.00;39.00;20.00
1444683000000;2015-10-12T21:50:00.000+0100;;62.00;;;;;;;1.00;102.60;419.60;418.70;418.80;1466.00;1468.00;1471.00;;;;;;;;;;;;;;;;;;;;;;;;;;;;;;;;;;;;;;;;;;;;;;;;;;;;;;;;;;;;50.00;;;;;;;;;;;;;;;;;;;;;;;;;;;;;;;;;;;;;;35.00;53.00;;8.00;26.00;;;73.00;80.00;74.00;;;;;;;;;;;;;;;;;;;;;;;;;;;;;;;;;;;;76.00;78.00;77.00;;;;;40.00;;;;;;;;;;;;;;;;;;1838.200;;;;;;;;;;;;;;;;;;;;;;;;;;;;;;;;;;;;;;;;;;;;;;;;;;;;;;;;;;;;;;;;;;;;;;;;;;;;;;;;;;;;;;;;;;;;;;;;;;;;;;;;;;;;;;;;;;;;;;;;;;;;;;;;;;;;;;;;;;;;;;;;;;;;;;;;;;;;;;;;;;;;;;;;;;;;;;;;;;;;;;;;;;;;;;;;;;;;;;;;;;;;;;;;;;;;;;;;;;;;;;;;;;;;;;;;;;;;;;;;;;;;;;;;;;;;;;;;;;;;;;;;;;;;;;;;;;;;;;;;;;;;;;;;;;;;;;;;;;;;;;;;;;;;;;;;;;;;;;;;;;;;;;;;;;;;;;;;;;;;;;;;;;;;;;;;;;;;;;;;;;;;;;;;;;;;;;;;;;;;;;;;;;;;;;;;;;;;;;;;;;;;;;;;;;;;;;;;;;;;;;;;;;;;;;;;;;;;;;;;;;;;;;;;;;;;;;;;;;0;11.00;14.50;7.40;14.80;15.10;14.50;1841;2080;1426;94;97;1669.00;;;20521829;5.00;;;;50.00;39.00;20.00
1444683600000;2015-10-12T22:00:00.000+0100;;62.00;;;;;;;1.00;158.00;421.20;420.20;420.30;1471.00;1474.00;1477.00;;;;;;;;;;;;;;;;;;;;;;;;;;;;;;;;;;;;;;;;;;;;;;;;;;;;;;;;;;;;50.00;;;;;;;;;;;;;;;;;;;;;;;;;;;;;;;;;;;;;;35.00;53.00;;8.00;27.00;;;77.00;84.00;78.00;;;;;;;;;;;;;;;;;;;;;;;;;;;;;;;;;;;;79.00;81.00;80.00;;;;;40.00;;;;;;;;;;;;;;;;;;1850.900;;;;;;;;;;;;;;;;;;;;;;;;;;;;;;;;;;;;;;;;;;;;;;;;;;;;;;;;;;;;;;;;;;;;;;;;;;;;;;;;;;;;;;;;;;;;;;;;;;;;;;;;;;;;;;;;;;;;;;;;;;;;;;;;;;;;;;;;;;;;;;;;;;;;;;;;;;;;;;;;;;;;;;;;;;;;;;;;;;;;;;;;;;;;;;;;;;;;;;;;;;;;;;;;;;;;;;;;;;;;;;;;;;;;;;;;;;;;;;;;;;;;;;;;;;;;;;;;;;;;;;;;;;;;;;;;;;;;;;;;;;;;;;;;;;;;;;;;;;;;;;;;;;;;;;;;;;;;;;;;;;;;;;;;;;;;;;;;;;;;;;;;;;;;;;;;;;;;;;;;;;;;;;;;;;;;;;;;;;;;;;;;;;;;;;;;;;;;;;;;;;;;;;;;;;;;;;;;;;;;;;;;;;;;;;;;;;;;;;;;;;;;;;;;;;;;;;;;;;0;11.30;14.10;8.90;14.80;15.00;14.60;1852;2046;1696;100;99;1674.40;;;20522139;5.00;;;;51.00;40.00;21.00
1444684200000;2015-10-12T22:10:00.000+0100;;62.00;;;;;;;1.00;131.00;419.90;419.10;419.30;1215.00;1216.00;1221.00;;;;;;;;;;;;;;;;;;;;;;;;;;;;;;;;;;;;;;;;;;;;;;;;;;;;;;;;;;;;50.00;;;;;;;;;;;;;;;;;;;;;;;;;;;;;;;;;;;;;;35.00;53.00;;8.00;26.00;;;78.00;85.00;80.00;;;;;;;;;;;;;;;;;;;;;;;;;;;;;;;;;;;;79.00;82.00;81.00;;;;;36.00;;;;;;;;;;;;;;;;;;1525.700;;;;;;;;;;;;;;;;;;;;;;;;;;;;;;;;;;;;;;;;;;;;;;;;;;;;;;;;;;;;;;;;;;;;;;;;;;;;;;;;;;;;;;;;;;;;;;;;;;;;;;;;;;;;;;;;;;;;;;;;;;;;;;;;;;;;;;;;;;;;;;;;;;;;;;;;;;;;;;;;;;;;;;;;;;;;;;;;;;;;;;;;;;;;;;;;;;;;;;;;;;;;;;;;;;;;;;;;;;;;;;;;;;;;;;;;;;;;;;;;;;;;;;;;;;;;;;;;;;;;;;;;;;;;;;;;;;;;;;;;;;;;;;;;;;;;;;;;;;;;;;;;;;;;;;;;;;;;;;;;;;;;;;;;;;;;;;;;;;;;;;;;;;;;;;;;;;;;;;;;;;;;;;;;;;;;;;;;;;;;;;;;;;;;;;;;;;;;;;;;;;;;;;;;;;;;;;;;;;;;;;;;;;;;;;;;;;;;;;;;;;;;;;;;;;;;;;;;;;0;10.70;13.80;7.60;13.60;14.80;13.30;1526;1825;1235;100;96;1535.90;;;20522393;5.00;;;;52.00;40.00;21.00
1444684800000;2015-10-12T22:20:00.000+0100;;61.00;;;;;;;1.00;115.90;419.30;418.70;418.80;1071.00;1072.00;1076.00;;;;;;;;;;;;;;;;;;;;;;;;;;;;;;;;;;;;;;;;;;;;;;;;;;;;;;;;;;;;50.00;;;;;;;;;;;;;;;;;;;;;;;;;;;;;;;;;;;;;;34.00;52.00;;8.00;26.00;;;77.00;84.00;78.00;;;;;;;;;;;;;;;;;;;;;;;;;;;;;;;;;;;;78.00;81.00;80.00;;;;;35.00;;;;;;;;;;;;;;;;;;1343.400;;;;;;;;;;;;;;;;;;;;;;;;;;;;;;;;;;;;;;;;;;;;;;;;;;;;;;;;;;;;;;;;;;;;;;;;;;;;;;;;;;;;;;;;;;;;;;;;;;;;;;;;;;;;;;;;;;;;;;;;;;;;;;;;;;;;;;;;;;;;;;;;;;;;;;;;;;;;;;;;;;;;;;;;;;;;;;;;;;;;;;;;;;;;;;;;;;;;;;;;;;;;;;;;;;;;;;;;;;;;;;;;;;;;;;;;;;;;;;;;;;;;;;;;;;;;;;;;;;;;;;;;;;;;;;;;;;;;;;;;;;;;;;;;;;;;;;;;;;;;;;;;;;;;;;;;;;;;;;;;;;;;;;;;;;;;;;;;;;;;;;;;;;;;;;;;;;;;;;;;;;;;;;;;;;;;;;;;;;;;;;;;;;;;;;;;;;;;;;;;;;;;;;;;;;;;;;;;;;;;;;;;;;;;;;;;;;;;;;;;;;;;;;;;;;;;;;;;;;0;9.90;12.40;7.30;13.50;13.70;13.30;1343;1487;1152;93;91;1524.90;;;20522617;5.00;;;;53.00;40.00;20.00
1444685400000;2015-10-12T22:30:00.000+0100;;60.00;;;;;;;1.00;117.60;419.70;419.10;419.20;1079.00;1080.00;1084.00;;;;;;;;;;;;;;;;;;;;;;;;;;;;;;;;;;;;;;;;;;;;;;;;;;;;;;;;;;;;50.00;;;;;;;;;;;;;;;;;;;;;;;;;;;;;;;;;;;;;;34.00;52.00;;8.00;25.00;;;75.00;82.00;76.00;;;;;;;;;;;;;;;;;;;;;;;;;;;;;;;;;;;;78.00;80.00;79.00;;;;;36.00;;;;;;;;;;;;;;;;;;1354.600;;;;;;;;;;;;;;;;;;;;;;;;;;;;;;;;;;;;;;;;;;;;;;;;;;;;;;;;;;;;;;;;;;;;;;;;;;;;;;;;;;;;;;;;;;;;;;;;;;;;;;;;;;;;;;;;;;;;;;;;;;;;;;;;;;;;;;;;;;;;;;;;;;;;;;;;;;;;;;;;;;;;;;;;;;;;;;;;;;;;;;;;;;;;;;;;;;;;;;;;;;;;;;;;;;;;;;;;;;;;;;;;;;;;;;;;;;;;;;;;;;;;;;;;;;;;;;;;;;;;;;;;;;;;;;;;;;;;;;;;;;;;;;;;;;;;;;;;;;;;;;;;;;;;;;;;;;;;;;;;;;;;;;;;;;;;;;;;;;;;;;;;;;;;;;;;;;;;;;;;;;;;;;;;;;;;;;;;;;;;;;;;;;;;;;;;;;;;;;;;;;;;;;;;;;;;;;;;;;;;;;;;;;;;;;;;;;;;;;;;;;;;;;;;;;;;;;;;;;0;9.90;13.50;7.50;13.50;13.80;13.20;1355;1670;1091;93;91;1521.10;;;20522843;4.00;;;;53.00;40.00;20.00
1444686000000;2015-10-12T22:40:00.000+0100;;60.00;;;;;;;1.00;114.90;418.10;417.50;417.60;1068.00;1069.00;1073.00;;;;;;;;;;;;;;;;;;;;;;;;;;;;;;;;;;;;;;;;;;;;;;;;;;;;;;;;;;;;50.00;;;;;;;;;;;;;;;;;;;;;;;;;;;;;;;;;;;;;;35.00;52.00;;8.00;25.00;;;74.00;81.00;75.00;;;;;;;;;;;;;;;;;;;;;;;;;;;;;;;;;;;;77.00;79.00;78.00;;;;;37.00;;;;;;;;;;;;;;;;;;1336.400;;;;;;;;;;;;;;;;;;;;;;;;;;;;;;;;;;;;;;;;;;;;;;;;;;;;;;;;;;;;;;;;;;;;;;;;;;;;;;;;;;;;;;;;;;;;;;;;;;;;;;;;;;;;;;;;;;;;;;;;;;;;;;;;;;;;;;;;;;;;;;;;;;;;;;;;;;;;;;;;;;;;;;;;;;;;;;;;;;;;;;;;;;;;;;;;;;;;;;;;;;;;;;;;;;;;;;;;;;;;;;;;;;;;;;;;;;;;;;;;;;;;;;;;;;;;;;;;;;;;;;;;;;;;;;;;;;;;;;;;;;;;;;;;;;;;;;;;;;;;;;;;;;;;;;;;;;;;;;;;;;;;;;;;;;;;;;;;;;;;;;;;;;;;;;;;;;;;;;;;;;;;;;;;;;;;;;;;;;;;;;;;;;;;;;;;;;;;;;;;;;;;;;;;;;;;;;;;;;;;;;;;;;;;;;;;;;;;;;;;;;;;;;;;;;;;;;;;;;0;9.70;13.30;6.40;13.40;13.70;12.80;1336;1577;989;93;94;1516.90;;;20523067;4.00;;;;53.00;39.00;20.00
1444686600000;2015-10-12T22:50:00.000+0100;;60.00;;;;;;;1.00;95.70;412.40;412.10;412.10;901.00;900.00;905.00;;;;;;;;;;;;;;;;;;;;;;;;;;;;;;;;;;;;;;;;;;;;;;;;;;;;;;;;;;;;50.00;;;;;;;;;;;;;;;;;;;;;;;;;;;;;;;;;;;;;;35.00;51.00;;8.00;25.00;;;72.00;79.00;74.00;;;;;;;;;;;;;;;;;;;;;;;;;;;;;;;;;;;;75.00;77.00;77.00;;;;;36.00;;;;;;;;;;;;;;;;;;1111.200;;;;;;;;;;;;;;;;;;;;;;;;;;;;;;;;;;;;;;;;;;;;;;;;;;;;;;;;;;;;;;;;;;;;;;;;;;;;;;;;;;;;;;;;;;;;;;;;;;;;;;;;;;;;;;;;;;;;;;;;;;;;;;;;;;;;;;;;;;;;;;;;;;;;;;;;;;;;;;;;;;;;;;;;;;;;;;;;;;;;;;;;;;;;;;;;;;;;;;;;;;;;;;;;;;;;;;;;;;;;;;;;;;;;;;;;;;;;;;;;;;;;;;;;;;;;;;;;;;;;;;;;;;;;;;;;;;;;;;;;;;;;;;;;;;;;;;;;;;;;;;;;;;;;;;;;;;;;;;;;;;;;;;;;;;;;;;;;;;;;;;;;;;;;;;;;;;;;;;;;;;;;;;;;;;;;;;;;;;;;;;;;;;;;;;;;;;;;;;;;;;;;;;;;;;;;;;;;;;;;;;;;;;;;;;;;;;;;;;;;;;;;;;;;;;;;;;;;;;0;8.80;11.30;6.00;13.20;13.60;12.80;1112;1391;861;93;93;1489.00;;;20523251;4.00;;;;52.00;39.00;19.00
1444687200000;2015-10-12T23:00:00.000+0100;;60.00;;;;;;;1.00;97.40;412.70;412.30;412.40;918.00;918.00;922.00;;;;;;;;;;;;;;;;;;;;;;;;;;;;;;;;;;;;;;;;;;;;;;;;;;;;;;;;;;;;50.00;;;;;;;;;;;;;;;;;;;;;;;;;;;;;;;;;;;;;;35.00;51.00;;8.00;24.00;;;70.00;77.00;72.00;;;;;;;;;;;;;;;;;;;;;;;;;;;;;;;;;;;;73.00;76.00;75.00;;;;;37.00;;;;;;;;;;;;;;;;;;1133.300;;;;;;;;;;;;;;;;;;;;;;;;;;;;;;;;;;;;;;;;;;;;;;;;;;;;;;;;;;;;;;;;;;;;;;;;;;;;;;;;;;;;;;;;;;;;;;;;;;;;;;;;;;;;;;;;;;;;;;;;;;;;;;;;;;;;;;;;;;;;;;;;;;;;;;;;;;;;;;;;;;;;;;;;;;;;;;;;;;;;;;;;;;;;;;;;;;;;;;;;;;;;;;;;;;;;;;;;;;;;;;;;;;;;;;;;;;;;;;;;;;;;;;;;;;;;;;;;;;;;;;;;;;;;;;;;;;;;;;;;;;;;;;;;;;;;;;;;;;;;;;;;;;;;;;;;;;;;;;;;;;;;;;;;;;;;;;;;;;;;;;;;;;;;;;;;;;;;;;;;;;;;;;;;;;;;;;;;;;;;;;;;;;;;;;;;;;;;;;;;;;;;;;;;;;;;;;;;;;;;;;;;;;;;;;;;;;;;;;;;;;;;;;;;;;;;;;;;;;0;8.90;11.70;6.20;13.20;13.60;12.80;1133;1398;837;93;91;1495.70;;;20523439;4.00;;;;51.00;38.00;19.00
1444687800000;2015-10-12T23:10:00.000+0100;;60.00;;;;;;;1.00;96.10;413.20;412.70;412.80;896.00;896.00;900.00;;;;;;;;;;;;;;;;;;;;;;;;;;;;;;;;;;;;;;;;;;;;;;;;;;;;;;;;;;;;49.90;;;;;;;;;;;;;;;;;;;;;;;;;;;;;;;;;;;;;;36.00;51.00;;8.00;24.00;;;69.00;75.00;70.00;;;;;;;;;;;;;;;;;;;;;;;;;;;;;;;;;;;;72.00;74.00;73.00;;;;;37.00;;;;;;;;;;;;;;;;;;1107.500;;;;;;;;;;;;;;;;;;;;;;;;;;;;;;;;;;;;;;;;;;;;;;;;;;;;;;;;;;;;;;;;;;;;;;;;;;;;;;;;;;;;;;;;;;;;;;;;;;;;;;;;;;;;;;;;;;;;;;;;;;;;;;;;;;;;;;;;;;;;;;;;;;;;;;;;;;;;;;;;;;;;;;;;;;;;;;;;;;;;;;;;;;;;;;;;;;;;;;;;;;;;;;;;;;;;;;;;;;;;;;;;;;;;;;;;;;;;;;;;;;;;;;;;;;;;;;;;;;;;;;;;;;;;;;;;;;;;;;;;;;;;;;;;;;;;;;;;;;;;;;;;;;;;;;;;;;;;;;;;;;;;;;;;;;;;;;;;;;;;;;;;;;;;;;;;;;;;;;;;;;;;;;;;;;;;;;;;;;;;;;;;;;;;;;;;;;;;;;;;;;;;;;;;;;;;;;;;;;;;;;;;;;;;;;;;;;;;;;;;;;;;;;;;;;;;;;;;;;0;8.70;11.30;6.40;13.20;13.60;12.80;1108;1332;870;93;93;1491.70;;;20523623;4.00;;;;49.00;38.00;19.00
1444688400000;2015-10-12T23:20:00.000+0100;;59.00;;;;;;;1.00;65.80;411.90;411.60;411.60;767.00;766.00;770.00;;;;;;;;;;;;;;;;;;;;;;;;;;;;;;;;;;;;;;;;;;;;;;;;;;;;;;;;;;;;49.90;;;;;;;;;;;;;;;;;;;;;;;;;;;;;;;;;;;;;;36.00;51.00;;8.00;24.00;;;67.00;73.00;68.00;;;;;;;;;;;;;;;;;;;;;;;;;;;;;;;;;;;;70.00;72.00;71.00;;;;;37.00;;;;;;;;;;;;;;;;;;945.900;;;;;;;;;;;;;;;;;;;;;;;;;;;;;;;;;;;;;;;;;;;;;;;;;;;;;;;;;;;;;;;;;;;;;;;;;;;;;;;;;;;;;;;;;;;;;;;;;;;;;;;;;;;;;;;;;;;;;;;;;;;;;;;;;;;;;;;;;;;;;;;;;;;;;;;;;;;;;;;;;;;;;;;;;;;;;;;;;;;;;;;;;;;;;;;;;;;;;;;;;;;;;;;;;;;;;;;;;;;;;;;;;;;;;;;;;;;;;;;;;;;;;;;;;;;;;;;;;;;;;;;;;;;;;;;;;;;;;;;;;;;;;;;;;;;;;;;;;;;;;;;;;;;;;;;;;;;;;;;;;;;;;;;;;;;;;;;;;;;;;;;;;;;;;;;;;;;;;;;;;;;;;;;;;;;;;;;;;;;;;;;;;;;;;;;;;;;;;;;;;;;;;;;;;;;;;;;;;;;;;;;;;;;;;;;;;;;;;;;;;;;;;;;;;;;;;;;;;;0;8.20;11.20;5.90;13.10;13.50;12.80;946;1227;635;93;92;1476.80;;;20523781;4.00;;;;48.00;37.00;19.00
1444689000000;2015-10-12T23:30:00.000+0100;;59.00;;;;;;;1.00;0.00;410.80;410.50;410.60;759.00;758.00;763.00;;;;;;;;;;;;;;;;;;;;;;;;;;;;;;;;;;;;;;;;;;;;;;;;;;;;;;;;;;;;50.00;;;;;;;;;;;;;;;;;;;;;;;;;;;;;;;;;;;;;;36.00;51.00;;8.00;23.00;;;65.00;71.00;66.00;;;;;;;;;;;;;;;;;;;;;;;;;;;;;;;;;;;;69.00;70.00;70.00;;;;;37.00;;;;;;;;;;;;;;;;;;936.100;;;;;;;;;;;;;;;;;;;;;;;;;;;;;;;;;;;;;;;;;;;;;;;;;;;;;;;;;;;;;;;;;;;;;;;;;;;;;;;;;;;;;;;;;;;;;;;;;;;;;;;;;;;;;;;;;;;;;;;;;;;;;;;;;;;;;;;;;;;;;;;;;;;;;;;;;;;;;;;;;;;;;;;;;;;;;;;;;;;;;;;;;;;;;;;;;;;;;;;;;;;;;;;;;;;;;;;;;;;;;;;;;;;;;;;;;;;;;;;;;;;;;;;;;;;;;;;;;;;;;;;;;;;;;;;;;;;;;;;;;;;;;;;;;;;;;;;;;;;;;;;;;;;;;;;;;;;;;;;;;;;;;;;;;;;;;;;;;;;;;;;;;;;;;;;;;;;;;;;;;;;;;;;;;;;;;;;;;;;;;;;;;;;;;;;;;;;;;;;;;;;;;;;;;;;;;;;;;;;;;;;;;;;;;;;;;;;;;;;;;;;;;;;;;;;;;;;;;;0;8.10;10.80;5.30;13.00;13.30;12.80;936;1175;746;93;91;1469.10;;;20523939;4.00;;;;47.00;37.00;18.00
1444689600000;2015-10-12T23:40:00.000+0100;;59.00;;;;;;;1.00;0.00;410.60;410.40;410.40;738.00;738.00;742.00;;;;;;;;;;;;;;;;;;;;;;;;;;;;;;;;;;;;;;;;;;;;;;;;;;;;;;;;;;;;50.00;;;;;;;;;;;;;;;;;;;;;;;;;;;;;;;;;;;;;;36.00;50.00;;7.00;22.00;;;63.00;69.00;64.00;;;;;;;;;;;;;;;;;;;;;;;;;;;;;;;;;;;;67.00;69.00;68.00;;;;;37.00;;;;;;;;;;;;;;;;;;910.100;;;;;;;;;;;;;;;;;;;;;;;;;;;;;;;;;;;;;;;;;;;;;;;;;;;;;;;;;;;;;;;;;;;;;;;;;;;;;;;;;;;;;;;;;;;;;;;;;;;;;;;;;;;;;;;;;;;;;;;;;;;;;;;;;;;;;;;;;;;;;;;;;;;;;;;;;;;;;;;;;;;;;;;;;;;;;;;;;;;;;;;;;;;;;;;;;;;;;;;;;;;;;;;;;;;;;;;;;;;;;;;;;;;;;;;;;;;;;;;;;;;;;;;;;;;;;;;;;;;;;;;;;;;;;;;;;;;;;;;;;;;;;;;;;;;;;;;;;;;;;;;;;;;;;;;;;;;;;;;;;;;;;;;;;;;;;;;;;;;;;;;;;;;;;;;;;;;;;;;;;;;;;;;;;;;;;;;;;;;;;;;;;;;;;;;;;;;;;;;;;;;;;;;;;;;;;;;;;;;;;;;;;;;;;;;;;;;;;;;;;;;;;;;;;;;;;;;;;;0;8.10;10.40;5.80;13.00;13.40;12.80;910;1050;765;93;91;1470.60;;;20524089;4.00;;;;45.00;36.00;18.00
1444690200000;2015-10-12T23:50:00.000+0100;;59.00;;;;;;;1.00;0.00;410.60;410.20;410.20;757.00;758.00;761.00;;;;;;;;;;;;;;;;;;;;;;;;;;;;;;;;;;;;;;;;;;;;;;;;;;;;;;;;;;;;50.00;;;;;;;;;;;;;;;;;;;;;;;;;;;;;;;;;;;;;;36.00;50.00;;7.00;22.00;;;62.00;67.00;63.00;;;;;;;;;;;;;;;;;;;;;;;;;;;;;;;;;;;;66.00;67.00;66.00;;;;;37.00;;;;;;;;;;;;;;;;;;933.700;;;;;;;;;;;;;;;;;;;;;;;;;;;;;;;;;;;;;;;;;;;;;;;;;;;;;;;;;;;;;;;;;;;;;;;;;;;;;;;;;;;;;;;;;;;;;;;;;;;;;;;;;;;;;;;;;;;;;;;;;;;;;;;;;;;;;;;;;;;;;;;;;;;;;;;;;;;;;;;;;;;;;;;;;;;;;;;;;;;;;;;;;;;;;;;;;;;;;;;;;;;;;;;;;;;;;;;;;;;;;;;;;;;;;;;;;;;;;;;;;;;;;;;;;;;;;;;;;;;;;;;;;;;;;;;;;;;;;;;;;;;;;;;;;;;;;;;;;;;;;;;;;;;;;;;;;;;;;;;;;;;;;;;;;;;;;;;;;;;;;;;;;;;;;;;;;;;;;;;;;;;;;;;;;;;;;;;;;;;;;;;;;;;;;;;;;;;;;;;;;;;;;;;;;;;;;;;;;;;;;;;;;;;;;;;;;;;;;;;;;;;;;;;;;;;;;;;;;;0;8.20;11.10;6.20;13.10;13.40;12.80;934;1129;766;93;90;1477.80;;;20524245;4.00;;;;44.00;35.00;18.00
